mexp = 19937, maxdegree = 19968
filename:resD11.19937.magi08.061103.01.txt
POS1 = 61
SL1 = 35
SL2 = 1
SR1 = 2
SR2 = 16
MSK1 = fffefdffffd777fe
MSK2 = ffdfff7fff5bfef7
deg poly = 19937
10010011001111110100110000101000
01110100111001001011100000111101
00010011111100010110111101010011
00110100111101100111011010010101
00010100010101111101111000010101
00010110101110010110000110001111
01010000111000001001110101101101
11011111001111111001101110101010
00000101001010001000111001000011
01001000110110010010100000101010
10001011100010010111111101010011
00111010111000101111100000001010
00010011111101010010110000011101
10001010111110100010100011111111
10110000110000101101100101011000
11001110110011011001111110111110
01001000100001111001101000110000
11100110011001011001111001101110
11111110010000110001000011100011
00011100110000110010010001000100
00000100101011000011110101001111
10001101100101000000001101011101
10110011000010011011100001110000
10110101000100111111111001110100
10010010001101011000111001110011
00000000110110101001001100101101
00111000111110010110110100100000
01010101110111010100011110001010
11101101010010000111001000101100
01001110111001111111000110101111
11101000001001000100110101011100
10111001000100100110011101001111
01110000111111110011001110000110
00111100011000010101101000100000
01110000100000011001100111110000
00111010100010110000001010000100
10011000011000001010110011110101
00101010101000111011011011010101
10100100111011001001110111011011
11001011000011110001000010111110
01011000001101011110110010111010
10010111100010000001011001111101
10111110100001010000001100000100
10001110000010110010101011011110
11111001111101100111011011001011
00111100100100100011110100111100
10010010100000100011000000111010
11000010110111000000000110000101
11110000101001101011011010110010
01100011000001110110000001101100
00111011110010010110001110010001
11000100011110101001011100100010
10011111001100100000010010000000
00110111010011001011010011000100
11110010001111000111100010010111
01101110000001011010001011110100
10010001101100101110111101101110
00001011011001011010010010100101
01110000011110001111011110100100
10000110110011110001010100001001
00101001110101100001000011001101
11010101101001100001011101010110
00111100111100101011010001011111
01000000001000001000011101111011
01101101111111100101100010100010
10111111000010011001010101011111
11110001000110011000010111011011
00100101111100101101101100100110
10011100011011011011100111111000
10011100111010011000001011011001
11010111100000001101111010011011
01010001101110101111011001100101
00110110100001110111001110010111
11011100000000000000010010000011
10110100001111101101110000101110
01011101001110100111011111110111
11101010001100101010111100100000
01001000100111001100100101101101
11111100100110110110010100111001
00101000100011100010001111010101
01010101011000100001101000000110
11111000001110100110000001000110
11100110111010010001001111101001
11011100011010101110001010011010
10110010100111100111111011010011
00011001010011011011001011101000
10100001001100000111010110010111
10000010000111011011010110101000
10010101011100001111100000010000
10010000000110000001100010000110
01001110000100111000101110110111
00101100010100001000110101001111
11100110110101110011001101101111
01000001011001000001010011001010
10110111110010110011011111111001
11000000010000111101000100001101
10011100111011100110001000001000
01000000000111011110000000010000
01011111000110010110000000100001
00010111110011110010101111111110
10010000011110100001011001010010
11100110101101000110011110000010
00110110001000101100100001111111
00010001000001001000000001001011
00101011101111010100101110000101
00111110100010011101011110011111
11010111010111110000100010001111
10000000101001000101100000101000
00001111101111011000101101101110
00101100100101110101110111101010
01000011010000000000111011000101
10100000010111101000100111110000
10110000000000110101101001101100
00111110101100011100011100011010
01001100000000000110001111010011
01100011010000111111111110010001
10001111010110101101110110000010
11100001100101111010011100101000
01011001110011011100000101110101
11001101101011001000010110100011
01000100011000010110000000001001
00111101001001110001101101010011
11110011000101000100000101100001
10011000001100101001101111111100
01110001111100100110010000010000
11010101010000100111001011001000
10011001000000110001011001010010
00100101011101110101001000011000
10001011101001111000010011111010
10000001110000110000010010011110
01000111011000101101110001000100
00011011011101100000110001010101
10000111010100101111000110100101
00100000100000100001101011010111
01010011100101010000111101100010
10001011100000100110111001001000
00000101111001101011010010110010
10111111110111101100100111010111
11001011000100010000011100010101
11110010000111111010011100110110
11100001000111011010011100100011
01010111000000001101100101101110
10100111000000101110011100111001
10001001001100011010110101111101
00101011000000001000111101100011
00110001011101101011111101010011
01000111100110111011110001101100
00011010110100110011111110011000
00100000001110010101101110011000
00010010110111001001010001101100
00100000011101000100100001101101
11001111100111011100011110001101
10010001110011010100011101001011
11011111100010000000110111000111
11100100010001011011111010110010
10010110110011010001001001001011
00000000000101110010010010000010
00111001001000011111010111000000
11010110001001010011110000011100
01110101010001000110011010011100
11011110111011011111100100011000
00110101011011100011100011111010
00000001100111111100010111011001
10000100011000101011001010101011
11011100010001110110011110010011
01001111101000100110111101000110
11111011101000101001010110110000
00100100010101100100010010101110
11001100101010101100010111110100
00010110111111000011100111011100
01010000110000111000010101111110
01101000110100011000001100001011
10001000000000000011111011101010
01111010001000011000110010101100
01110111001101001100011100111010
11011010010100101010100010010010
11000110011011111110101111000000
10110000111001101101111100000001
00100011011000011101000101011011
01111111101100001100010000000010
01101010000111111000101001010001
11101111100100101001010110110111
01011000100000011101011000100011
10100111000101001010100111110011
11101110010001100101000111111011
00010010011011111010010110001010
10111001010101110010001001100100
10001111101011111010010110011100
10011011100101101110001100011000
10001001111110111110011010010000
00000100111101100111010111110001
10001000100100011110011010010100
01111010111101110110111111110000
00101000110000100011011000011101
00010000000101000000001101010110
10001011010011110110010110100010
11001100011011001111000110110000
11100100101110111011010100111110
10101101011100101001110101101110
10011000011110100001011111001110
01100101011010011010101101100011
10101011100100110101100010000100
11000001000000111100010101111100
11101111001011000110010100011010
11110001100101110101110000010000
00011000001010101001111111000010
00010111010111100011111100001011
00000010100110110100011101001111
01111101000101111001111010110001
01001110000000100010100000110001
11000011110000111000011101110000
00101011010011101111110001010000
11000011110000010101001101100110
11001110101001101111000000011011
11101001010010110010001111110001
11011000111010011010001000000100
01011101111111100011110010110000
01100000010010111011111100000100
11011110111110001111111001010001
10011111001001000111111101100110
10000010010101011110010101110110
10001110000011100010001110010111
01110000000100101001101110100010
00100010010100001100100001010000
00001001011011111110011000110011
11101000010111100001100111100101
01011100100000011100000111011111
01111111110100001100010111000111
00111010001101000111000101101000
00000011111110011000011101110001
01001110010000000110011110111011
11110100010011110110100001100100
00111010101110110001100010011011
11100011111011111001111000111001
11101011000101000110100000000011
01110101111010110111011100001101
01000101110011101011000010100000
01000101111001110111101111110100
00101110001001010111010100100111
00111110011110001110100100101111
10100001110010000010001000110001
00011111000011110101100001101010
01100101001110000111110100010110
10001111000111110111111101100100
00101101000110101000000001101100
00010111001010011011110000010011
10011010101110101001111010110001
00101101101111110100010101111001
01001101101100010010010001100110
00111011100001100100001110111011
11111011001000000100101001011000
01000100001010110011111100100000
01110001111101110110110100000010
11101011011101000011101101011011
00000001101011011011000001111111
10101101100111001100000101110111
01101000001010100000001101110011
00011110010111000111111101100110
10000101000001000101101010001011
00001010000000001001010110110100
11010111100010110110111011110111
10010100011110101011010001111010
01011101010010110111001000111111
10010110100111110000101101100101
10101100111100000011110001011010
10110010101111010111100010010011
01011000101011010101111111101000
00100101111111110101010011101101
10001110111111111000110100011000
11110011000001101011010001111001
00101011000101101000110000011011
00000101100111100001001001100100
10110111101101011001010010011110
10000101010000110110001001110111
01101010000010110100100001110101
00011011111101000000011111011101
01000011101110100100110101000101
01000101101001111110000110000001
11100110101100011111101111100000
00011111010100100011110101011101
00111111111010101011010111001001
00101010000111110111110011101101
00011100111011111110001111111010
10100010100101010010010101010101
11001101010110101100010100010010
01000101110001110110100100011011
11100110010110110010010010000110
00000110010001111011001101010001
01010110110010001101000101110110
11110001010001100110111000010101
00000100101000000111000000001011
01111000010010101111010100000011
11110111101100000100101111111111
10111110010001001000011010000110
11000001001000100000011000100011
11010110110000010100011101101111
10011000001000110001100101111100
01111100100111011011010111111010
11010000100101000000110100001111
00110000110011111001001111011011
01101101010000100101000011011000
10100000110011101100101110010101
01000110000101110101110101101000
01010100010100011001001100100001
00100111011101110101110001110100
01101100100001010011010000001101
11110101100010101010101010011110
11101100101101000101011110000011
01110110011111001001010110011011
10000100100001110101011111011100
00010111001001010010000111110000
11011000110111101010001001101110
11111100110110111111101101100001
01001001011011111010001111111000
01110000010011000110000100111111
11001110100010101100000000101100
10000010001101001111110011110010
10111101111101100010101110101110
10011001001011100100010110100111
01011000110001101000100000011100
00111101000000000110001110110011
10110001010011011000101110000111
10001001100101000111000001100001
00100101000000110111100010100111
10011001000100101011011010100011
10111100001101000111001001000011
10001101111000101111000010011001
11000011001000101100010000101001
11000000110010000001100111111001
00110010101101111001001111010111
00100100000101101101001110110001
00010001000101000010110110010101
11000110110101111101110011010001
01000111110100011101101111011111
10000011010010010010100001010010
01000001100001000110001110100001
01100000110111110101011011000110
01010101001001001111011010001100
01000000011010101010001100010101
00000011010111101100001001101101
11001000001101000100111000001000
10001011111101101100011010000110
11010010111001101010000100110100
11101111101011111110010010011101
10101110001111100110000101100100
10010111110101001011101011001001
10101111110110001101100111111100
00000001111100000101100111000010
00010100000011111101000000001110
00010000111110011000000110000001
10000001101010011100100011101010
11111101111100111010111011000101
10011101001111010101001101001011
00101100000100111001000111001000
01010110101011010110101000110100
10100100110101000000100011111011
01001111110011110000110100011100
10100100000101111011100110011000
10001011100000111001000110000110
01000011001100110010101111000000
01110101001101101111001010001111
00001011001101001001101110010000
11001010000111011101100101110011
00100010110010101000011110111110
10111000001110011110010100001001
01001100101111100010000111001101
10100010010101010010011111011100
00101110101010101000011110101011
00110101110100100001111111011110
10010111010010111100001100110111
00100100111000001111111011010001
00111011010110110011011101000100
11001000010100100000000101110000
11101101000001101001001101010101
00111001010001111000011111110111
11010001111010011001111000011101
11111011010000011010011001010010
01011101101111011100011111010111
01110001011011011111111110001101
11000100000000010001000111111110
10101110101001000001101001010010
01111101000000111001101011000111
01000110101111001001001011001000
01100110010111101100011100110010
00110010110000110100011010100111
00000000001001110110111000100101
01001111110101000010111110101001
01000010011010000111011111101011
01101100010010010010101101000111
11000100100111000100110101101011
10000101111100111011110011110111
00011010010010100011010110101001
01100001011100001100101010010100
11110000001110101100011110100111
11100010000111010100010101111010
11010100111111111110010011000100
01001010000101001111110010101010
01001010001001111010011111110010
11111110010000010101010000000101
10010001100101100111000111100000
10101010111000100111010110100010
10110011110011111001000010100110
11100011101010110010110111100001
10001011011000001011000111110000
01011100100111010011000001100100
00110001111101001011100100000110
11010100110010001011001000010000
10101001000000101010001101011011
01111110000100110000100101100111
10101110110110100111001010001111
11010001000100001110100011011011
11010110111010011111011110111010
00000010101010110011011100101101
11001001001000111111111000010100
00010001001111001001110011001101
00001101011010101010100001110010
11111110001010010111000010000001
10000001000100100001010010010001
11101100010011010010101110000001
00101010011110000001010001100110
00110100011011100001100110001100
11000101100110100001010111001000
10000010110010101101111001011110
00001010111011001101110110101110
01111101101110111001111110111110
10100100101000111010001111011000
01101001011110100111000110111000
01110011001010110001000101100111
10011011010001000111001001100001
10101110111001111100010000100011
11111011010101110101001001011101
10111000000010101101100000111110
10110010100110111000111111110010
01010111010011001010011001111110
01011001001100100110001011101000
11101001110101101100110110000000
00100101011011001111011001110011
10111111101011101101000111011001
01111100110000100011010111100000
01111100010101110000001110111101
01001110010001010101011101011011
01011000110000010100011100010011
01100010111110111001000011110111
10110001111111011110000101001110
10101110110011101011101010100110
11110011111000111010101011101111
10000111001011110011001110000000
10000100001001110000000010000111
01100110101111101011111110011011
10000011000001010001011100001011
00100010010010111111111100001011
10110010110111100101100011101000
01110001011011101010110001001001
11101100000010110100010011101111
11000010110001110011101000010011
11100100011010101001101010100100
00101110100100000101110001110010
11010000000011100001110100001110
10111000110111010000000110100111
11101000010011010111001101010110
11010100100101111100011111010110
00111100100111000101101001011110
10011100100010010111010011011100
10001000100010111101100010000110
00101110110011010111010010101111
11110000000010110000110110111111
01000000001111011101110001001101
00110111111001000110111000101011
10011100011100011111010010000100
01110000101010101001000000111101
01011000010011011010000011010101
00011001110100101111010100010101
11111111101101101111100011010010
10111011001000100111000111011010
01001101100111101010100101110011
10001010100100010110100101011111
01101011000000010111100100010010
11010100011001011010110010110011
11100010101001111000101111101100
11101110110000111000111110011110
11111000111010111000010010110111
00101000110001011111100100100111
00011000010010001101010001011001
11110000010000101110110110111001
11110111001110100010011110011110
01110110000110011001010000011010
01000000010001001101010110111001
11111100011000110001101010110010
10100100111000101110111111110101
10110011101110111010000011011011
01011101011100000111111001011100
11011101100100110111110000010110
01010100101001110011010011110100
10111101100001100010111101101101
11001101001011110000100100000011
00101000110101001111001010010101
01101111111000100100011000110001
11101000000001000101010101001100
01000110111001001100100011100110
00101111010011111111011011001011
01111100010000100010110000011110
10011110100100110100000000100110
00000000000000110110010110111010
10100011100011110110101001100000
11111110111111110001110110000011
01111100010101110110011000111111
10101111010101111001000010110110
10101110011101011011111110111100
10011011001011001110101110110110
10001001000101101011101001111011
11111001111100010100100111111010
00011010001001000100000111000110
01110111001010111010111100010000
00000001100010110101011101001100
10110000011011000100001010111011
11010100110101100110011111101001
01110110000010000110110111111110
10101110111101111101110001101111
10100000100011001001011101011010
10111100011101010000011100010001
01010010001101100111010101001011
10010000111111111100001100111000
00111101100001110101100001101010
00110100100111111000001000100000
11100101111111101010110001011101
11001101011101101101011101101000
10001111011101000100110001110111
10101010011100011011100011001001
11011010110101110000011000011010
00100110110010011011110001110001
01100110000110110011110111110110
11110001101100011111110111111111
00000000011001011001111001111111
10110110000111001010011000101001
00110101101001101101110001101010
11001111000101001100111001101011
10100010001110010001000110100010
11011101101101100010011000110100
00101011111111011100010011001111
01111010110110011110111001000110
10010110110000110100101111110010
11101101101100010100100011101010
01001010110001111111000010111101
01100100100101001111110100011011
00000010011001111000001101100011
00011100010100010110100011101111
01101101111000111001001011111011
10000000111110111011100100101111
01100001001100100100001010011101
01011101011100000110001000110000
10011000000100001001111011010011
10111101110110011100011000001001
11001110010101001010000110110001
01111111100000100010000110000000
01110100111100010100000011010011
00000110000100100010000001101011
10110010001111011000110101111010
00101100110000011101110000100110
11010100110110000111100011111000
10100101101111101000110110011110
10000100111000010011010001010001
01101000110101111011100101010101
10001001011101110110100000100011
01000110011011010101111111010001
00101001111001000111110000100001
10111000100011011001111111111111
10010100110110100010101111110100
10000001000110101001011100111000
01111111000011101010111110000010
00010111111011011000111000111000
00011111101111100010000111001100
01101100010111111010111011101101
10100011111000000000000011001000
01010100010000010101101100001011
10110010111110100010111001001101
10110111000111100110100010101011
10101100110011100001101100111010
10000110101001000100100111101000
10100110101101000111101010000101
10110001111010110100001000011110
10010011101111010101101000010110
01000001100001100101010101011110
10010000101101110010001100100110
10001111000100001100010101000100
01010110100110001101110100000111
10101100110010010001101011001000
01100110110001111100111001011011
01100010011001110111011110110111
00010000101100010100001100110110
01001111100100000111100000001111
10011000110110110111110111010110
11010111011001100011010010001001
11000011111010101011111110010100
00010001110110011010111111100010
10100000111100110110011111111111
10010011111011101001010101010111
11111001100000011000101111101101
00110110111101111101101010101000
00110001001101110111010101011111
01111101111011110101100000110100
10110000000110001010110011000100
00110111010000101010010001100100
00010000111011101111110100101101
11111000101000010110100010110111
00101010101111111011110011011101
11101111000000110011100100100111
00111111000111110000100000100011
00000000110101101000110001000110
00110111110111101011111011111110
11000010111110011111011001010110
01111111111000000011001101010010
01100111110110010010100110111100
01011100110011100110100011001111
00100100100111000101000001100011
00010010001011101110111000111100
01110011110110010010001000010010
11111001111101010101110001000010
01000010101001011110111100001011
01001110010011111001111000010011
10110100111110111101101101101010
10000000111001001010101100111011
01001111000011001111110001000011
10000110101001010000001110110101
01deg=19937
deg lcm poly = 19968
weight = 9243
10000000100000000000000000000000
10000000100000000000000000000000
10000000100000000000000000000000
10000000100000000000000000000000
00000000000000000000000000000000
00000000000000000000000000000000
00000000000000000000000000000000
00000000000000000000000000000000
00000000000000000000000000000000
00000000000000000000000000000000
00000000000000000000000000000000
00000000000000000000000000000000
00000000000000000000000000000000
00000000000000000010000000100000
00000000000000000010000000100000
00000000100000001010000000100000
00000000100000001010000000100000
00000000100000001000000000000000
00000000100000001000000000000000
00000000000000001000000010000000
00000000000000001000000010000000
00000010000000101000000010000000
00000010000000101000000010000000
00000010000000100000000010000000
10000010000000100000000010000000
10000000000000110000001110000000
10000000000000110000001110000000
10001001111101010000001100000000
00001001111101010000001100000000
00001001111101100000000000000000
00001001111101101000000010000000
00000000000010100010000010000000
00000000000010100010000010000000
00110111110000100010000010000000
00110111110000101010000001111111
10110111110010000000000001111111
10110111110010000000000001111111
10000000000111010100100001111111
10000000000111010100100000000000
00010110111001010100100000000000
00010110111001010100100110101011
00010110111110000000000110101011
00010110111101111111000110101011
00000000110100100111100110101011
00100000111100100111100000000011
11000101011100100111100010000011
01000101011111011000001110111011
01000101101000000000101100110011
11100101100111111110101100110001
00000010000011001111101110110001
01010111100011001111000010001111
10001110101011001111001000000101
00001110101100110000010111101100
00001101101000010001010111101100
11011000001011110111110111101101
11110010010110011111111111101111
10100111010110011111100000011001
11110010010110001111001101000111
11110010000101100111100001011000
00000011010000101111100001011001
01010111100011101110100001001100
11000111011000111110001100011001
10011001001000110011010110011010
00101011101000010010100011010011
00101010111011101111001001001000
11110111110101101111001001000010
01011101100100000100011110000101
01110101101100101101101011101100
10101011001100000011000001100101
00001000101001010010101010010100
11111101111010101101100001001000
00000101001000001101100011111001
11010101010001111110100101010000
01010011111000001011001110011000
01111010111011101010101000110001
11100010011110011111110011111110
00010111101011111011111110110001
01100101001101010000000001001111
11100000000110111001010010100100
11110101100110010011111110011111
10001011011010000110010101110011
00011101111000101100001110100000
10101101000001001000100100110100
11100001111010001010000011011111
10110101111111001111000111101110
00011001110101011100101010111001
10000100001101010001111100010011
11010110101000000110111111110011
01011100000100101011111110001011
10101010010111011100111011111110
10011001101010111111100000111001
11011001101000001111100101000010
00011001101101111111001000110000
01010101110000001011000100111110
01001101011000101111101111110110
10101010110101001101001101101100
10010000100111110010000100110010
01111001111001011100111000110010
00100001010000111101010010001101
01111110001100001111111110110011
01011100000111000011110010110000
10100110000000101011110101101010
01011100101101011010100111000011
00011001000100011010010110010110
10110001000111000000011010010001
00010100110011011011000000111011
00110011110100001001111010101100
11000111110000001101111110010010
01011111100111100110100001010101
10001100011111111000000100010000
11101001110010011010111111010100
11011000110100010111100000111100
11000011110111110010011011000011
11000100010110001000101100111111
01001011100001010100000100100110
11100101111010000110111111100101
00110111100101110000100100000010
00010001110111101100011101011010
00010011001000010101101110101001
10100000010000010010001100011000
01100101001111000001110010111000
10110010111101111100011011011001
10111111110101111110001010001110
10100011010000111101100111111101
10101011010010111100101101010101
10111100100101010111000100111100
00100100010100110000011110110101
00001010100101100100101100110101
10011010010111000111000011000010
11000100101100000101101001010100
11000100110011010110100111010001
10010101101011011010101000001101
11010110101010100001000101010010
00010101000000011100001100001011
01001001010111000111111010000101
10001000100111011110010110011110
01011010100100011001000101011000
11000110011111001010101010000111
00110110101011011001101110001001
11000010101000000010101011000001
01010100100110010101001010110011
01010101001011111001111001001011
11010111110011011000001100100010
10000100011110101010111011100101
11100001010011001111110001111000
00111010010011011010010011101010
00011111001100011110011010000011
00100010000001010111001111100000
10001100101110010100101011011010
01110000111110010000111111010101
00101000110001011101110110111111
10111001011011111001111000000111
00010100000001111100101110100101
11010110101111001101110111010001
00110111001011011100101101001110
00000101110000001001010010010110
10100100000000010111000011111000
00010001000101100010010100110010
11001011111100001000101100000011
01000011100110000111000001001010
11101011101010100111101100100011
10011101100011101110101101110000
01110001111011011110010011100111
10100000111101100010011001000100
10111100011111101111100011101001
10001110000001100110101010101011
11100100110101010010100001000101
00110011110011101111001100011010
10000110111110111000011000011011
11010011110001010000000011010100
01111110000010010000110001100110
11001110111111000011010110111110
11100010110100010111111110010111
10100101101000011011111001000001
01011110000000100000011001000001
10110010110000111100100011100101
10011101111001111001010010011111
01010110010111000011001100010001
01111010100101100000101111000101
11011011010100000011000111010010
11000101111101001000010000111011
00101110011011010011101010000100
10110010100000010000001011111101
01111101101000011111011110110111
10011000111011100011000110101110
01000110110101110101011001001011
00100011011101100000010001111011
11101111101010110101100111111101
01100100100000101010011111111011
10101011110101010010101110101110
11111000110010111110101100000011
00101010001001110111111010000110
10011001001010010010110101110111
01101011111010110011010101011011
11111110011001110110101110001011
00010000010111111011100011100110
11010111011101110000001010010001
10101101111111001101110110111101
01111101000001101100000001101001
01000010101000010001111010000101
11101000101111101100110010101011
00101111010101111100110111111000
11001010101000100110001010100100
10100011110101001100001101001001
01010101001011110100101111001011
00100111000110011001101010111010
00011110111011100111111101000010
10000110101101110001110001100011
01110000111101110110000100101000
01001101101100110010100101010001
11111101100111101001010110100000
01101111111001101100000000110011
10110001111101110111000101011111
00001110011110100100111101010001
01100111111000000101110111011101
01110111001011101100000110101111
01111001111010110111101011001000
11010101111011001101011010001110
01101011001011100101101110101000
10000011110000011000010100110100
11001001110100000000111011001010
00000001001011001111110001100110
11100100000100011110000101000010
10011001110111001011001000101010
11011010010001010010111111111111
00011101110011100111010001010001
11000100100100000101011011100000
00000000001010101000000101111100
11000001101001110011000001011010
00010000001011001100110100101000
10000010101010000110010110011101
00100100001111011011100010000111
00101110001100011101111010110010
00000111111001110111110000100011
00100001000010100110011101101001
10001110001111111001101111010110
11000001010011001100000110000101
00000101110101011110011001100000
00000101000100001110111011010100
10010101111000011001100001010101
11001111111001101111010011110101
11100100100001010111110010001110
11011100000001100111000011011000
10000011000110101010011010000101
11110101110101110010101101110111
01011011111011001011101011011010
01001000010101000110111101000110
11010011110001100110010110010001
10010011010111011011011001011000
11110000010000001100111110000001
10010000111010111100011101011011
10001000001010100010000001011010
11001111001001010001010011100100
01101110111111001010100001000101
00000011101111101010000110111000
01101010101000111000111011110011
11101010010010100101110111110100
01001001010111100011000011000101
10101111010100000000111000101001
01100010100111110001111000101011
11010000011010001101001101110110
10101110011010010101001100000100
01001100111101010101000000100110
10111010111110100001101100001001
01010001011011001101110111101000
11101101010100001110000010000101
00001111011001100011110110111100
00101001100010001100101100011010
01011101011010111101111101010110
11110100110010001101110000110101
11010001100001001110110111010000
00000011010000000010011110011100
01001100101000111101110110101101
10110101000101100100101010110110
11101010110000111001100000011111
00101110101100000101100100100100
10110111100011011100100101000001
10110010011111100111000100101101
00110000111100110011011110110011
01011100100001100110000100111010
01001110000010101010000010100101
11001111110011111110000000000001
00111110111110111010010110011000
10110000110101101110011000110110
10100011010010101111111001000111
11110110011011000101011000110100
00111111010001111101000010110110
10111100001100000100011100100010
01000100001110110000110110000101
11010110011100111011111101010010
01011010110111110110010010101011
00101100101100111011010100000111
11000010000100101110010111101001
01010011011011110000111101010011
10000110100011100010000101111001
10110011100100010000100110110001
11111100010011011100001101110010
01010001100110010010001111111010
00010011011100000001101100011101
11000100001101001100011000110000
10001000000001010010001011110011
00111100100001001011000110000111
00101000000001000011011110011011
01011010001011000110011000100111
01110001000101010111111001110010
11100000001001010001111111101111
00000111000000111010011010011001
10001000111101101111100001100001
01001111010000000001001101000100
01101011101100010111011001110011
11010011010011101010011010100101
01010011111111000011110110111000
01011000010101101010111110110010
10110010010111100001101101011000
11101000001111101101000110101110
01011001101100001010100101111001
01010111101100010100110100100010
11100000100010011010001111110010
01110010100000000101111111101101
00000100011101010001110001101000
10011011111011001001100101100010
11001110111101011000010000111110
00110011001110010101101110100111
01010100101101001111101100101011
00110100010010010010011110110000
01001010111111010101011011101111
11110011101010101101001011111111
10101111001011001011100101101101
10011010001011001101000001000011
01111101011110010010001010001000
00100110101010010100110110010110
10111011001101010010001110000000
10001111011011011110100010000000
11110111111100111111000110001001
00100010100000101011010010101110
01000011100000101011110001001111
11111110110001010000000100011000
01011111010100110101011001111000
10001111000101111100101110100000
01001110110010001111011110110100
10011100000011101010000011011011
00000100110110010111110100100010
10011110001111011101101101010001
01110010110000001100010100101100
00100100100100101000011101101110
00101100011011000000101100000111
00111100001111001010101001001100
11000000001101010100111110111011
00010011011000001001110010010111
01000111000001110110011101001010
00111000111001001101111101110000
00111011001111010100101000101110
00111000110100101110011000101100
10000101000010011111000001110011
10100101010010010101101001010110
10010000010001100010110110101000
00100001011001011000001100010010
10011110100111001101000011100001
11000000010010001001101100001100
00010111001010011010000110010011
11001100001101001000000110111111
00010010001000110001011110001011
00110011001011000010110011100111
00001100010110011001010111001000
10011100000000101001110010011011
00111000010001011001010000100000
10111010100101100010010011001100
01000101110011111001011110100100
11001010101101110010110010101101
01011101101101111111101000110001
10011011001100000111111110111001
10111110111101011000111010100101
00111000001010000111101001001101
01101000110000100000010111000101
10001010101101110010110100011000
00111101100101001100101100100011
10100010011110000011100001101101
01111010011011100000001110000011
00101001010101110010001110001001
00100111011110100010011100010111
00000010100000011101111001110001
00110001011011001001011100011100
01010001011110110001010000111101
11011101000011101111000101100110
01100111101110010010110111010000
11011111001000001111110101100111
01010010110110011000001010011110
01000110100101100000000110001101
11010111110111001001010001011110
10100010110011001110011101110001
10000000111010011101110100000000
00001011111000001001110100011100
10100000100110110000011111011101
01011111010010100010000010100011
01111111110010101001110010101101
01110000111011001111110010110111
00110000111101000011101110110110
11101011111100110011001010000000
11001110010000001110000011011110
11100111100110100100111011001010
10110111011011001001101111100101
11111110110000100001001001011000
01001101101011000000010111100111
01111101011000010001011110101111
00110000100011110010111010100011
11000010101100110101011001101010
01110011110101110110000000011110
11101011111110010011010110010101
10011011110001101010110110010110
10100111011100001010001100111010
10011101010010111111001110110101
00010001100000001000101011001001
10110010011101101010010101101111
11100000101001101001000111110101
00010001000101111110111000010100
00001001101000000101111110011010
01110101100110011011010111001111
10101100111110001010110101101111
11101010000100111000001100100101
10010100110101101101000011100011
00001100000010100100010000011000
00110011001110111111111100011011
10101100010000100101000100001110
10011111001110001110001000001011
11010010010000010110110001001011
11001111000001011011110000000010
01011011110111110111000111110000
00010100010110110111100100111111
01010001111011001010000100111000
11001110011110010100100000100000
01010001101101010111100010100111
01011110000100001110101111111101
11011101100100000110111100010000
01010001101010001110111101101100
11001100001010110110011001000100
00011101000100010110101000011011
11000010001011100110101100101101
01010101001110011001000101001101
00001101100011110110010001101000
00110010111111000010001001111011
01101101111001011011010000011000
10010011110000110110011011011101
01010001111000000101100110100000
01011101001101111110011100001001
11011000101101111100111000010011
01101010100011000110110111001000
00011001101110110001001000100011
00110000100100010100111001100001
01111101011110110111010101001101
10100101000010101101101110111011
01001011101100111010011010010010
00111010100110110100001110011001
00101111111000101010010000111001
01011010100001010110011010011101
01011011100011110101010111010111
00010011010001101001101111000001
01111110011001001011001010110101
10101011111110101010101101001111
00101000100011110111001011111001
10100010111010100101010011111011
11010100100011010101010011110000
01000011001111100011110011010001
00010000110000000110001100001000
01101111100110011010101010101010
11001011000111100001101011001011
11100010001001000111100110100010
01000110001101001110101001001111
11101000010010000000011100011001
00010100001100100111100000111101
00010110000011001111111010011110
10100000100101011110101011010001
11000000011111000111001010000110
00111000011010010110000100100010
10000010101011100001111100101100
01011100111000001100001100100111
10100111110000100011000011011010
00011011000011001010000011001100
11011011011110101011101110001111
11001011111000110101010101110001
10000100101100110111000010011100
00100001011100010111101001111110
10100011011101001001000001110011
10000001000001100011000110010100
11110111011010110100110100001010
01001001100001110110111100010010
01101101110011000100010110011000
11001100001100111010111001011101
00000111001110100101110110110010
00111100111011010010110010100011
10001010111110001001110000010000
10010000011001011100100011100111
01111011110011010111100111001001
10100110101010111111101111011111
11110000101100010101000111110110
00001110000011111101111111001100
01111100101100111111111110110001
01100101101000011000111000011011
11001011000010110110101001010100
00100010010111100000010110000010
01110100000000010110110010100010
01011001011101100001011010011110
00010101010000100010100010110101
00010001110100001111111010110111
00111111000100101111101001011011
10101111111010010101101100100010
00011010100011011011000100010010
10001011111001111110001101110001
00100000110011101001000101000000
01001011101001000101011000001000
01001101101111100011100000111100
10000110100111010011010010100001
00100101110101001001100011000011
00101000111010011100110100100100
10111100001010110101000001101111
10111011101100100011110010000000
00100101010011000001110101110010
10111111100011101011101110001011
11101011111101011011000110010101
00001110011101001110100000001000
00101111110110110001110100000101
10010001111110010011000101110111
10010111111100011011110111110010
01001010110111101001110100010010
01101110000010110110011001110001
01110001110000011101000110100001
10110001000111010110010100111110
10011010101000101001110010001000
10010110001110110100010001000011
01101000110001100010011100101010
01000110011110011101001011100100
00101001000111100000111010011001
11111101100001001011110110010100
10011000101101001000000111000001
10100010111011110111010011100111
11110010100101101000110000000110
11011011011011010001011010011111
10110000101101000101110100111011
01110111101110110010011010011010
10011110011101111010101110010000
11011100110110010000010011011110
10000110011011101111101000001101
11101000100111010100010011110111
11001000001101010000110110111011
11100110101100011101101111100001
01000101010011001110000010110100
11110001011101100110010101101011
10100011011000111110000100000001
01010111001001111011000110011111
10010011101111100100011111000100
00111110110000010101001110010111
00110100001000010100100011111011
01011001100011111010110110110100
01000100111111000100101111101010
11111111101001111011101010111111
01111110110001001001100001111000
11000110110101011010011000100100
10111101101111001110010011000001
10101111101000000100010101001101
10101110010101111000110111110111
10011010010000110111111011000011
00101110110000111111001011011110
01111010100110010010011001010111
11011111010110000000000101100010
11111101011111100000000001001010
11010110011101100100000101101011
00110111010100011111010011000011
10001011011110110001010001101000
00100011011001010100011100011110
00010111101111000111001101111101
11011001111000100011101110101100
00111011110010101100101010110000
01110001100110101101110001001001
10001101100111010100100100010101
10101000001100101011110001010010
01011110100001111010010001111000
11010011101000101101101110000011
00100101110010100101111101001010
00000010010000001011101000000100
00011011111101100001011010000101
01111011001110101111110001001000
00000100010010001111110100100000
10111001010000010110000100001000
10000101011000011100010101011110
00100101010101100010001011110000
00000011011001101011101110101100
10101010001110100011011111111010
11111000011110100100100001000011
11001001111100110100111000000011
01010100001100110100111101011100
00101011110111000010101111100000
00001011100001000100010011001111
10111101100100100110010101010010
10011001100110110001101101010000
00011101000100110001000000000000
10111111110111111101111010111111
01000001010000000000000101000000
00000001111110001011100010110110
11111000000011100100111111110000
00000000000000000001000111110000
01001100001000100111000000000000
01111010101010101111100000010110
10000010101000100001111101000000
00000001010111100001111000000001
10000000000000011000101010100000
00000000000000000000101010100000
00000000000000000000000000000000
00110011001100110011111001101011
00001101010110000000000000000000
00000000000000000000000000000001
00000000000000010000000000000000
00000000000000000000000000000000
00111111111111111100000000000000
00111111111111111100001100110000
00000011001100000000000000000000
00000000000000000000000000000000
00000000000000000000000000000000
00000000000000000000000000000000
00000000000000000000000000000000
00000000000000000000001000100000
00000010001000000000000000000000
00000000000000000000000000000000
00000000000000000000000000000000
00000000000000000000000000000000
00000000000000000000000000000000
1deg=19968
deg tmp = 31
52 bit k-distribution
k(1) = 19935
k(2) = 9967
k(3) = 6645
k(4) = 4983
k(5) = 3986
k(6) = 3322
k(7) = 2848
k(8) = 2492
k(9) = 2215
k(10) = 1993
k(11) = 1777
k(12) = 1533
k(13) = 1153
k(14) = 1153
k(15) = 1153
k(16) = 1152
k(17) = 1152
k(18) = 769
k(19) = 769
k(20) = 769
k(21) = 768
k(22) = 768
k(23) = 768
k(24) = 768
k(25) = 768
k(26) = 384
k(27) = 384
k(28) = 384
k(29) = 384
k(30) = 384
k(31) = 384
k(32) = 384
k(33) = 384
k(34) = 384
k(35) = 384
k(36) = 384
k(37) = 384
k(38) = 384
k(39) = 384
k(40) = 384
k(41) = 384
k(42) = 384
k(43) = 384
k(44) = 384
k(45) = 384
k(46) = 384
k(47) = 384
k(48) = 384
k(49) = 384
k(50) = 384
k(51) = 384
k(52) = 383
52bit D.D:   6479, DUP:   34
