mexp = 19937, maxdegree = 19968
filename:resD11.19937.magi03.061105.02.txt
POS1 = 63
SL1 = 17
SL2 = 5
SR1 = 3
SR2 = 16
MSK1 = f993f7f3cfff7fff
MSK2 = fbff37fbfdb5ffff
deg poly = 19937
11010111111010000101010111010100
00100111111000111011100010001100
01011111000010000000111000001101
00110100000100110101011001101111
01011110010011011111100110000100
10100001101011010100100101101010
01010011101111001011010100011110
11111110110111000001111110001001
11100101100001000100000000100100
10111101111100010000111110001100
11000010101010100000000010000101
11000010010001110100100010101001
00011110100010100011101010101000
00110001100010000100110000001010
11000011011111001100101101010101
11110110100110011111010111110100
01111111001101101100011101001000
01101001100101100000111011000111
01001101100110101110111000100011
01100111111100000110110000010101
10101110101001111000110000110110
11010100100100101110101010100011
10101101110010000101001011001110
10001111011110010101001010101001
10011111011101100110100010111010
10100010001010001111111111100111
10100001100010010011110010100011
11101111000111110110111011000111
11011101001011010100111001110101
01111001110111100011101101110001
10111110111011000000101101001001
00001110011000101000111110011010
00111010010111110100111101110000
10101010110001111001001000101101
01101001100011111000111010101100
01111111000111001101100110101011
00111011011000011001011010101010
01101010111100111100001000101110
10010011011001011000111100010101
01001110111110111110010000101010
01001110110000111001010111001100
10111100010000000111010001101000
01001011111100110100010000111011
00100010011000010101000010011101
01100010001010011010101001110000
00001111011000010000001000110110
11011111100001101000011110010000
00100110000101111111011101011001
10000100000110111101111011100000
01100010101001101100100000010000
10000100110100111101010100001001
00011000110111011010000010001111
01000001101011111001100111001100
10101000101101000001001011000000
10001101010111011100100010101110
10000111100110010001011001111110
10111010011110101100111010001011
10111100110111001000001110110001
01000110000011010100101111000100
10011111110010011010011101110011
01101111010111011001101011001001
11010111001101011110100001011010
11011001111001101010100001010011
11110100001110100100100100001011
10001110100001000101010100010010
01110010111011001100010011011001
00000110011100111000011011000001
11111101000100100010100101101010
11001101011011000100010001101001
11110000000110100000110100011111
00001001000011101111001001011100
00101100001001000100011101100111
00110101000010101110101011001011
10101111001100001100111001111000
10000111111100101011101101000110
11000110010111110011000100011010
10100000101001000101011010101010
01001101100100101011000011101001
00000111101101100101111101000000
10110011110101101111000000100101
01101110110001000110111001111001
10100010101101000010010100100000
01000011101011001100100010110000
00111010011001000100000110111111
11000001001100001110100001101111
11111101110111001100101000101100
11111011111100001110011000111100
00111101110001011010000011111101
01101010000100111000010000111000
00111011101100100011110101100100
10110100110001100010110011000101
00101110000010011111000001110100
00001001010001110100000111000001
11100100011000010010001001000100
01011111011010000100101000110101
00110110100001100001001100011100
11000011111011010010101100000110
01001010111110011101111111011000
00010001000001011100001011110011
00111010110100100011010001101100
00100011011000111101101001110100
01010110000011001001111111011001
11101101001010011001001110101100
11010111111110111110010010101010
01000001011001100101101010010011
11000011001110100110011011000110
01110110010010101100101110011010
01101110010001001011110010100001
00011001001100110010110101000001
00010111011010100010011100001001
01001110100100000111111010111001
00011100001011000110001101101001
00100110001101111101100111110000
00010011011100110011111001011110
00100001000010101111110100001111
11101010010001101101000101011010
11110111011110111010100111111000
01110010011010011100101101111111
01100101010010000100101111111010
01010111111110010111000101010000
11001000100001000011110100000100
10101101000010010001100110110001
01111101010010010001100110000111
01001101010111100111100000101011
01000110101010010101101111110001
11101100001100010000101000000011
11011110000010011010000001010111
11000101110011100111100101000001
01100010010100101100111100100011
01100100000000110001001100100001
10001100010111110001011101111011
11111100101011101111111001100101
00100000110111010001111011101100
10000011001100101011000110000000
11101010011000101110011010010001
11010101100010101111111101011110
01001011010010010110011001110110
10001000101010011101011111100101
11100011101001011001010111011010
10011010101110111001001011111010
11000110110000101010011110001100
11100000101101101001110001011100
11101110101101110110100101000100
01011000111100101110011011000101
00001111100010110000101010000101
01010000110100011011001011000100
01100100101011001011101000110100
11000010100011010010001100100100
11111010011010110010010011111001
10010000010100111010010010101110
10101100100111100010111010001001
00110010110010001111111011101000
01010001101110111101011100011111
10100100001010011000001101110010
00001011011100000111011111100110
00011111010000010001100001010011
01110111011110000010000000110001
01100010111110110111010101011100
10001010001111001101011000100110
10101001001000001101100111010000
01011001101111000001000000011010
11011110101010111000100010000010
11111101010111010001100111000101
00111100110010000000100000100001
10101101111101100100100011101010
10010111010001000100100111100010
11010011010100111110111000000110
00011001111001100111111111001001
11001110100111001010001011000001
00010110101111111101001100100001
10100000001111010000011101000001
11111010100101010110000010000111
00011001111101001010101111111000
10011010010011110110000000001011
00011111011111100101001011100010
01000000101001011110011000001010
01000010011000000110001110110000
10011011010111001001101101011001
10110100001101011110101110010100
10101110110000101001000110011010
10001101111111010111111001011110
01000010101010100111000000001010
10000011110001101001110100010001
01110000001010100001110110101101
00000111110111011111110011010111
11000011110110001010111111110010
01011010010100100111000010111001
11111010011001100010010011011011
01001010100101110001000110001011
00010111110111010101100110110010
11100101011110111100010100101010
01101001101001100001001000000000
00101001011010110011011101011101
00100101001001110111110101011110
11000010000111001111000100010001
01101100011001011100110111100101
11010110000110010000010110111101
01010111001100000110000011110010
10110011110010011100111111110001
10100101000000111001110101011010
01011001010100111111000110111110
10100101110011101001011100111111
11000000100001111010001010001001
01100111100011100011011110111110
00110111111010010000101111100110
10011101001110010010000001011101
11000110100111010000110110010110
01100011101010110011110010001111
11110010010010001110010110111100
11110101010001001011011000111010
00110010000111101000100001111011
01100011101001010011100111001100
10001000100010111111110111100101
10111000110111101001001000001001
11011001001001000000011110100000
01011011010000101000010110000010
11001010010101010111000100000101
11000011010011101101110001011000
00000011110100100010000111000001
00111101100011111101110111111010
10101111110100111100010011101101
10010011100011000100010110010000
10000110011001101100011101010101
10011010100110000000001100100111
11111001010111011000011000011110
11111110011001101101101010100000
01011100111100101100000110110011
11010010100011010011111010010001
00100011101000101101000000010011
10011110101111111110111111101001
01010111001011100110100101000010
11110011110111111100110110110000
11000111110100111010010001011100
00101001111110111101101001100001
01101111110110100010011100010110
00011001000010111000100100001111
11010000110011110111111101001000
11011011100110100101111111000111
11100110100011101101100110100001
01001010110110011000111100111100
01110111001001011111100010111001
00110100001000010100101110100100
11000001101110000000001011001110
00010111100011011110111111011110
10000101010011010101101011110110
11010010010000111101110011100111
11110001011111101001011101001011
01110110110000000000110100001110
00001110010111010010010000100011
00100001111001100101001000100100
11011100011011001111010111010100
11101111000110011111001110110001
11011000001101101001100001010000
11100100101000010011100100110111
00010110000100011101011000100010
10010011000001101001000001100101
11110110001111101011110011111011
11010110011110111001010000011001
10101000011011001110010010100111
00101111011010011110100010010011
11111101011100111011010010111110
00001111111000110110000010111111
01101111110010000011100011101011
10000100101100010001000101111101
11001011010110000101110011111011
01100011000000110010011100000000
01011110101101110011010111101111
11010000101011010000111100111110
11010010011001000011001001101111
11101101011101001111111011000111
11100000011001011001111001000011
01010110010010111101101011101101
00110001100110110000110011110001
11111100000011111100000000110000
00111000100010010110100111000101
10100100011100111001110011100010
01001010111000101000100000110101
01000100101011101010111001000010
11101011001100101110110001101011
10100100001100000001010000100001
11101101010100110101000101100000
01100010101100101001001000000000
11101011010011101011011100000011
11100110110010111010110000100111
01010100000001110111000110111100
01100111010111110001001111100000
01110011111001110001000100000000
00000000110011000011100111101110
01110010111011001100111011110110
11100101010010000100001010101011
01110110100001100011111011000010
00010011100010011001011010100000
01101000101000111001111110010000
11100000011100000001000100011011
10011000100001001000001110110101
11111101001100110001100111011001
10001110111100011111101011011000
11010100010000001001111111111011
01001000010011000101100101101100
10001101110101010001001100100100
00010010101101101111001100100011
11010101110011000000111111100010
01010011111001110010111111010111
00101110010001010110111000000011
11101101000010010110111110010000
01011101001001111010011110111100
01110111110011010001001011110111
00100011110010100000100111111111
00101010000001101101100111101101
00100110110001000100000011011001
01010110101001100001100101101111
11011010111101110110111111111001
10111100001110011101100111001000
10110111111100001111110101111000
00000100011101111110100111111000
10100110010111011100000100110101
00000100010000111000001110000110
00101000010011001000010010010101
11101101000001100011011100011110
11110000100011100101111010110100
10111110100001010001101111000001
10000011100100101110110111100110
10011100101111110111010011100110
00001011001011110001010101111110
01011101111011001010110101010100
00011100110001010011011001110101
01000010010000111100100000011011
11111100011011110010010100010001
01001111001110100101001111110101
10100001111011101011101101101011
11101100010111001000100010101110
00100000101100101001000111110101
00001001000000001011000111000010
01110111011010000001010101000100
11110100100011101101000010011000
00000001001101100110101100011101
01101101101101000111101101010011
00010101110011011011110010111110
00101001110001101111010100011100
01111111100111100101011100111101
11000111100110001001010001100111
11000111010010100111000010010000
11101100001000001111110000100101
11101011010000100100010101000001
11111010111101000101111110010011
10001001111000011000110100110010
11011010010101101110010111110101
01000110100010110110001010001110
10101111000010111011001011111010
11001101111001000011011011110101
10101100101000101100001001101010
11010110110100011110000111100110
01011010101000101110011001111110
01011011011010010111101011001111
01010101111000000011000010111111
11011001100111110010011101111111
11010001101101100101010000000110
11100100000101111010100101011100
01100101110110100101010010111111
11011011111000101011101000001001
11001010011100100011110110100001
01101010001110110000100010101010
10011111110110110011100110011110
00000110100010011011101111110011
10010100111011011001101001111100
01110011001111001110101011000101
00111001100100101100110001100100
00000011000001000111001001101001
01000100011000101011101111111010
11001011001100110110111100001000
00010100010110001111000010110001
10001110000110010111001100011111
10011011001010110011100100010000
01011100100110101001011111010101
10011010111000101100111110110111
11001100110101110011110111011001
01001110010111101011010000111000
10101111000001110110011000011100
10001110110110010011101111100011
11101110001010001111001111011001
10011101001010100001001011110000
00101011100101000001001100001101
11101110001011001010011010011111
00101100110111001110110110101101
11010111000001100110001010111010
11101101110001100100100010100111
10001111110110111010110010101010
10001001010000111111001101011110
11010110010010101001011110101011
10000010110100110100100111101010
00101001100011010000001111111000
01011011010000010110011111100110
01100101111001000001000100110011
01111011010111000100101100001100
11110010000001010010011000010010
00011001000011111001010101011000
01100111111111000000011111001111
01100001011100101111101010001000
11001001000010110101011001101101
11100110111010010110100110101011
11011111000100100111010010010111
11100100000111101111010110100111
11000100101110100001101101111110
00001100110101011101000001101010
01011101010001011000001011010011
00101010110101000111011100111100
00011110100011011110001110110110
11100110010000010000001010100101
11001110011011001011110010000011
01101000010010110101110000011111
11111011000111001111110111000011
10000011010111011101100111001111
10001001100001110111100101110000
10011101000000010011100110000100
10000011000101101101000110100001
11100001011101011011101101100101
00101011111000010101011110010110
11011010110110111100010010111101
10110001010000001010100100110001
01011111001111101001100001101000
11011100001010001110010101011001
00101101000100011111010100001110
10101101010010101100100000110110
01000101011110001001010100110010
10111111000101011111110111011000
10100111011110000010000101011001
10111001011001100111100101111010
01000010010100011001110111101010
01010001100001100100001101010010
11101111010011001111111001001110
00101110111110010100000101110000
10100000000101000111100001110110
10110110001001100111000010100010
01101011110001101011001011110011
11000000011101011011110010011010
01111010001110001011101111111110
01110110101101111010010101100011
01001111001011010010110010110100
01111000010010000101000110100101
10110011000100000100110100010100
10010000100000010101110111011010
01100110100000011101010000000110
00110111111011110100110101110010
00000001111000000011000101100010
11001000100010010111111000011011
00010100000101011011001111110110
11000011010011000111011010011111
10111101010111100100111011100001
00101000101100101110110101011111
11000101100110010111000000000101
01100011110001010000001100110111
01100000111010110100100000010011
01001010110110000100111010001110
10101101011011010110001110011101
10101100000100011011110100101000
10111110011000101110100010110111
10011001101101101110010110010000
10110000100101010100100101011010
00001110010010001011111000000010
11000100101000100111101111100000
10111001100010100011011101100000
11010101010000110010101110001101
00101000011100010100111100000011
00001111011010001110011001101011
00101111111100010011011101011010
01101110110010010100100010011101
01101110100101101011101101000100
00010110000101111000101011011011
11110010010011010000101110110001
00111001011011010101110101110011
00111110010101011110011010001001
10000010110011111011000111010100
10111110100110010111100111111010
10000110011111010100011011000111
11000101001001010010000000110100
01011000001010000101111101110100
10010101001110011100001001010100
01111100111011111111000101110110
01100100011101001011011101110101
11100111111010100100101010110000
00010111000000001100011100101110
01101110010111111000001011111101
00010000101010001110111000110110
01011100111100100100010110101010
00010011010011111011000000100110
01001111001000001010011011110110
10101000111111000111011111100010
01010001001100001011011010001111
00010010001101101001011011011101
11101001001110011010011111001111
00010101101100101011010000111111
10010010001101000111110110111110
10101110011001110000010111101100
11100111011010010100010001100001
11110010100011011010100100010011
01100011111000100101011001011001
10101111010011111110100011110111
01111100111111111101101000010010
11001111111010111010110100010111
00011101010010100001101000100000
01101001110101010000110000010001
00001010011000101101111101111000
10100100010000001001110111000011
10100010000000011110001010110001
00001000111001000110111001110011
11101011010010001111101010101010
00011100010001110011101111001100
01011100100110010111011101001101
10010010010000001000000010111000
10001011001101100101111011101100
01011101110111101111000011101000
10011110011111001010101111001111
01100011000011100110001000010011
10110010000110100101110001110111
11101000100010100011011011101001
00011001110010001000011110101001
01001101110001100111001001100110
11111110011000101111100001111101
10110100110001011010001110100110
11011010010110101000100111001010
00000011100000111001001100101111
11110011001101110100010100000010
01001010111001111100111000101000
10011001010001111011010000101011
01001100101001011010011011011110
10110001010101010001100001011101
10111111111010100011001010110111
11001011010100100110110011011001
00000100010001001010100000101110
10010000010010100111100011010010
00010111100010010010011000000111
11100010010110101011001010101111
11011110011011010101010110100100
11011011000101100100011001101010
10101100011101110001010010110111
11101000101000001111100101100011
11010000100101010011010010010100
11000111101110101011000100101001
11101110100110000010010100011100
10011111000101010100000110011100
10011000101010111010111100011000
01100100111101000001011001110100
10011111101100001010111011000000
10001100101110111110110111110001
10110011001011011111110100111010
11110011111111110001001110110100
10011110000001011101011111011001
01110111011011111111011010010100
00110010000100111101000011100111
00010000111010101010100000110011
00010110000111110101111011111000
01101111111000011010011001011100
10011011110000101110011110101011
01111000011010000101101110011111
00010100111010100001011111100010
01001010010010011110100000111001
01001110111010110110101010110000
10000111011100111010110100011111
11110000111001101011000111001000
10110011011000001110111110011100
10111011110100000101110000111111
10101111110011110001100001000111
11001001001010001010111100110100
10101110110000111101100100110001
00110100001110101101000010000011
00010110100101110111001011011010
11011000110000101100101110110010
00110110000001010100011110110010
00101111001101100000010111001101
10110111110101000111111110111001
01110001111110111110001010111010
10010001110111010010100110110100
10111001010000000011000111111000
00010011011001010001110100111000
10101100011000111100100010100010
10010111111110000101111001100000
10100101001111011010100110101110
10001010011111001000001110011011
00100110100111010010101000010111
10010101010010111110101110011111
11010000110100011011001001001100
00011011011000011001011100010100
11111100011110010011110110001111
11001000010111111001101111110010
01110101110101000110100010110101
01110110110111001111001101010110
01000100011100111000011100011000
11101010000111011111000011111011
10010100110011010010100111010101
10111011011111100001000000001001
00000101110010001001100110111101
11000111110101100100101100111011
01111111100110111110000000110110
00010100010010100011111111001000
01101101101111110101111111000000
01001001100011111111111000110000
10101010110101110101110001010100
10010010100010111010101000011000
10010010011100101001111000111000
11000100001100001101101100010101
00110101111001001001000001111111
10100111111011001001100000111110
00101000001001110000011100001101
00101010011101111010011001111010
01100010011110110111110011001000
10001110000011111010111000000111
01010101000000111111111000010101
01110000001111111110110000010001
01010001000000100100000111001010
00010101101001001010010111001111
10101011001011010001101110001000
01100111111010000110100100000101
11101010110011001111101111000011
00100110011010111001110110110101
01110011100000111010110101001111
10101011111011101000011000110101
01000100111110000110001011101010
01110111101101101001011011111111
11110101110000001110010001111100
10101001100100110010110101110100
00000110111101010011110101100001
10010100100101110111010011100010
00011011101101101111100000010100
01deg=19937
deg lcm poly = 19968
weight = 8631
10000000100000000000000000000000
10000000100000000000000000000000
10000000100000000000000000000000
10000000100000000000000000000000
00000000000000000000000000000000
00000000000000000000000000000000
00000000000000000000000000000000
00000000000000000000000000000000
00000000000000000000000000000000
00000000000000000000000000000000
00000000000000000000000000000000
00000000000000000000000000000000
00000000000000000000000000000000
00000000000000000000000000000000
00000000000000000000000000000000
00000000000000000000000000000000
00000000000000000000000000000000
00000000000000000000000000000000
00000000000000000000000000000000
00000000000000000000000000000000
00000000000000000000000000000000
00000000000000000000000000000000
00000000000000000000000000000000
00000000000000000000000000000000
00000000000000000000000000000000
00000000000000000000000000000000
00000000000000000000000000000000
00000000000000000000000000000000
00000000000000000000000000000000
00000000000000000000010000000100
00000000000000000000010000000100
00000000000000000000010101010000
00000000000000000000010101010000
00000000000000000001010000010100
00000000000000000001010000010100
00000000000000000000011001100000
00000000000000000000011001100000
00000000000000000001001100100000
00000000000000000001001100100000
00000000000000000010101010000000
00000000000000000010101010000000
00000000000000000011011101000000
00000000000000000011011101000000
00000000000010000010101000000000
00000000000010000010101000000000
00000000000010001001010101000000
00000000000010001001010101000000
00000000000000000111000010000000
10000000000000000111000010000000
10000000000001111011001100000000
10000000000001111011001100000000
10000000011011100110000100000000
00000000011011100110000100000000
00000000011010001111101100000000
00000000011010001111101100000000
00000000100011000000000100000000
00000000100011000000000100000000
00000000101101011011000000000000
00000000101101011011000000000000
00000000101101110001011100000000
00000000101101110001011100000000
00000000001010000111110100000000
00000000001010000111110100000000
00000011111001110000000000000000
00000011111001110000000000000000
00000011100111100100011000000000
00000011100111100100011000000000
00001111110101010010011000000000
00001111110101010010011000000000
00001110000110010110000000000000
00001110000110010110000000000000
00011110000101111000010000000000
00011110000101111000010000000000
10010101111111111011010000000000
10010101111111111011010000000000
10100111001101011001000000000000
10100111001101011001000000000000
00101000110111011000011111111111
11010111001000100111100000000010
01110000100111011110011111111101
10001111011000100001100000000010
10010000010000000111010101010111
11000101000101010010000000000110
10000101101111111000011001100000
11100011110110011110000000001011
00001011001101111110110011000111
11000111111110110010000000001010
01011110101000101000000000001010
01011110101000101000000000011111
01001111000100101010111011110001
10100001111111000100000000010111
10111101001100000010111011111001
01010011110111101100000000000011
01111010100111111111011101110100
00001101111010001000010001001100
00010010010011011000101101000011
00011101010000101000010000001101
01011001111100101110010111101100
10111000000100110000110110100011
10100011101000010111010111011011
11011011110110010000010110111010
11001000010000011011101100000100
01110110111111110001100000010011
01110100000111111001101010010001
11110110100111010001111111100100
01001010101110100110110110010110
00111000110010000001110100110011
01110001110000101001000010111110
11111100010011110000100000011100
11101010001101000110000101110101
10000011010111010100100110100010
10110111101001100010111111000100
11010001110000000000001000001010
01101110001110101100111011000110
10100010111101110110111010011000
00000111010100110010101011011100
01000011000101101010111011000101
10101100101011001100001010101001
11000000110000111101100010010001
11010110001100001100111110000110
11000001001001000111000111110010
00101000001111100111101111111000
00100010000001111110011010010011
11111100011101101011001111000110
10101001011001101001111110001101
00111011101110010110100001111010
11001100001110011101001101010001
10111110011000000110101011101000
00000110011010100100101011001110
11100111010110010101010010000101
11111001101111110101101011000110
10001001110100111001000001101010
01000001010011010001000100010100
01100000000111011100110100000100
10111110111011110011100010001101
01101000010111101000001110011100
11010001010011000001101000001100
11010100000011000001001010001100
11011100011001010011011011000100
00011101100101000110010110110101
01011011110001000111010101000111
00100100111001001001110100100111
11001100100101001000011110011010
01001011000110011111101000010111
10011110010110001010110011101010
00011001101110110100100010001001
11011010011011100110111100000011
01111101100001001000101011101001
01010010110110010001010001101101
00111011110010101010011101111101
00001000111110000001101011100001
10001010101010111010001010110001
00000010101011110011001100001101
10110110011000010001011011000010
00111011110100101111101110000100
00100011110101001100010010000010
11010111100111101110100110010111
00000010000001001101011000001010
10001010001000001000100010101110
10110101001010001000101010101110
01010110111100110000100110110010
11111111101111111110011010011010
10010100001100101110101010111001
10000110000110011001100010001100
00110111111011110100011011111011
11100111101001100101000010110000
00100000111011100110111011100010
01110111110100001101110100010011
11111000010001011010000000010011
11010000011111111011100010110000
00101110101001110111100111001101
10100101110010011100011001000100
11011010001101111100000010010010
00101010100111010010000001001101
10111111110000011101100010110110
01000001011110011010101000001111
10101000010010101101000010000111
11000110001100101110111000011000
00111001100100101111111111101010
11111011000000101010000101011011
01000100011001100111011010011100
00001011010110001110010011010000
00111011000101100101010010111101
11111111111101100011101110011010
01101010111001111000111110001001
10111101101010110110101001101000
00111011110001101110101001101011
11111101010001110010011100010111
10001000010001111101101111110111
10101011011001001110101001110100
10000000101101110000100111011101
11101110100111110001111101100101
10000110100100000111001111101100
11101000101110010000000111000000
10010110110010011101001001011111
00110101111111011100110011010101
11100010100101001101101000000011
11010110010110110001101011011000
00010000111000100111110110010001
01011101101100100100100111011000
11010100101110101000111110010111
01011110100001000000001100001110
00000000001000100011100110110011
11100101111110110101101011110110
00101111011010011001110010000001
01010000000000101111110010101010
01001110000111101111010001000100
00111000000001101001100101011010
01010110101110100100011000110000
01001110011101000001010000101110
01001110011011001101110011000110
10010101001100100111010101001001
11100110110011110010001101111110
11000111001101111000110001011100
01110000100001100011011001101111
10000010111101110011011101011000
00111111001111010110010011110010
00110010011110100001000100100001
11111000101010110111110011010000
10101111110111010001000110010011
01110100000001001110101110000101
10000110011100110101111110000000
10010011110011001000010010101001
11010010100010110100001110010011
00001001101001111101010100111100
10000110000111110000101010110000
01011001011011001001100011000011
00101000101011001110000111011100
10101000001110111000000011001100
11010101001100100011111000111101
00110000101001001101010011011100
10101011010110100001100010100101
11100000100000000111110100011100
00101101101010110110101111111110
10010011101110001101010001011101
00110000100100110010111101000110
10101111101100001000001100101100
01100011100001011001010110101001
00011000011000110110010110011100
01110111101110000011100011010100
11111000101001000000000101110111
01010101000101111001011101100000
11100011011011010111101100011011
01010110101011110101101100100000
11010001010001100111011101000110
00010001111110111001111111010101
00101101010001001010110001111111
00110000000111101110101100000111
10110111101101101010110010100011
00010100111011111100000000110001
01110110011000111110000101110010
11110010100100000001010111001001
11000011010100010001100011000101
00010000010010110001010110101100
00000001111111001110010001001011
01010100011011011011110110110011
01101111001010011111110010100001
00001000110101000000101011110110
01011111101100010010001110010100
11001011110111000110011110111010
10100001000100000111010101010000
01101001111010001001011100110010
11011100100101011110111111011110
11001010001001010100100001100101
10001000000101110010110001001010
01110111110101100110100110001111
01110101110110010101001010000010
01001000101011100101011010111110
10011110010001001001001101100011
10011001011010111000111110111100
00010001010100011010000000011110
10100010010111011101111011110101
10100000111000101101100100111010
01101011000100111100000111000010
11001111101110110001110001010101
11000101010101101110111010100111
11001111000110010101101100100010
01000100011011001101000101101000
01000010110111101001001011010111
11111001110111000110111010001001
10010001010011110010110110011111
01100111101001010110110110000101
01101010001100010010110111010101
01100001100011100000001100101001
01000111101111000101000000100101
01101011110101011111110100100110
00110001111011101100000101100111
01001101010101111111111001000001
10111110000001111000101100000011
11010011010010100101101000110001
01001101110000111001100100010000
10101101100010011110010000111101
10100000010000110000010100011111
10000000000000100010000101100011
10111001011110110010110010100111
11100001100110001111001110100010
01001010101110110000110101000101
01110001000100111100010001100111
00110001111010100111111011001011
00100000110011011000011111000001
10001010011011111111000110101101
11110011011001001110110010000101
01011100011110000011100011110001
00110100001000011010010100101100
10110101111100100111010101000011
10010011111101001010101101100111
11010110110101010101101100100001
10101111010010010011101110110101
11011100100111000000110100101111
01010100000010110001110100010000
11011100010011001000001100010111
00111101111010101100011010111111
01100110000111111100000011010000
10010011001000100000011111111101
11001100001000110101000110110001
11100111111100111111101000100000
01101001100100010101000000010110
10111011110000011111100000111010
10110111111000001001111100000000
00010110101110011110110001000111
11010111100001000000011010111111
00100001100000010011100110101000
11100111000000111110101101101110
00110111001111011111111111000011
11111111000010100110100001110111
00001100101001111101111001101001
10000110010010100001111001101001
11101111110000010011110111110010
01011001111110110010000100101011
11001011011111011110100110100001
10100000101011111001000001100000
00100001000111010111000000101111
00100100111110101010000010000001
11100001011110011110111100100101
01000100011011110110001011010100
01010011010111001010000101000001
00001010110111110101111000000111
10101010011100010100111000011010
11001001011000010010011001010010
01110001011001110000100010110110
10111111110010110000000101110001
01000001110111110101100101111101
00110010111000101110100100100100
00110111011100000001110100011111
10110011001101111001110101100001
11111010111000111101110010011111
10100111110111000011100110011110
11111010110101001000001111100011
11001001010000011011111111001101
11011010010110100100000010111100
01010100100110000011111100000011
00110001011100111010011111101000
00011001011100011000111001110111
11111001010111111110011100101000
00101111111111110011011001011001
00000110000000010110010110110000
10101110110010111000100001010100
10011001100001110110110101111100
01011110111111101110011010101110
11001110001001111011101100100101
00111010110111110100010000011001
11101000000111001100110000100110
11000100011010111011111101001111
11010000001101010111001010000111
10010100000100010101000100100111
00010110100101110000010100100100
11101110111110011011001001110110
11001111101000111010011010001101
10101010010001011011011000101001
01100110001110010111100101101110
11111101101010100011000011001000
00110000000110001000001100101100
11110001101100010101110110000111
11100111010000110110010110110101
11110101100011001110100110111100
00011011110100011110100110011110
00100010101010101001001100110111
10011011111000000111110000001111
10001101101110111001011011010001
00010110010000001100110100000100
10110110010101110000000101110110
01001101011011010111011011001000
10101000000111001011110111101001
10000011001110110101001110011011
10110010111100001011001010110010
01111110100000001001110111100110
11101110101011000110001001011001
10101110011100111010000101001110
00111010101100100101001111110110
11010000111001011010100010110111
11011001011100001111110010111101
11100001110100111110101101111100
00010111001001000111001001001011
01101110001010101100000000001010
11110000100100000010000000111011
10000101011101011110100010111100
01011000010100001101111111100000
01010001110000100010011101110110
00010110000101000101111111111101
10011111111100101111111111111000
01000100110011101100000011111010
11111110100111100101111110111110
00000100000000010000110100000111
01100000001101110000100001110000
11000011010111010100111001101100
00000101100010001110011011001100
10110001100100101011111100011100
00110000100111011011011011101110
11011011111000010110000010001111
11001011010010011110110110000101
10111000100101101110101001011111
01000000000111001010011100000010
01001111001001001001111010111101
10111100111100110111111011101111
10011000010000101110011000010111
11010001011000011110001011100101
00100100010000011110001110011110
10101101010011001100010011010011
00111011101100000111010001011100
10001111100010011111011010001011
10000011100111010101001111001101
00000011001000000000010001110001
00110001111010010010101100011100
01001000101010101001000001111000
11010111110011010101010010110011
01011011010111000000010000101110
01101110110111100101101101100100
11110110011001000000010000011101
00101010100101100000000010001011
00100010101010101001000001100101
11101011101101100110111111100010
00010110110110100111010001001110
11011100110001001001101111110001
11110010110010000001011111000000
01010110011001011111000110111010
10110001000010011001111010101100
01110010010100100001011110011011
01010110011100001101110101111110
11100101111111111110000101010111
01101100100111000000000110001000
01000000001100000001110000101100
01111001111110000001000110110011
00000010001111100011010110110110
11001110010001000001001011011000
10001011101101000010110001001100
00000001000111001100111000100000
10100100100010011111000111111011
01110011100110000111110100010100
01000011111011111110111000010001
00010001100101101000100010011000
10100001011101111000111010000010
10010100101011101000001010101110
01100001011010010101011111100011
01111000101110011111011100010001
10001110111010010011110000010100
10111011110001001110001101011010
00011010111110100111100000001000
01000010101100010111001100000000
10111101110111001001101100101110
11000111111011110110000111110111
00011010000010100010010000111111
11111100001110100011011001000011
10011111011001001000101100110011
10011010111111111110001001111001
00000100110110110011111101000001
10101100010110101001010001111101
00001111001010000011011001010110
00011011100011110001010011101000
11110011101111010110111010000001
01100100010100001111111111010001
11000001111000101111011001000001
10000111011011011110101111110100
10001010111111110110101111110111
00110111110010101000011000010010
00001010110100001110111011101111
01110111110001101010011010001111
00111101101101010111000001101010
10010101010100110101010111111011
10110011001101010110100001111101
10110111010100010010011101000010
01000110111001001000111001110110
10001110110110000111100101011100
11111001000010001000000101010010
00000011110100100110110000101001
10101000101110110011101010101001
01101010100110001000011011011100
11010010100100010000000011101111
11001101111001101010011000100011
10011101111101010110100111000111
11001001100001110001000101100110
00100011000011110111001110010000
01001001111001011011000110010000
00110011001010100110110100001000
00100111101000000010100110100100
10100111100000111000001000011010
00000100010100101001011000100011
01000100101011101110001010110111
10000011100011100101100110101100
00100101000011101000011010111000
01110000010000101101110100110000
00001010010000011010010001011101
01010000101110101110101100010000
11101010000000010110010001100100
00000001101111101010110101001111
11101000101110100010110100111100
11111011011011001111110100101111
01001001100110001101011111011111
01101100100111100010110100010011
11010001010010011100100000111100
00100001010011101001000011101100
11110110001011000000100101111000
10110011011100101110000011001000
10011111001111011011000100110010
01111110110001001010111101011111
00001001001011100100011010001111
11110111010010100100001100101000
00100000000110001111100011000001
10100000011101011110001011010110
11001110001111100001000000101011
10001011111110110001110001111101
11110011010010010100011000000010
11001101111110100001100101101111
00000000000010100011001000100100
00101100000001110000110010100101
00000111010100001111100000010111
00010010101101110100101111101110
11001101110100001101100111110111
01010100111010101000111011010100
11010100101011001011011111000110
10000000001100010110100010000010
10111110001110010011011010011111
11011011101011001011110100011101
01000000101100000001011000111011
00011101101111011100001111001110
00011010110110100110110100000100
10100110001011100010110001110111
00010111000010001110101010111010
10010110010100100010111011010110
01101001010110110010100000000000
10100001001010001101001011011111
11000000100111100001011101001101
00011000110010111100100010101011
11110001110110010000010001101010
00111111101010010010010000000111
01011111110111011101110110001100
01111011110000000010011110111111
00010110000001111010101000001100
01100100010010101010001000001010
11011000000010101111010001010101
01001010110100111010011000111111
11100010110001001011110111101011
01011100111100010011110110000011
11110010110001110001110010011101
01010001010000111011001110000001
11010000000010110010110011110110
10111001110100001100000010010101
00101011100110111100011100001100
11101100110000110011100010100000
11010011000001011110100010010010
01000101100111000011011001010110
11001111001011101010101000111010
11100001000011100001010000111101
00101001110010001111001100101001
01001111111100100000101101011101
11001011010001111011011100110110
10010110111110111100100110111110
11011101100001000110100101111010
11100000000110101101010000010010
11111100010110111011110001000010
00101010000011100011101100001001
11011100010100110010111011001010
11010001000101101110001111101101
00100101010111111101111100011000
10111110111011110001100100010001
11000011000011000010011011001010
10010110000101110010000100000011
01111111111011111101010110001011
01000011000001000110100111100100
01110101110001111000001110001000
00000111011010101000100101011001
10011011000010110011000101001101
00011001110010101011100110000111
00000000011000000000001101011000
10101010011110010001001011111010
00000000000000101011011010010111
01111000000101011011110011110010
00000000000000001010111000000111
00010001110010011000110011111101
00000000000000100010001000111110
10010100000010011110001101100000
00000000000000000000011000011010
00100001000110000000010100100000
00000000000000000100010001110111
01000100010010000110100101010110
00000000000001000100010001000110
01101111010011101110011111000000
00000000000000000000000111010110
01111001110101100111100000000000
00000000000000000000010000100110
00000100001001100010010000100100
00000000000000000000000000000000
00000110000111110000100100010000
00000000000000000000000000011001
10110000011111111101011000000000
00000000000000000000000000000000
00000000000000000011110000111100
00000000000000000000000000000000
00000000000000011110000010110100
00000000000000000000000000000000
00000000000000000000000000000000
00000000000000000000000000000000
00000000000000000000000000000000
00000000000000000000000000000000
00000000000000000000000000000000
00000000000000000000000000000000
00000000000000000000000000000000
00000000000000000000000000000000
00000000000000000000000000000000
00000000000000000000000000000000
00000000000000000011111111000000
00000000000000000000000000000000
00000000000000000000000000000000
00000000000000000000000000000000
00000000000000000000000000000000
1deg=19968
deg tmp = 31
52 bit k-distribution
k(1) = 19934
k(2) = 9968
k(3) = 6645
k(4) = 4983
k(5) = 3987
k(6) = 3322
k(7) = 2847
k(8) = 2491
k(9) = 2215
k(10) = 1993
k(11) = 1812
k(12) = 1661
k(13) = 1533
k(14) = 1424
k(15) = 1324
k(16) = 1232
k(17) = 1172
k(18) = 1063
k(19) = 769
k(20) = 768
k(21) = 768
k(22) = 768
k(23) = 768
k(24) = 643
k(25) = 642
k(26) = 642
k(27) = 513
k(28) = 512
k(29) = 512
k(30) = 384
k(31) = 384
k(32) = 384
k(33) = 384
k(34) = 384
k(35) = 384
k(36) = 384
k(37) = 384
k(38) = 384
k(39) = 384
k(40) = 384
k(41) = 384
k(42) = 384
k(43) = 384
k(44) = 384
k(45) = 384
k(46) = 384
k(47) = 384
k(48) = 384
k(49) = 384
k(50) = 384
k(51) = 384
k(52) = 383
52bit D.D:   4710, DUP:   26
