mexp = 19937, maxdegree = 19968
filename:resD11.19937.magi02.061105.02.txt
POS1 = 141
SL1 = 18
SL2 = 5
SR1 = 5
SR2 = 8
MSK1 = ffcf7ef7ffffffda
MSK2 = afcf9bfbefeebefe
deg poly = 19937
10111000010110100000101101010110
01111001011001110111111110100010
01001111101001111011011010001110
00010110110111110110100011000000
00101110111100110000010101100000
01110010100111101111001100010000
00110011111001101100110110100110
01011100000010001000101011111010
00100111011001001101001111100110
10101100000111110110010101001101
00010011100101011110000101110101
01000110010110001010000110110001
01001101111000000100011011110100
00100110001011010101111000101100
10011111101111110101010011010101
11101000100011101101100110101011
11010110000110100101101010101011
00110101101111111000001010001001
00000011011001001111110001001100
01010110000010001000011000100101
11110110000011110100000010111001
00111100010101110001000010110110
10111110010011101001011000001001
01111001001010010000001010101111
11100111010011010101001101110100
11010110011100110000010001000110
01101011111101000000000010010101
10011111000101011101001110101000
01100010010000100101010111010100
11011110111000101001111100010000
11100000000111010001111010100000
10110110100110110001110111001110
10011101010110001000100101000000
00100110000100100100001001101000
01100000010110010010000000000001
01111111101101001110011100000110
10110000000011100110100100011100
00010110001000010001010000000011
01101100110110011010011111010011
11011001000100011110001000101100
10000101111001101001101010010010
11110110001000010000000000111101
11011100101010110000011110000000
00000111111000001100001010100001
11100101010010001100111010000111
00110001010111010100010100000110
11111110100111100001111001101001
10010011111001110011110111110101
00000110101000110101100110000001
01000011000101110111000001011110
11000101111111111011000011011111
11011110101001100111101010101111
10111100000101100101001111001110
00101110100111000100011010001000
00111100000000011101110011010110
10011011111010001010011100110100
10011001111011101110101111110011
11010111010111000001010100001000
11101011100011001010100010000010
11001010100101001100100111010101
01010001011011011111011101011000
11001111001000100100100001011100
00110110001110011110100010010100
01001000001001101111100011101111
11111101101101111100011011000101
10010000111010010000011001010010
11010000111001001010110001101100
00100111110011011111101111100011
01001100011001001001001011000101
00000100010100000100110001011011
10010101111010010101011111111110
10110011100000001001110110000001
11111010000010010010110010100001
11010101011001110000011110011100
11001001001110110001101111000101
01101000100100110101110100000010
00101101001101011010010000110011
10001000101001110110011110000101
10011111010100001011011111011100
00110000000001111101000010001101
10011001001101111101011001100110
01011110101100011101010001011001
11011010100101101000000000100000
01100010010101101010101100101010
11111011101000110000010000111110
00100101111000000101111000111001
00100011111000100110010001111011
10000101011100001110110001011001
11111110001110000011011101010110
01110100101010100011000000110010
11111001111001100100110111001101
00010110011011100011001001010000
01001111000100011001010110111111
00011100001101001111011010001101
00101100001001100000110101000101
00010011111001011000110001000000
10001101111001101100100111011111
00000010100110100111111001111101
10111101110111010110010110110010
11111001010000010101000101010010
11100101100001010100110110011110
01000110100000010101001111100010
11011111010010100000100000010000
01010011101110101111010101101011
10010010001100100111000011101110
01110010010011011011000111010101
10111001010010110001010110110010
00011111000111101010011000011011
11000001011001111001000100001010
01101111110100110001111001011011
10001111111100100110100000100011
00110100001001001100010110001101
10101001001111011010000100101100
01110110100010111111101110011110
10111101010101110000010000111001
11101110000001100110110001100000
01011010110100001001101111101111
11111011101000001111100010000000
11010100111001111011000111101110
10010010000110110010111000011101
00100000110000100011101100110101
10000110001010111000000101011110
11000110010111010000000011000101
11111011101100101100101001001100
11011100101110100001010111110100
01000011111001111010100100111101
00011001100101001111001011111000
11110101010010110101100000001001
01101000010011011000101000111111
11100101111011110111111001000110
01011011000100011110001111000110
11111111000100110010010011101111
11100110000000000010000111000101
01111110000100010111101001100110
10111100010110000101100110010001
10001000110010001101011110001110
01101101100010100010100111100011
11110001100110001011001110001110
01000100001101111001100100011110
11000000101001110001101110010011
01000110000111000100111010001111
10111001100100000100001100011101
00110111010100101111011100100100
00101001111110001101101010111110
01101010011100101011101101011101
01101000111010000000101001000110
00100001111001001101100001100110
11010010011111111000111010111000
11111000010111111110010011101111
00100011110000100000111110111000
00011110011101000011111011000101
00111111000001111001010100111100
00100011010001000111111110100111
11001110010010110000111010100110
01111001111111111111111101100100
00010101001100011011000111101001
00111111111101100010111010011000
11110001111011101011001110000110
01111011110101101000110110010011
10000111100011100011010101111111
10000001111000111100100111111011
10111000100000001010011000110101
01000010001101001110000100001111
10000000101101110001101100110100
10101001001011100100111011000001
01010001001101100101111011010001
10010100001001110111011001111000
10010011001001000111010101111000
01110111000111010001010100001011
01001010100010111100011011111001
10101000000111011001101111001100
01101011111100011011100001110001
00111100100000110101000100011110
00001000001111101011110010010011
00000110010001101001110101100000
10001011010101010110110111110100
10100111000111111111101111111001
00000001100101111000010101001011
11010110010000101001100110010100
00100011001111001001101101100100
01101111010000011011101111111100
01010110010100011000110011110011
11011100100101101001010000101001
01100101100101100100011011011011
10100110001110110011100100110100
10110100001001111100111001110010
11000100101100110110001010010111
11011010101001000101111100111011
11011100110110010000000010100000
00111001001110000011001001110001
00100101100011100100101100100101
00000101000000010001101000010001
10001110011011110001010011000110
00110111110001101111000100000000
00011001010101010000100111000111
00111000110101111110011101100000
11111000001010010110011111110110
10110110111110011100100010111110
01100001100101000111001110000010
11010111001111101101101011001010
11001011100010001011111101110110
11010010000001010011011000000110
11100010101101001000100011101001
01110111011001110011010110110110
01100011100010000010100110100000
10000000001000011101110101001111
11100111110111010001011111010110
10010100001001001100010011011111
01010010011110100100011100101011
01111000011111010011000101101100
00001011110101111010111101101101
00101101110111110000110001101111
10000001010000100101000100011000
01011001110110111100001101100100
11001111111010010001110010011110
11000001100010100000111000110001
01011001000000011101110100101011
11110101000001000010001111111100
10111100010000011100111010000110
01101000101010101011111011111011
01110110111000001110011011010100
10001000111000000011101000110010
10101000001000101011100010001000
01101001010101101110010011111100
10000001101000101000101101010010
00110010111010001011111111001110
01101110011001001000001001111000
10010100001101011101110111001101
01011001111010010001000101101000
11011101101011101101111111100011
10000011011011111010001100000111
10000000100101001000011010010001
11101011000101101001100110110011
00110100111101101000001000100001
01111011110100100101100010011110
10011101011101000111010010101011
10110011011100000010110010110000
11100100111100110001000000001000
11000011100110100001001100001000
00010110001000100111011111100001
01010010010001101101101011100101
00111110000110101110101101100000
11000111110110100100110110100110
00000001001100111010001101010111
11101001111100100001111100000001
10110110110101101111110110001101
11001101001101110001011110111010
10100001111010001110011010100001
00100001011110011110011001011011
00001011110011001111110100101101
00110110000000111111010001111000
11100010010100100010000000100000
01011100011010111010100000101000
01110010110010110111100101101110
01100111101001000100101011000011
00000000010100011011111010101111
00100001101010111011011101000101
10100100010001001010110100111001
00111100111100111101001100000011
00011111000101111110010110111110
01101001011111010111010100001011
10100010000111111111101110100001
01100110000100100010001000011110
10000111110101011010111011010010
11000111110001100001100111011010
10000111101101100010001000100111
10001100011001001101000110001111
01010101100001000100110111001010
11111111001000110111110111010100
10100000010111110110000110111111
00101001100101011000011110110111
00011110000011110111111110000110
00000011110111010001111110101000
01111000110100011010010110001001
01111010000111101100101011100100
10100111111101010111100010011011
01010000010010100000011011001101
11100001010101001010000000111110
11001011010110100011110110100101
00111110111100101011000110000100
00011110110001010000010110011101
01111011010001101001001111110011
00110110010000100000101111110111
10011001010101011111000001101110
11010000001110100000101101010110
01011110001011010111000010011000
11000100011111111010011011010001
01011101111001101100100111110111
10111111111110100100101100101000
00101111001110100010110100000101
10110000101001001001101010111110
11000000010111001010100100011110
00110001111000110011011111000011
10111110011010011110110001100101
11001110011000110000000111101001
10101100000110110111000010111110
11110110111101111000010111110100
10101010010001010100110001100000
01001110010010101010111000111111
01111101100100110001000100100101
10110111000000100100001011001011
11010000011011010111110001101110
00010001011000101111011000111110
01101011100100111110011110000000
10001111010010001101000101010111
01000000001001010110100001101001
11111110001011111001111010001101
11110000010101101010110100101100
01010011110101110010010111011000
00110000010010000001100111001010
11001111001011000100110111000101
10001100000011100101101000111110
11111010010011000011000110111111
10101001001000000101101011000101
00111000101101001001101101000110
11101110101110001010011101010011
11011010111101111110110001001011
00001111001111111011101000110111
00111011010000110111101011011101
01110000100110010101010001111100
10100110000001011100111000010111
10011110000011000011001110011000
10101101011101110101000101111011
10010011010001110111000111000111
00010011000100000110000000100011
11011011110000001001110101101000
11101111011000111001110101010001
10010011111001001110101110100110
00010101011110000110101110110101
11100000011110010001001001111100
11111110110010111010111000100111
01000100110111111100000101011001
01011101011011111011000110000011
01100011111100010011101001100111
00000100011100111100000111010010
10101010111011001001011110000011
10101111011001100111001001110100
01000111101101110001110111101010
01001010110000100111011111011011
00000010100100110110001000100100
00100011100001110001001100100101
11110001110101010011111110010111
00000110101100101101110100110111
11010010111110100001101010011001
01010110011100111011111001001000
01111100110111010111010101011101
01100001010010111011101010111111
10001001110111011110011111101001
11000011100001011001110011000010
01010011111001001111001101011100
10010101110110101001100100001110
01101100010010111000011100110100
10010001000000001000100100101001
00000110001110111100100111000101
11101101011001101010100110111100
10111001111010010101101101001001
10001110110111011101011000110011
10110101110010100101100111101111
10100110000010011010110011111011
01010101100110100110010100100100
11011101100000001011111111101001
01100010010101111011111001000101
01101010101000001000100110100110
10000010010101000010111011110101
10001010001000110110111011001110
10100001101110001010111101000000
11011101100100100000101011111001
01100101001010000101101000000101
11001000111010110110110110010000
11111100010011000000110111110100
01010110001000110000010000011011
01101101100001111010101000011011
10110111101101000111011101000011
10101100101111110010001110110111
01100100110011111001111101111011
00101101111110110000101111010010
01110011110111000101001010010010
10101110101001110111011100110011
10011110001100001001001111100010
00110100110111111010010000111100
11011001000111100110101111110101
00011101000100100000001010001100
01101110111111101011001001100100
00101110001100000110000101001100
01010110001010011000110011111110
10110110001010110100011010101111
00111101110100001001111001110100
01000001010110100011110001010100
01111010010101110111100011001000
10011000010110110001100011001010
10001001011100110010010011011101
11110110000111101000100101011100
11010100110110011101110001011011
11011101110100010110100000110101
10110100011000011100110101100000
01010111011011100101000010001101
01101000011110101010010010001110
10000000011100000100000100111100
01100011011110100110100110110111
11000011001100100011100100101110
01000011011011000000101010010111
11001101011000100010101011100111
01001000000111110010010110000111
11001000010011011010001110001100
01101101101110000101010100110011
01101001100111001101111010110011
11110100111100001010111011010100
01011011100111000001100101011100
10000000111010000100111111111001
10000011111100000101111101101100
11110011111010101111101110011011
00000001000010101001100101110100
11011000010101000100000100100001
01111010010011101010001011101010
00011011010101101100011111101010
10011110000000100001110110101111
01010110011101000111010110011111
10101100010100111101111010110000
11100011100110010100100011100111
11100110001011010000101100011011
00110110101000110100110011010001
00101010100101111001000000001101
10000000010001000110010100111001
00111101101010111010100100000011
10110000101100011011011100000011
11000001000000100111110111111110
00001000100111000000001010111101
11011111111111101110111100101100
00110010100110000111011000101110
00100101000010010101100010101000
01011000111001000001111100001101
11000110011111011010100111011100
00110010001100011000110111101110
10011110111011110010010101101001
11111011011101100101101000000011
11010110001110010001011001110010
01101101010100011001000111100010
00101010101111000101101000111011
01000111000110100110001011111100
11010001001111101100100100001111
11001011101110011101100010000001
01100011011101101001011000011010
01111001111001110011111101110100
00000011100100110100101101011101
00100001100110111110001111000000
01010110101100011000001110100001
11010011010011101010100101101100
11111010000010001001100101010101
11000110111111010001010101010011
10010100100000011100110001100101
00010101010101000011000110101111
11011011110111100101001000101000
11100101001110101010110000001111
00101011100000101000001110111111
01101001100111011011010001011101
01001001100010000100111010010111
11010001010100001111001111101110
00100001011011000110110101001010
00000010000001010001101001010100
00001001110001111001111110011000
11001101101111101111001111011001
11101110110001101100100010101101
11000101000000001100001100010000
11001101110111100100001110001001
00010001111101000110101010111011
00111100111110011111111011011101
11010100100110100010011010110001
01111011010100110011110010110101
10001100100001011101100101000010
10111110011101100000110110001111
00101001111110010011001110000111
11110100100011110100000001001110
10001000100110100000111101001111
01001110101100110111010111001111
01101000010010110101101100000000
00101000011111111101101111110011
10000000110010011101000100001001
11101010100110001001010010101001
00011111111101000001111010000100
00111111001011001010100001001111
01010110001101000101101100101111
10000101011010000000100011001011
10110100110111110101111000110111
11000010010110111010111110000101
10001101000011010000001100010111
01010110100000111001010101111001
01011100101010011010100100100011
11100000101011101010100000011000
01100100100000111010110101010110
10010111011001011100001011000010
01001010010001010011101000110011
01000100001111100101110000011100
11010001100101011110110100001110
10111011100011001100101100100110
01010010100100101111111001001111
10001111110000111100100001101101
11101001101111100011101001111010
00001110000011111000100010101100
10111111000110101001110011001010
11111110100001101010001100001000
11000101101011100000010000011001
11111100100010001010110011001100
01110111100010101111101010110010
10110111110000010111011001111101
11011001011110000100011110111011
01110111000101101001111111100100
01101100111000000011011011101111
11010010011000011111111000001000
11101011110101111010000011011110
11111100000010010011011100110010
10010101011010101100001110001010
01101100111011010100100010101111
10110001010101111100110010011101
00001100100001000010001000110100
10001000100101110000110000001001
11101111110001011101100100101001
00110110000010000011001001100001
11001111001010111111001001011101
10100111110111010101000100011011
00110000100011010011010100111000
01100000111001110001111100111111
00010100100100110101001111011010
00010001110010000011110000110010
00010101000001000110101010000000
11001001010101011100010100110001
10011101011111011000001011110001
10000010101000110110100110100000
10100000011101000101100000011010
01111110001010000111000011100100
10111101010110111111111100000000
00111101000001001000110001000111
00010111100010101010011001111010
01011101001010001100101011100111
11110100100010111100010000111010
10011100011011111000011001000111
00101110001101010111010010101101
11101011110011011100100000011000
01011100010111111100011111011110
00100101001011000110001000100101
01111000101110101101011001000011
10111001011001010101101100000110
10111000101100000111101100100011
11110110000001101000110010010111
11100001000101000101110110101110
01011001011110111110011101011110
10100101010001011101101010001001
00011110011101111111001100010110
10110000010111011011110110000110
10101000000000011100000101001101
00011000111000110110011110100100
00000110100101001010010100001111
00101000001010110110110010000111
00100111000010100011011111101000
10101000011101100010011110100110
11111011100001111100000001010011
01011011000101111011111101111111
00100001011011000011100101001101
10000011000111110010100100101010
00111100111010011010110011111000
01110010001010001101000100101100
01011100101100001100000101011010
11100100101010001110011001101100
00011011101000011100000101110001
01100100011100010011100000111101
01111010111110101010100011111100
10101101000011101000100001101100
11111000000010000000100101010111
11101111011111110000100100110011
00010111101001011001111110001011
01010100000010101011100101111110
00100011001110100100110000011111
01000111110111001100111000100010
01101111001001011110010001010010
10001111000101001011010001110001
00011111010001001001100110110110
11001001000111010110000110000111
01000111000101011000011001000111
11011111100111111110001101110100
01001010000010000010000001011110
00100001011100000000101100001101
10100001110010111111110011101101
01000110011100011111001101000100
01011101000111101101111110010110
00011000100011010010111100100001
11111000000011011111100010000101
11011000111000111011100110011010
11110110111011101111100011100011
01011010110010111100001010100111
00010100100101001110011000111101
11011010101100101001101000101100
10011000100111011000100110101010
11100000110001011111011100110101
10101101111000011001101111011000
10000101110000110001010110111011
10110111111001000010010101111010
01000110110100001011100000110010
10011100101111111110101001110110
00000011111110101111000110010101
00010110000110001110010100110100
00000001011011110111110011001111
11100000010111000000111011101000
11111111010000100001000000010001
01001001011000100110100011101110
00000100100001100001000100011100
00011101001100110011111101010011
00111101010011011010011100111100
00111100000110101100100101001001
10000101101011001000110010101001
11011000010110101011010110111011
00000111000010010110100000110110
10011100101011000001101001111101
00101100111000101000110000111011
11010010101101001101101111110110
11100001111001101011110101010111
01100010010101010001000010100000
00111101010100001101010100011011
01011011110100010110110011110011
01111001000111000100000111101101
11100101000100001110111011001111
10111100110100111011011111110000
11111011000001111011101110001010
11100011010110110011000001111100
11011100000101101010001010100000
11deg=19937
deg lcm poly = 19968
weight = 9029
10000000100000000000000000000000
10000000100000000000000000000000
10000000100000000000000000000000
10000000100000000000000000000000
00000000000000000000000000000000
00000000000000000000000000000000
00000000000000000000000000000000
00000000000000000000000000000000
00000000000000000000000000000000
00000000000000000000000000000000
00000000000000000000000000000000
00000000000000000000000000000000
00000000000000000000000000000000
00000000000000000000000000000000
00000000000000000000000000000000
00000000000000000000000000000000
00000000000000000000000000000000
00000000000000000000000000000000
00000000000000000000000000000000
00000000000000000000000000000000
00000000000000000000000000000000
00000000000000000000000000000000
00000000000000000000000000000000
00000000000000000000000000000000
00000000000000000000000000000000
00000000000000000000000000000000
00000000000000000000010101010000
00000000000000000000010101010000
00000000000000000000010101010000
00000000000000000000010101010000
00000000000000000000000000000000
00000000000000000000000000000000
00000000000000000000010101010000
00000000000000000000010101010000
00000000000000000000010101010000
00000000100000001000010101010000
00000000100000001000000000000000
00000000100000001000000000000000
00000000100000001000011001100000
00000000000000000000011001100000
00000000000000000000011001100000
00000001000000010000011001100000
00000001000000010000000000000000
00000001000000010000000000000000
00000001000000010110001001000000
00000000000000000110001001000000
00000000000000000110001001000000
00000000101101011000001001000000
10000000101101011110000000000000
10000000101101011110000000000000
10000001010010110010110000000000
10000001111111101100110000000000
00000001111111101100110000000000
00011111010011101000110000000000
00011110101100000100000000000000
00011110101100000100000000000000
00011101010110010111100000000000
00000011111010010011100000000000
00000011111010010011100000000000
00101001110010111011100000000000
00101010001000101000000000000000
00101010001000101000000000000000
00001100010011001011000000000000
00100110011011100011000000000000
00100110011011100011000000000010
00010010011000010011000000000010
00110100000011110000000000000010
00110100000011110000000000000010
01000111010101101000000000000000
01110011010110011000000000000000
01110011010110010000000010000100
00001100111010110000000010000100
01111111101100101000000010000100
01111111101100101000000010001100
01000011011111000000000000001000
00111100110011100000000000001000
00111100110011100000100000001111
11100100111110100000100000000111
11011000001101000000100000000111
11011000001101000000100011011010
00000001100110100000000011011101
11011001101011100000000011011101
11011001101011000000110100100011
00011000111101000000110111111110
11000001010110100000110111111110
11000001010110100000010011010010
01111011101011000000100100101100
10111010111101000000100100101100
10111010111010111100000100001011
01101000110100010110001010001101
01111000100011111100100000100111
11010010001001010110010111100110
01100100000100000110000100001101
01111010111001100000011101101011
00011100101001101110001101010111
01101110100010100010100011110000
10111110110001101000001001011010
00010001000111000010011011001100
01000000111001011001011110100101
01100111100111000000111000111100
11111100011011110000110111101001
00110101010111110000001111010101
11001110001010101001101001001100
01010010100010011100111001011100
10110011001110101011010111110001
00000111000000101100110100001001
11111111101011110011011001010011
01000111110101100011100000011001
11111110010101011000001110100010
11011110100010011010100011100110
11001111101001110110000010001111
01000001110101111001000101111110
10111111011110011011101111100100
11000110110000111111011001000110
00110001010111101101101101101010
11000110011100001111010110111001
11000111101100000011000111001101
11001011100000110000000001011100
00101111011001011111001001111110
01111010111010110111110100001100
11010101110101011100001110110000
01001110001111100101001010101001
10011001100001111111111111010101
01001001010101010010100001110101
10011010011010000110101101110110
00010011111001011001111010101011
01110101111011111001010010111010
01011100101110011110110010100100
11100001011101000101111101010101
10111101010111000101111101110111
11001101110111100100111100001011
01111011100011110011010101100000
11000000101010100011000001011110
11010001110011101011001100011001
01110110001001111100100000010101
10001000010000011011110010110101
10011011111001110110110001011010
00110010101010111110111100111111
11100101110000001111100110001100
01110100111011001101010111101000
11110011110111101101011110001000
10011100010001010110100011010011
11100001000110101100101011101010
00100011010010010100011100110111
01100010001100110100100011100101
11101110111011100100011000001000
10011100100011010101101011010101
01100111101000010000010010010010
00101001001001110110000010000101
00111000101011011111001111111111
00010101111001100011001101000111
11011001011100100111101100101000
11001100001110100101010001011001
00011111000101011010010011010111
10001110110111001110001110100111
00110110101001100001101001001100
01110110000110101001101101111011
10000010001111010100000001010110
10100011000100101010011000110011
10000001011110111010010100011101
10010100100000100111010111100111
11100001001010010100110011100111
01000110111011001100010000001101
10110100011111101111111001110000
10010011000010110110010110010101
11100001001101011111001111100000
01010111110110110110011100000001
00010111110111100100111010001100
01110000001110111010000011000000
01101011001100100101001001010111
11000011100010111100011110011110
11010100011011011101010100101001
10001110011001000100100000010101
01111111011111011011010011100110
00000110110110011011001111101100
01010111010000101111110111100100
01010100001010110011001001111000
10001101011011001100000101000001
01000000111011100111001001100001
11100111100110101100011110011010
00100100110101111011011001001001
00010000000001011011000011100100
11111001001101100101100010111110
10101011101010111000101110101001
10111010111010100111111011011010
10001100010011011001001001010110
01100000011111000101111000111011
11011101110100000001111011010001
11010111110101001101100001011001
11000000001001001111111001101000
01100101111110101100010111011101
11010100100101100011011010110001
10000000001001010011000011111010
11011100010010110100110011000110
10000001010110100010010101111001
10110011010101101010000000110000
11010101101001000001101000010001
10000001000011011000000001101001
00111000000000000010101111000101
01100101101000100000111000110101
10010100111001001111011000000101
00111110100010001001101110111011
00111111111011001100011010000100
10111001000011010010111010110000
10000101000010011101110001110100
10011011100001001000100100111000
01011000000111101001010000100000
00000001110010100000110101010111
10001111101100001110000100100101
01000011100000000100010001001110
11111001011110110100111010010000
10100001100011101110101111001111
00111011010010111001010100101101
01000010000010101100100101000111
00111010001100100001100111011011
11010001110001010011000001100001
11010011111011011001101101100100
11010100011110101110011100100100
01111110100001001111011100010101
00010000010011010100010111110010
10000110100011011111101001111010
01110010101111110000110111111101
11101111010100011110011100000111
01111000010101011010000011000101
01110100011100110001100011100011
11100010000000001001101011110010
10110010110101111010001000000001
01100010001010011001010010000101
11011000100101110001001001000000
11011101100011001101101000101111
00110001000000100011010101011010
00111001111100001001101100111001
01110010101010100100101010110100
10000000111110011011110111101000
10000111000011010110011111111011
10011110101011111111100011101111
11111101110110011001010000011110
01001110001101111001110011101011
01101011110111000101001010001100
10111101111101001010101011110001
01001011110101100000110000000001
11101111001101011010111001000001
01111101101011011111101100111000
11110010011001010100001100100000
11010000000111001000110010010010
00111001011110111000010001100101
10101001010000101001111111101111
11110111101010111100010101010100
01110011011010011011100001001100
00101111110110111110110001111110
10001111011001111010001100110010
00001111010101100101000001000000
11010111000110010000000110111100
10010100010000100101111000010110
10111010111100111110010011010100
00100001010100000010110010101100
11110001000100000100101000111100
10011101011100110001001001010111
11010000000000000100000101011011
00000101110000001111110111110110
10010101010111101001100001010001
00011111100000000001111100000010
00010110101011011001011110010001
01010011111011100001011110101110
11001100110100011000000111101000
00100110110000010000000111111000
11010111110011010101001010001010
00000001100101010101001101100001
11000001110110111101101100110001
10100010010101000010001111000110
00110011111110000010010001000010
01110110100010010000110000100000
10010100001001001000101101111100
01100101001101110000000001010110
11101100001001111110101011010001
10010100010111111010001111111010
10101101101100101111001010000000
11010001010101010000001111011110
11100110111000110001111011100000
01111011010011111101110000100000
10001000110011001001010100101111
00010010011100111100111110000011
00010001011100001101001010100011
10100100110010000111111110101001
01011000100111001110101101101101
01111010110110110001011001111011
10001101011101011000110011001010
00011110000010101100111001001100
10001110110101000100011001101000
11011110111000101010011111000010
01010010001001001001111110010110
00001111111101000101101000001011
11011101010010011111110001101100
01111010111110110000000110010101
00100010010011111010110101011011
10111101000110101011110101101100
00010110011001101101110001001011
11111000110011111000010100001101
00100101111111100110011110001011
00110000000010100111101010100110
00001100111000000111111010010100
00110001011111001011100001001000
11010111100100100101011011101010
01111000011111001110111010011011
11111111110011010110010111001011
01100000111100000111111011010001
11010100101111101000011010101101
10100101001011111101110101001000
01011101011100010101100111101011
11101010001111101011101101010000
11110000111001111010111111010011
10101010011011101001100010100111
10001111011101010011101010001011
01011011010010001001001101010010
01001000100100001111001100000111
00101011011000010100001110100001
00111100110011100011100110110110
01000010111110111000010110000000
11011001010110101100010011110001
01111000100000111000000101110000
10110010011100001101111110010101
11110011010100111100011011111001
00100111010100101100011010000110
11001111111100000000001001100100
10010100100000111001111111001110
11110010110001011100111001000001
00110001100000111110011111110100
01111111110110101001101011000011
11010110000110101101010010010100
11011010111101100100101000000101
11011111011000111100111000111100
01011000111110000110001111111011
10100011000111111110001110001011
11111100110000000111101110001110
00010111001000010011010110010110
10101010101111011010011001010001
01010100100001010101110010111010
01010010111100000100101010010011
01011011000110001010010000111011
11111110100110000010101000011110
00100101100000110000001001111001
10100111110100000110101110010110
00000110110110011100011110001001
00001101110101101011110001110100
10001111110010111110011011000100
01010111110101100010001010010100
00001110100100000011100100101011
01000101011101100100111001011111
11100101000010001000010101011011
10100100011000000000011000010010
01010011000011101111000001111101
10110101010010011100010010110111
11011010100101010110010110110110
11011101110100001101100011101101
00001001000010011101100111111001
01100011100111110110001100110100
10111110011101011001101111110100
00100011010001100111010011000101
10101101011001010010100001100110
10011000010100000111010110100100
01111111000010001011010011000011
10101011110010011100111111001101
00001101010110111000000011110010
00100111111010000011000001000001
10010001101000110001110110001010
01100110001011111111101001011100
11110101011011001001101111001011
10101100111010110010010111100010
00101111101001100101101001100010
01100111010111101011100111001111
10100100111010110000101100010111
01010111110000010100111011101111
10110111010101011010011011101011
11110100110001101011110011000010
11010100111111010011001111101101
11101111011110010010101110101011
11100000100111000110000001110011
10110111110000110010110110111101
00101010011000001101011100011010
01101110000000101111110011001000
01000001001101000010111010111110
11001110101010110010001101000100
11110001110001111100111001100111
00011000111010111110100010000001
11001011110001110001111101110110
10001011001110100100010001011011
11000010111101000000111010101111
10000000100001111010110010001000
01001010110100111111110100111100
01110110110011011101010010001000
00011001111001000011111011110111
10000110000100100000101000011001
10011111101000010011010010100001
11010011001010001100011111111000
10111011001110101010110111001110
01000100111101001100000011010010
01000111100001100011000010110111
01000001110000100000110001110110
10101111000001000101011011100001
11111110111101011101111110110011
10101001011001001111110111110000
10111000010110110010110110111100
10111001000100110110100101111100
01010001111101011001001110010001
00110011110110011001000110001010
01011100101010111111101110110111
00001101110011100011001101010100
11000111001001000100001011001010
01110101100011010000000000110001
10100100111110110100000001100101
10101101010010001011111011111100
00010011100110001010111101111001
01000110111010000001011111001001
10000001010010000000110101111001
00001100011100000000011001111100
00100011101111001010100000101111
11011110111011100000001010101001
01010000010101111100001100100010
01000001000011001011100000101111
00010010111110001011111000000110
00110111111010011011111100010100
11111001100010010001101100101011
01100111111110010010111100010000
10100100100100011010111111000111
11000101101100000111110001010010
10111010010111011000010001100100
10101100110101101100110001101101
01000010011100100111101110001011
10001010001100000100101100111111
00010010001101111110001111001100
11010100100001010000000010101001
00011000001001110011110001111011
10100110100001110111000101001011
10100111001100010111000100001001
10000110110001001110001010100000
10101010111100000100010111111100
11011010011000100110100111110101
10101100111101011111000000011011
00110010101110100000110001011100
00110110001111000100011111111110
10111000101011010000001000100111
00010010000111100101111100110100
01000101101110011011000010100001
00010010001100000111100110001010
10111000011111000101100001001001
01011111110101011111100101101000
01001101000100011001111110001011
00111110001101100100100111001110
01010011101111110001011100001011
10110110101010110001000111101011
00110100110110111110110111011100
11011000011101110110010001000100
10001011111110011000000011001111
10100010101110100011010001011100
10111001111000010011001000010111
11110110011011111110101110000011
11101011011110100010111101000111
11001100110011010011100100110001
11100101011001101110011100000111
01011111000101100000010000111010
01100110000010100110111100000110
00110101001101100110001111100001
00101011011001100011011010011011
11100011010111100010000110101001
10001100000000001111010000100100
00101000000000101110010000100101
00000000000010101000011011110001
11101101010110110101000000011011
10100000101100001100101110101011
10010000001001110010000011011001
10000100000001111110001101111100
11011100100101010110001010100011
00111101100010000000011101001000
01111110010100110001000011100101
01010011110111101111101110100011
11111010001100100101010001000100
11001100101110101100100010011001
00001010000111101111110111111000
11111000011101000101101101011010
10111000000110001100000100101000
00000100100000011101110111011000
11011110010000110010000111000110
10111000000001011010010110110110
01111100110000010001111011111011
00110001100111010110000010001101
01101011011011101101101110101110
00000000010101001010001000010001
00001011111001011001000111101001
10101010000010111011010010100010
01011001110100001101001011100110
10011011001101111001010110100101
00001110001010011100110000110111
00010010111010011111011011111101
00110000010010111101000011001100
01100111010000011111001101010110
11101100001101111101100011010000
01101001100011000101111001101010
11010100000110001000111110101100
01110001000110001011110110110111
10101001001101001010110111100110
01000100001100111110001011101010
01001000110100011000101010001001
11110000101111000110011101110011
00000101000011000100010101101110
10010010101100001110111011110001
01011101100001001100101000100110
10101111100011100010110000011101
00001000000100011001011110101100
11110001011000101100101110001110
11110010000011101111101100100000
01100111000010111110000110100100
00110111111101100010110010010100
10111010010011111011110010110011
00100110101000000110110000111111
11011001110000011110101010111101
10100010111010010100111001100111
11001111011011010111001100101000
10100010000101111001011011100101
10000101001000100011100011101001
01110010010110011101011000011010
00010110000000111011010100011000
11010010100000111111101101000001
01001111101010101011100000011110
01110001100001000110010000000100
00011000110111111001000101011101
00111100111010000101111011111010
10010001110000000011010001000011
01011001001000001110000110010100
10001101110110011010110100110010
10110000011000001100001111101011
01011011011111011101110111111101
00111100001001100101001001100000
01001010111001000111000011011100
10010000011010011001010011101101
11110010110110100100110010110000
10110011000100010110000100101011
01000001100100000110001001011100
10110100100100100101000110100011
01011101011111110111001001101001
11001010110011001011001001000000
10110101100101001001111101100101
11000111000000101110000011001010
00011110100101000010110000110000
10111101000111000110111101110000
10011000100100111010111111101101
01000110011111001000010001000111
11011011010110000000100011110111
11110110101110011101111110111111
10010000100001110100011110110110
10110100110101111010111100001101
10010001001110000101010000001111
00011001111001010100100110011110
00010010100011000001111010111101
00010111011011111100010110000111
00100101101011101011010101100111
01101101011001111110101101010011
01011010011010110100010001010010
00111101001110100110110001110010
01010101110001011010010110000000
11100100111111011001001000101101
01100111001001010010101011001011
01001000001100001000000101010011
11000101101011101101000010100000
10011100111011001011111110001100
11100001110011011101101011000110
11101010101011000001010110001000
10001000100000011110010000101101
11111010101100000111011110000011
01010110101110110000001000010001
01110110011100111000111100110110
01100000000011101000000110110011
10110100011101000001111000101101
01010100111101001110001100111100
00111100110100000000011010100110
00101010110001111010101110100110
11100110001101001010001111001101
10101101111101001010110011000100
01010110010100111001000100100010
11111011100100010010110000111101
00110110111010011100001010111011
00100101011010110111001101011100
10111000110110111010010101111000
01111011001001001011110100001110
10101010111110100011010010110111
10000111110001111011111010101110
10001110101100000101100110100011
01110001100111100001000101101001
01001010000011001110110101001101
11010100111001000010110011100100
11100101100010001111101001010111
01110101100101100110101101011011
01001011010000100010110000110011
00000111111101101110101001010010
10011010010011011101001110010101
10001010110000011001011100000011
01011100000010000100111000110100
10110111001001011001001101110100
11111001010100000001111010010000
11111011110100110100110101100100
00001000000011110010111101001011
01001011011010100110000110011001
10111111100000110110011001100110
11101010111000000111110101110110
11010011110001011000011000001110
01100101001000011111110000000010
01000010010110001110011101101011
01101101100110011001010011110001
10110010110001001100100000000001
10100101110001111011100011101001
00001100100110100010111101010001
00001101000110010000111100010001
10000010111100100010110010000011
00110110001001011001001000101011
00111110010111011010000101110000
10111100101011111011101001010000
00000000001100000000100010110000
00000000001100110011100010000011
00110000100100001001000000000000
00000010110100101101000000000000
00000010110100101101000000111100
00000000001111000000010011001000
00000000100010000000000010001000
00000000100010000000000000000000
00000000000000000000000000000000
1deg=19968
deg tmp = 31
52 bit k-distribution
k(1) = 19935
k(2) = 9968
k(3) = 6645
k(4) = 4983
k(5) = 3986
k(6) = 3322
k(7) = 2847
k(8) = 2491
k(9) = 2214
k(10) = 1993
k(11) = 1812
k(12) = 1661
k(13) = 1533
k(14) = 1423
k(15) = 1328
k(16) = 1245
k(17) = 1153
k(18) = 769
k(19) = 769
k(20) = 768
k(21) = 768
k(22) = 768
k(23) = 486
k(24) = 486
k(25) = 486
k(26) = 388
k(27) = 388
k(28) = 388
k(29) = 388
k(30) = 388
k(31) = 384
k(32) = 384
k(33) = 384
k(34) = 384
k(35) = 384
k(36) = 384
k(37) = 384
k(38) = 384
k(39) = 384
k(40) = 384
k(41) = 384
k(42) = 384
k(43) = 384
k(44) = 384
k(45) = 384
k(46) = 384
k(47) = 384
k(48) = 384
k(49) = 384
k(50) = 384
k(51) = 384
k(52) = 383
52bit D.D:   6226, DUP:   29
