mexp = 4423
filename:sh.resD11n.4423.magi02.070227.62.txt
POS1 = 5
SL1 = 31
SL2 = 1
SR1 = 5
SR2 = 16
MSK1 = fbff7fffffffffff
MSK2 = dabfdb9fffffb77f
deg poly = 4423
----
10101111101110010110110001101001000111100111101100110010001101011011110001001110110011001111100110011010
10010111110101000100110101000000000011110011000010001111100000111100011001100101011100000110001110010010
00011110011010011010011010010101101111110110011110111001000010011010101110101001101100001011100101101110
01010000100110001111011011110000010110000111111001110011101111100001001010010111011001011011000000100000
01100000101011001101101101100100101100110111011000100001101011001001100011100010101010110101001111000011
11111000011000011001111101110110110010000111010010011111111110010100111011110111100110010100101100001011
00010100010010010110001100101010100111111100101110110010011000010101110111011001011100010001010100001000
01011000011101101100100001000001001001101000100001101001010100010101110010000110000000110111110010101010
10110000101101011011101010000111101011011010011101111100110100011011011100001011011010011101100011001011
10010101111111101111001111110100110111000011011000110011100001110011001010011000000111000011110001111101
00010011101011100101111100101001101001101101000011010111001100010010111110111100101000011000110111010011
00011001000110000110010110111011010011101101001010001100010110110001010100010010100001101101110101111000
11111101100100000110011111100100101001110111101100101000101100000000100110110000111100011001100001001110
11000010111111011000010011000110010100110000000111111010000100011110000001101001111111110001100011101100
10001000011100011010000111000000010110101000010001101110111000110010010011100010110110000110100101010110
10011000110100001001001101011110011111110000011011110100101110000111100100001110101011111100110000101011
10111010010011011011100101001110100001010001000000010101110111100000111010110101000110010000100000010110
11000000010110010001010010010010110101000111111100100011000110100010001011010101101100100001001100010111
10011110010110011101001101000100101000100100001000001001100010110000011110010011111011100011001110111111
01110010001101010110010101000110011000011011010011001011101100101010110101011001100011111101000110100111
00000010100000111101001100111001111100101001111110010000001000111001111100100010101001001011110101111001
00000110100100111100110011111111000110100111000100110011110001000100000100101011101010001100000011011111
10100101101000010101101000010101011111010100010111010011100010111110111001110101101111100100011101110100
11011111010010111110011101100111101111011100111011010000010000010111100011111110010111101110110100010100
11000100100001101001000000101101010101111101111101101010100111111100000010101011001011010011000100010111
00011000111001111000110001101110111100100111100010101011110000001111111110011010000010110100001101011100
11011010110001100001110111011010101101111100000000100011111001001000111101111101010011000100011011100010
10000101101101101001011000000000000101011010001111101111111110010010100110101100010100111111011101010110
00100101001110111001110011110111111101100100011111000101001011100001010011111100000110100001100101010100
00001100010101111100110001111101111011000110001110100111101110011011001110110111001000010111011000011010
00111000101001001100010011100001011100001010010001110101110000001101010000001111000011111101111001010010
00011111010000011000111110110100011000010001110100001101010000001100101100011000010010001100000001010010
01000111110010110011010101000110001011111110001011101111100001110101001110011001010010011101101000100011
11011100000100101110101000011100001111110110110101110101001100100001101011110110111110011000100000100000
10000011011101101011000000110010111111001100101011111111010011000001101000000010010000101101101110101000
00001010010101011001100110001100010000110011011111100001011111101110011111000011110100010010100111001101
10001001111000011010011110011101110010000011001000100110110010101100110001001101000000010010110111100100
00100100101000011111000010000110011100110011010011000110101000000111110000101110101001000001001000101110
01000011001010111001101000100100101101100001101000110100011110001001100010000101000101110100111101111100
11000011010100000110110011001010100000011010011001010111011011100100000100010011101101001110000110010001
11001001110001101011011100111000011110110000000000111110000001111000011011001011101111110111111101001001
11000110001110011001111010001001101101111000010010100101010100110101010100010011011100100000010100010001
00010111101101010100001101010001000011111100111001010110110111001101011111000001000001011010001001100101
10110111100100001001100010000100000010110110001111001001100110100100001101101010100110010010100111110000
11111100110110111100001000000101000010101010111101011111111010000110100011011000011001011000111100100101
00011011110100011000001001001000101010000000011000000101100111110110110110001010110100110111100000101011
11010100000110011100111100011010010100100111110000010100001000011001011001011001011011111011100110110101
10001010000010011001101001011110000000000000100010000101001010011011001101011111100101011111101000000011
10000100111111110011001010100001001110110101011011101111110110111100011010001110011101000110010011100110
dim kernel = 55
-----
11011110011100101010110110001011101110110011001100000000000000000000000000000000000000000000000000000001
11100100110010001010100011010101100000010100000101000000000000000000000000000000000000000000000000000010
00100100010010110010001100011111101101011001100101000000000000000000000000000000000000000000000000000100
00000000010111101000110001010100100110100000001001000000000000000000000000000000000000000000000000001000
00100110101111001111010001111000110010011110111100000000000000000000000000000000000000000000000000010000
11101000100000011111111010111100001101110000011101000000000000000000000000000000000000000000000000100000
00000000111100101111001101110010111010111001001100000000000000000000000000000000000000000000000001000000
10100101010110110101100111011110011001110010010100000000000000000000000000000000000000000000000010000000
11101011101011100010000100101001110001010010111100000000000000000000000000000000000000000000000100000000
11110110011111110001110111000001001000111011010101000000000000000000000000000000000000000000001000000000
00111101100010011110100111111001110101000101001101000000000000000000000000000000000000000000010000000000
10101101001101110100001111100000101111110111011001000000000000000000000000000000000000000000100000000000
11111100001011100011110100100110101101101110001100000000000000000000000000000000000000000001000000000000
10110100011100101111001110110011111010001010101000000000000000000000000000000000000000000010000000000000
11011111111110011001001000101011111000001010100000000000000000000000000000000000000000000100000000000000
00111110100100110011000011000100111000011001101100000000000000000000000000000000000000001000000000000000
11010110110010001000100110100001001011110111011100000000000000000000000000000000000000010000000000000000
00110100011110110001011101000010111101110000010100000000000000000000000000000000000000100000000000000000
01011000001011101111011000010100111111011101010001000000000000000000000000000000000001000000000000000000
01000011011100000100111000100101111111101011000001000000000000000000000000000000000010000000000000000000
01101111011000110011111111101010000101110111001001000000000000000000000000000000000100000000000000000000
10000000101111101110111101111010110000000011110101000000000000000000000000000000001000000000000000000000
10100100100011110001000110001000001101011000110100000000000000000000000000000000010000000000000000000000
00010010110100100100000100101101101001001100001101000000000000000000000000000000100000000000000000000000
00000001000010011000001100100100001110101010011100000000000000000000000000000001000000000000000000000000
01111110010110001111001100110111000010001000010000000000000000000000000000000010000000000000000000000000
11010001000010001111111001011101010110010000101101000000000000000000000000000100000000000000000000000000
10101011111011110000100011100100110110111001100000000000000000000000000000001000000000000000000000000000
10000110110100000111001000110011101010111111111000000000000000000000000000010000000000000000000000000000
10000000001000000011000111110010101001100011101100000000000000000000000000100000000000000000000000000000
11111100100010001001001111011100101101100101101001000000000000000000000001000000000000000000000000000000
10000101000100110111111011001011100010111101010001000000000000000000000010000000000000000000000000000000
10100011100000110000001111111110011101001110010101000000000000000000000100000000000000000000000000000000
01110000100100100000011010001000111011000110111101000000000000000000001000000000000000000000000000000000
01111110011110111011010000111001000011101011000101000000000000000000010000000000000000000000000000000000
10010101101110010010101001011010000111010010100000000000000000000000100000000000000000000000000000000000
11000100000110110110010000011001101010011001000100000000000000000001000000000000000000000000000000000000
01000001110000100110001101110011100000000100101101000000000000000010000000000000000000000000000000000000
11001111101011000001000110010100100110101011110000000000000000000100000000000000000000000000000000000000
01111001111011110011010111100111010000000001001101000000000000001000000000000000000000000000000000000000
00111110110000000110011010011101100101001110101101000000000000010000000000000000000000000000000000000000
01010011001100010011111010101001110010101101000100000000000000100000000000000000000000000000000000000000
00011110000001000111100100010101001101011010001001000000000001000000000000000000000000000000000000000000
11101100001010100010000001101000001111111010000101000000000010000000000000000000000000000000000000000000
11011100011111000110000111110111110000110010101001000000000100000000000000000000000000000000000000000000
01001001011101111010110100001001001101011101000101000000001000000000000000000000000000000000000000000000
01010110101001010010001001110100000000011001011001000000010000000000000000000000000000000000000000000000
11001111001001100110000010110001001011100011000100000000100000000000000000000000000000000000000000000000
01110011111101000100101111101100100111011110100101000001000000000000000000000000000000000000000000000000
01000111110001000000100100011101101100011111110100000010000000000000000000000000000000000000000000000000
10010101010010001000001000110011000010010000101101000100000000000000000000000000000000000000000000000000
00001110001010001001111011000101100111001100110000001000000000000000000000000000000000000000000000000000
10010110011000011001000011110110001110000101100101010000000000000000000000000000000000000000000000000000
10100001001110100001001111111001000001110011110001100000000000000000000000000000000000000000000000000000
10010011001010000001111010001011100101010101100010000000000000000000000000000000000000000000000000000000
parity check vector
p[0] = 0x0000000000000001
p[1] = 0x000de72ad8bbb330
