mexp = 4423
filename:sh.resD11n.4423.magi02.070227.68.txt
POS1 = 30
SL1 = 25
SL2 = 1
SR1 = 6
SR2 = 16
MSK1 = ffbbc9efff7fffff
MSK2 = effb9b7ff7efddff
deg poly = 4423
----
10101011001001100000011000010001110010110110110100011011101111100000011001101001110101011110110100100110
00110010101001010000101100011101010110111001100111100111101110001111000000111111010000010011010110101010
11011100111010100101001110101110011101111000111011011001010111110001110011111101101000010110011010101110
10001001110101100110110100110000001110010010001100001000100111000011110000101111000101101100111101000011
11001101101100010011111000010010110010100011011111111101011101100101001111110011101011110101110010111011
00010011110010101110011001110101001110110001011100011010010000001110111001001011010111111011001011101110
10101010110010100111010010001100001000110100100001110100000101110010011110011001110101011100000101100001
01011110111101000000000001100101100110110001001110101100010100111010100100111001010111110000110110111001
10110101110001111101000111000111110100111101010010110110001010110011010010011100110110110101001111100110
11100010100110110100010111101111011000111001001010101101010011111000111110110001110100010110011100001110
01110000000111110110111111011111100100001010000010110000001111000010111100111001011111011011001111110001
01011001000011101101000101111111101010101010101010111010110110110001001000010100100100000101101011001111
01101100000100101110111011111110101010001000101100100010110010100010111010111110101001011011001011011111
01000010100111100000111110100011101110001001000110001001011100110100101001110100110011010001110100110100
01101110010101001111000100010000011111010111110101011011100001000000110111010111000011110000011000110111
00111101000110000000111101010000100010011110010011011010010010101111010011110111011101001011010110011011
10000000011001100011101111100001000010110001000111101001010100101000110000011001001111010111010100000100
10000110000101111011011010111000000111010010011111100101011011010001011011010100011101101011110110111011
11110010101001000111100000000111000110000010101111011010111111101110100000000110010000011010111000011110
00011000011011010111111101001011010111111010101110010110000010011100111100111001000010111101001001111011
01111100000010111000011111010111111110101110101000100010110101111001000000001111000001010100100010100100
10000100100110011101010111010001110001101110110101001101110001001000101001111011101010101010011110111101
01000101011111100101010100011010101110101010011011000110000011000111111100010111100000011110010101010011
00001011110011111011010001011111100010110100000010100101110011101111100101011000110101101001101000110011
01100111110100100010110110011100000011101001000000011010000101010001011011010110001101011000000101100010
11001010100000101001010011101010110010010001001100101110101110110011011001110100001101100001100111100011
10110010001010100110001011001101111011101100100000011010011001000110000111000100101011001011001001100100
11100010001100111110011101011101000111101101001011001110101100011100010100110000100011010101111111000010
00000110111010111011101011011110010111010011000011110101100000100011111000111001011010110010010111110010
10000011011010101110101101001000111111001111000001101110111011111100101000000110000100010010001001000000
10101111000111110010110010101011001000000110101110000101001111110001000011100011110111011100100001110110
00011010111100010011110000010101001000111100000011010001000011000100010100001111101010000011110110011010
00101001100101000111010010010011000100000001010001010000000111011110001011111010111101011100101101001000
00110001000011000111011111010100001010000111001110101111011011011001001101111110100101000000111001000011
11101110111010001100101100000100001101000110001110110100010001000100011011100111011101100011110111001111
00100101101101100001010001011100110010100110001111000010110001111010111011110111111011001111010101000001
11000011001101000000100000010100111011011110010001000011100101011110001001110110001011111010000010000001
01110100001001110010110010011001100101111011001011001110000100111001111000000010000101110111111001011100
11010110001100010110010011010101001101001001000011011011000101000010011000100101001010111000101111101110
01101000010000111000110000100011000010100010011110010111101010100101101001111001000100110111000011111101
10000110110101010100101110001001010111011110000011010010000110101001111101000100010000101001101010101110
10011001111101000100110001011110100110111011110010100001001110010100010100110111001010111111000100011010
00100110100101011010001000010100000111100100101001000001000000101010001000100100001000000011110010011100
00111100001101111110101001001001110000101110000001000110010001110000100000000001001011001101001100010101
01100110001111011111110100000001100010010011011110100110101101011100011011000011111011010110010100100001
01011010011011011001110011000000010000010001010001001111101000001100110111101110111001000001010001000100
10010100100010001011001011011100110111011011101110001100111100100011110001010001111101001101001100011011
01000001011110101011110000100001011101101101011100101110001000110010101001110111011000100110010001110101
11000111111001000000110100010101100111001111010111100110101010000110001011001010101000000100010001001110
dim kernel = 55
-----
00000010010101111101100010111000100010000011101001000000000000000000000000000000000000000000000000000001
01000101110100010101000110110101001000011000000100000000000000000000000000000000000000000000000000000010
01101100100100111100101100011110010110111010100000000000000000000000000000000000000000000000000000000100
00110000000101101100011000011101111101000100101101000000000000000000000000000000000000000000000000001000
01001110001110000011101101011111100101001110111101000000000000000000000000000000000000000000000000010000
10100100111101010010111100100111101100110110010000000000000000000000000000000000000000000000000000100000
01001100111100001100100100011110110101100001101101000000000000000000000000000000000000000000000001000000
00110100110010001000011101111111000111011110001101000000000000000000000000000000000000000000000010000000
00011100000100001011000111001101001000110001110101000000000000000000000000000000000000000000000100000000
11010010010111011111101011101000110111111110000100000000000000000000000000000000000000000000001000000000
01010110101001000001011011001010001011000111101001000000000000000000000000000000000000000000010000000000
10100011110000010010011011111111100101111110110000000000000000000000000000000000000000000000100000000000
11100110101111100010000001101100001010101001100100000000000000000000000000000000000000000001000000000000
10001111100110101010010100010011010000110001111001000000000000000000000000000000000000000010000000000000
00011001001010101100000011011011001100101101111101000000000000000000000000000000000000000100000000000000
10110011011100010011001100000110110101010100110101000000000000000000000000000000000000001000000000000000
00111011101010011100101100010011001010011010111000000000000000000000000000000000000000010000000000000000
11111111001100111110010111111110111101000101101100000000000000000000000000000000000000100000000000000000
11110011100100000010010101110111100001101111010100000000000000000000000000000000000001000000000000000000
10111011010000111000101011010111111101001101100101000000000000000000000000000000000010000000000000000000
01110100100000111111000010011100111000111101010000000000000000000000000000000000000100000000000000000000
00100101100101110111011111010000101000011001100001000000000000000000000000000000001000000000000000000000
10011011101111011101100010100001101011001101000101000000000000000000000000000000010000000000000000000000
01111000111111001100100000101101101001101011001101000000000000000000000000000000100000000000000000000000
00100110100111010010001001000011101111111100000100000000000000000000000000000001000000000000000000000000
00110101001011011110111110000110010111110011111100000000000000000000000000000010000000000000000000000000
01011010001100010101001000011001011110101111000100000000000000000000000000000100000000000000000000000000
00110000101110001010110100111011010101100101111100000000000000000000000000001000000000000000000000000000
10010101010000110001100111010001101010010010110101000000000000000000000000010000000000000000000000000000
11001101101010001011101101000000101010110011001101000000000000000000000000100000000000000000000000000000
10001110001110111101010101100010011101011011011100000000000000000000000001000000000000000000000000000000
10100101010011010000001100001000111010001011111100000000000000000000000010000000000000000000000000000000
11011001101000011000010001101100101101101011010101000000000000000000000100000000000000000000000000000000
10001101110010110010010110111110000110101100111001000000000000000000001000000000000000000000000000000000
00001110101110101111010000010100111110101001100000000000000000000000010000000000000000000000000000000000
01000110111001100110000001011000011110101010010001000000000000000000100000000000000000000000000000000000
00101101001101100010001110000010001011001000000000000000000000000001000000000000000000000000000000000000
10101100100011000110101000000000011001000000001001000000000000000010000000000000000000000000000000000000
11010100011101110001001000001111101001101010000100000000000000000100000000000000000000000000000000000000
00011111100011001101101100011000110101110010000101000000000000001000000000000000000000000000000000000000
10011001111001001010110111001000010010011000001100000000000000010000000000000000000000000000000000000000
01110110000010011001001001001110101101000101000001000000000000100000000000000000000000000000000000000000
01000001000110010100000011011001101101110111000101000000000001000000000000000000000000000000000000000000
01001000011101001100111011010000001001001001010000000000000010000000000000000000000000000000000000000000
10000100010111010111011111001100110011110011001101000000000100000000000000000000000000000000000000000000
00001101011101101010110011001011110111111010010101000000001000000000000000000000000000000000000000000000
01100111011110110000011000101011100011011011100101000000010000000000000000000000000000000000000000000000
10000111011101000110000100000011011111101011000101000000100000000000000000000000000000000000000000000000
00100001010001001100000111000100000110000001000101000001000000000000000000000000000000000000000000000000
01000101000001100100100110010100100011000100110000000010000000000000000000000000000000000000000000000000
00100110111001101111001100111111110101101010111001000100000000000000000000000000000000000000000000000000
11010111011100010001110010101000000000000101001100001000000000000000000000000000000000000000000000000000
10110011100101001001000001001111101101100100010101010000000000000000000000000000000000000000000000000000
10100111001101001010010011101011011100100000001000100000000000000000000000000000000000000000000000000000
11100101111000010100001011011001110011100000011010000000000000000000000000000000000000000000000000000000
parity check vector
p[0] = 0x0000000000000001
p[1] = 0x0000257d8b8883a4
