mexp = 4423
filename:sh.resD11n.4423.magi02.070227.19.txt
POS1 = 36
SL1 = 43
SL2 = 3
SR1 = 7
SR2 = 16
MSK1 = 7ffffffffbffffe9
MSK2 = bffeffffdf5bfffe
deg poly = 4423
----
10100001101111000011110000110111110010110101001100101011010000001101101011111101010110111010001111100100
11111010011000101101101010111101001001100101111011111000010001110101011010100111011001111100101101000101
01101111101100011000101110100101110000101101001001110110110110111110000101111001000001101000110010001100
11100001000100100011010011110001111011010000100001101000110100010000000000111000000000010111001011001110
01111111010010100010010011111001011111110010111101010110100100000010011011000010000101100101101011110001
10010110010010011110101111010111110011101111101001001110000100011010001011010000000110111001110100101101
01101101001100001010101011111010011110100101001100111100101001101100010010110101000011111100011101111111
10000101011011000000000010011111101100111101010101110011110000111100001111100110001100111100101100101000
01000100110111111001001100010001001101001010101011101011010001000010011111111001001001001101101011111100
11111100101000110110010001111100001100010110011110100111110001110001101100110010100001001110101101101100
11011111100000010010001000010011001000001000000110111111110100000001001001101000001101001011100110110000
10000010110101011010000010110100000100111111100000000101101110100111110011111100000011011101000101111101
00110100111011101011010111001001101000001100110001110111110010000110101010011010010011100011010010010101
00000110111011011110100110111001010000001001111111111111110110010111010110101001011110110110011101101110
01001001100110110110010010000001100010101110111111010010011101111101101110001100000101100111010010011110
11010001010011101001110110100100100100100100011011100110111110110100100100000000010111100000010110100011
01000110010000111000110010111110100110011000111110001101100011001100010110000100011001101001101001011001
10000101111110000001110111100101111111111001111111011110001100011111000000000001010011010111010111101111
10010101010101011000001011111001000101011101100100000110110111110110101111000000100010010011100111001011
01011111000001111000001011011100101011111110100111001011100000001101001100001110101100010100010010100100
01011110010101001111000000111110110110100110100111111110110011110110101011000010000101100001010101111010
01001100111000100011001111010001100100011010111001011101001011101010110101100000010111100011111110110101
00110111111011010000010010100011010001111011101011111011110101110001101010001101011111011111101110111011
11010000111000110010011000110011000011010010011110011100011001001101011000111101001101111000010100110101
00101100010100010101000010100101011011010111101000010010001100101010000111011001101001001001010000010000
10111010010101001000100111011110011111010110110101111011010100001010111110010100101100101001011001010100
01111011111111000111100101010010000010100111110011010011000001000100110010101010110010010101010110001001
10110100110101011101111100101110101010111001111011111111110010100111000110001000001000000011011001100010
11011010101101000100011101000100001100000100011101010100111100111010011010100010110111001110101100101110
11010101101111110110011001111010110001010000100011100010010101110110001100110010000101100100011000001100
01010101100101000001110001110011100110101001101001001111100001111101111010001011110000001100110101001111
01110100000001001010001101100110101100000001110101101100001010101011010111010100110001010000001000101110
00001100000101010111111010011110010000100000110001011010110101100111100111000010000001100101000100000111
00000110110010100100111010011000100111001010000000000001100101001111001100000110100000110100001000100110
00100100110101011110000011010111110001010000100011000001000101101010011010100101000001000101011011101010
11111000000011000100110000100010110001111010110101100111010101100101000110111110111000101001000000100010
10000000111000011001000110010000110001101101010010010101100110110110101110010111101110100111010001010110
01010011101010011111100001100001001011100011011000110100110001110100100001001110000001010011111010001010
10000010110101101000001010100101100010000000001011011000000010110011010111011001001110110000001001101110
10100000011001010100000011000111001100101101101111101010100110101011000011000000011011101100000010011000
11101111101110000010101101011110000110011100011011010100011111001100110011000100110100010110011101000100
10010001011011000010010000000011100110110111000111101011111000111000100001001011111000011100011011001110
11001110001001010000111110000001110100101000010001001110010100101010101011010101100100001101100001100111
11100010000001100100010001011011010100010011001011001010001000100001101011011011101001110011001110011000
00110110001010010011110000100101010101010101011100100111000001010100110010001111011110000001010101100010
00011101001000100110111111110110010110110001101101101100011111100010110001000010011101011010111010010000
01011000110010000101010101100100011001011011010101111011110000001011111101010000010101000001010010101100
10100111010110110101001100001101101000011011001101100100010010001001101110111111000111011101101011101101
01011110100100000011010100000111000110011111101110010111111111110011011111101111100011001001110011011001
dim kernel = 55
-----
10011001011011001001000110001001101111110100010000000000000000000000000000000000000000000000000000000001
10100011101100110111101101010101010101111111110010100000000000000000000000000000000000000000000000000010
00000101010000101000110101100101001101100100000010100000000000000000000000000000000000000000000000000100
00110101000010111001110000001011001110001010010010100000000000000000000000000000000000000000000000001000
10010111001101111110100000011001011010101111010000000000000000000000000000000000000000000000000000010000
01110101010010000001100111011110010011000100010010000000000000000000000000000000000000000000000000100000
11101010101000010001110101000001000000101011110010100000000000000000000000000000000000000000000001000000
00001110000011011101010010100010100000101000001010000000000000000000000000000000000000000000000010000000
10010001010001011100111101001100110010010001111010100000000000000000000000000000000000000000000100000000
10000001010011100000110001000111010101100001101000000000000000000000000000000000000000000000001000000000
11100100011111000100101001110111011101001101111010000000000000000000000000000000000000000000010000000000
11100111010001110000000101010001010000001100011010100000000000000000000000000000000000000000100000000000
01111100011000011000000010100110101011000101101000000000000000000000000000000000000000000001000000000000
01111010011100000001001101101111100111110101001000000000000000000000000000000000000000000010000000000000
10010111110111001010111100100010110010100110101000100000000000000000000000000000000000000100000000000000
10110000101100001111010110110110110110011111000010100000000000000000000000000000000000001000000000000000
11100000100001001110101011000011001011000100010010100000000000000000000000000000000000010000000000000000
01111000111001110001110011111110001001010001000000000000000000000000000000000000000000100000000000000000
11000010010000000000000101001010010100000100000010000000000000000000000000000000000001000000000000000000
11111110110110011011010101001001010000001101011010000000000000000000000000000000000010000000000000000000
01111110101011000101101000101110110000000111011010000000000000000000000000000000000100000000000000000000
11000011110000100110001001001111010111010101011010100000000000000000000000000000001000000000000000000000
11001001011011010101110101101111010001001000101010100000000000000000000000000000010000000000000000000000
10001100000010111100011110010011111100100110100010000000000000000000000000000000100000000000000000000000
10010111011110111101100111011110111001010001111010000000000000000000000000000001000000000000000000000000
10000101011111010100111010111100101011111011000000000000000000000000000000000010000000000000000000000000
01010010011001000101000110001111101011010111011010100000000000000000000000000100000000000000000000000000
01000100010100100001111101011110011100011101011010100000000000000000000000001000000000000000000000000000
01100101010111111100100000010001111101110101010000100000000000000000000000010000000000000000000000000000
10010000001101101010111010001111001000100100010010100000000000000000000000100000000000000000000000000000
01101001000111000001101010001010101001011001111010100000000000000000000001000000000000000000000000000000
11100101001011111011101010011000000100010110011000000000000000000000000010000000000000000000000000000000
01100001000100010110101011100101011100100000011000100000000000000000000100000000000000000000000000000000
11100000111000010011001110010100111000000110000010000000000000000000001000000000000000000000000000000000
01000011100011111101011100101010111111011110011010000000000000000000010000000000000000000000000000000000
10110111111000000111010100010000011011111100100010100000000000000000100000000000000000000000000000000000
01111010100001101111010101101111100001110110011010000000000000000001000000000000000000000000000000000000
01100100100011110110010000101110110010011111011010000000000000000010000000000000000000000000000000000000
00011001001101001100100111001000100111000110000000100000000000000100000000000000000000000000000000000000
10001000000011000000101100000110010011100001110010100000000000001000000000000000000000000000000000000000
01111000000101000111111001101111110001010110011010000000000000010000000000000000000000000000000000000000
11000101000110010011000011110100101100100101110010100000000000100000000000000000000000000000000000000000
00111111010100111110110001110010101111011100011010000000000001000000000000000000000000000000000000000000
11110100011000000111110001011111110010000011011000000000000010000000000000000000000000000000000000000000
01001100000010001000001001010101011110010111101000000000000100000000000000000000000000000000000000000000
11001000001011011000011011110100110010011000100010000000001000000000000000000000000000000000000000000000
11000011110001110101110001110110110100010100011000100000010000000000000000000000000000000000000000000000
01100110011001001010000000000000111110000011101010100000100000000000000000000000000000000000000000000000
01111010011100011011011111011101111100110000101000100001000000000000000000000000000000000000000000000000
00101111100111001011111100100010100100000110011010000010000000000000000000000000000000000000000000000000
01010101111010001100110101110011101100101011101010000100000000000000000000000000000000000000000000000000
01101110010100000101101001101111100110110001110000001000000000000000000000000000000000000000000000000000
00011011000001011110101001001000101010010110011000110000000000000000000000000000000000000000000000000000
01111100110100101011011100001001000000000110100001000000000000000000000000000000000000000000000000000000
00110001101111010010111000101011001000000000010100000000000000000000000000000000000000000000000000000000
parity check vector
p[0] = 0x0000000000000001
p[1] = 0x000996c9189bf440
