mexp = 4423, maxdegree = 4472
filename:resD11n.4423.magi02.070227.68.txt
POS1 = 30
SL1 = 25
SL2 = 1
SR1 = 6
SR2 = 16
MSK1 = ffbbc9efff7fffff
MSK2 = effb9b7ff7efddff
deg poly = 4423
11000000000101101011111100010110
00010011101001110011001110010100
11111110000111011010011010011011
01011100101011011010100100100010
01100011111100001101000111111001
10010011011000100100001010100110
01101111001101011101100010001101
00110101101111111101011110011101
10111000101010001000000000111011
10100011011101001101000010000000
00110110100001111000110000000000
01001110010011000011100111110001
00001110101100011011111001111100
11000010101001100100000100101100
00110011110001011001000000100011
11100111111011111001111101001111
11100000001110010110000100010000
11010001001111000000101110111110
11011110000110110101111110011000
00010010101011001001000001000110
11101010111111110110101110000001
01001100011101110011110010010101
11000011011110110100000011001011
10011010000110110100111100111110
01111110110001110110000010101000
01010111010100011011110011110010
01011010011100000101110110010101
10000100001100011000011111101001
11001010110110011101010110000000
10001110010011101111010011011110
00100010100101101000000000000111
01010011110110010001101110001010
11011111011001110100100110110011
11101000100010011011000111111110
11001100101000100000111101110100
11001001100100001010010000001011
00010011010100110100010111100100
11101011101000100100111001010011
00100010010010011110010101010001
01011101011000011001010011101110
11001100111111011111101100111110
11001100001110011100101011011101
01110011101101111001001110011110
00001011000101010100111011110011
10110110100011110011001100101001
11001010110100101011010011000010
01111001000110001010001111111011
11010000101110101010011111110100
11000000100011110111111110011000
01110110010011110000011001011100
01110011111101100000110110111000
11001010011100011111101011001010
10010110011011101110000011100110
10011101100101000100001111001100
10110010001000100001010000100000
10001010101011001111100101111100
00111101000101010000111010100110
00111100010010011011001111101100
00001010100011100000000001111001
11111101100101110110011101001000
01100011111111101000101110101111
01001010000000000101110000010011
11111101000101111101111011001011
01111011101111001001110011010110
11011110011101000000111010101100
10111111110111100101111000100100
10111010111100110111110001011110
10101111101010110110111001111010
00110010010000111000010100100000
10100100011110010010110100101101
11110000110111100001110011101011
11010111001111010010000000011100
00001000111100001111001001101100
10100000011111010000000010101001
00111000011100001101001000001001
00001000110110000101110101010100
10001101010011111111000001111011
01110010000100110011111100111111
01011011100111111101010010010010
00110001111100011000011011000100
00011011001001000101110110001010
10110110000001011011000010011100
01001111100111111010101100100110
10010110011001010110101000110111
01101000100101001100101001101011
00101010100011111101011000100010
11011000101101001100111101110011
00110000100100001011101011010101
10011001110100010101111011010011
10110100100000001000100000001010
11110001110000011010011111001101
01000100101100000111110000010111
11011000011100100010101101011110
11001101100101110011011110110010
01011011110101110011101011000101
00111101111011000000100100100010
00111101111010100101101011001010
11011011110011011011001000111110
11010101001010000000001110001001
10000101001011010101111111100011
10100101000001000110110101011000
00000000011001110111111110110101
10111110001100010011001111011100
00000101010101111101101000010100
10111100011111100100111001100100
11001110111101101010101110100101
11010010011010001001011111010011
10100001111111111011110101010011
10111110001010101011111111010000
10110001111000001010000011110110
01111100100000100010101110100000
10100011000011101101000010000100
11101101100100101001010101011110
00010011011111100110000101111110
01011010100010000000110110101101
11110110100001101110001111010001
11110011011001000111011011000000
10000000000011101110001000111101
01110001010001000010101111001011
01101011000001111111010011100110
01110101110100101011000011111111
01110111111110101001111111100001
10011010001001111101010100110011
01010001010100100101011001000101
00101110000000011011010110100111
11010011001001110101111000110111
01110000001111110111110000000001
01001001010110111110011100000010
00011011110001011000001000001111
11000101001000110101100011010001
01001000010010000010011000111000
01001110001111000010110010100110
11010011011100010010010100100010
00101011000101001100010100100001
10001111001011011111001100001110
11011001011110011001111100111010
00110011101111000010001110101000
11001100001101011111010100000100
10110111deg=4423
deg lcm poly = 4472
weight = 2075
10000000100000000000000000000000
10000000100000000000000000000000
10000000100000000000000000000000
10000000100000000000000010000000
10000000000000000000000010000000
10100000001000000000000010000000
10100000001000000000000010000000
10100000001000001000000010000010
00100010001000001000000011000010
01000010100000000000000011000010
01010001111010000000010011000010
01010001011010010101000100100001
00110011011010010011001111110000
01001100011000011011001111011000
01110001011110011000011111011010
01101011011000010111111111101111
10001011101000000010000010110111
00000100101000100001010111010010
01111000011110100011010101011000
11010111101011110111000011011100
00010110110001100100010111011110
01110000001100101101000111111000
00110010111101011000110011010100
10000010110110111111000011011010
11011001101111100010101101011111
01010100001110101101100101011001
10010010111000100001110010001000
10010110001000010101101111110110
10110101010011001111011000111111
11110110010100001101110110101100
11000010000101010110110011000001
01100000110001000010100010001110
11110011000011001010011111100010
00011110111101010001010111101001
01101100101110011101010000000110
00101110100101010000000111000101
00011000010110110001011010101011
00000110111001100100010000111010
00100001101011100010111000001011
00111001110111111110011101101010
00011011111001010111000110000001
00001011011001001010001101100010
10110010101011100100100111100011
00100011011001111000101101011011
00110110011001100111111000011010
10111000001000000000011110101000
00011001111001011111100010001001
01110011101101011100000000100100
01011011101110110111011110101101
10111110000111110001001010010010
10010101111001101010000111111000
01110001000111000100101001010111
11100001111100000001101111110101
11101000100011011100011111100110
10100001100010100100100111001011
00100011010001011111101010100000
00000001101010011101001101110000
00000011111000011010011001101001
00001010001011010101110111111001
01011110011100101101001010110001
11100110111111101110100101101101
00010110000001100111110001011101
00011000010010011010101001001111
00101011010101101100110100000101
10110101010100101011100000010110
00111001101111000000000000011011
00010110101100101100111100011010
11000001111110011010010110110011
10011100110111010000001011011011
00011111111110001011100001000111
00011000010001101100111110110011
11011011000010010010111111001111
01010011110100001100101001011111
10101000101001000100101110001000
11111000010000111101000011001011
01010111001110000011010110111100
10100111010000111011110011111101
11000001101101100010101100001111
10110100011100101101010010010011
10101000011110100010110001111100
10000111111011000100001101010101
10011110100110011011100111111010
11010011001010101010101110100100
11101010010000011111101001110111
00111011100011100010110110110101
11110100100001011110001011110110
10110110010110000111010001110100
00101100011111101110001010101101
01011111001000111011110110111001
01100000100001011001100100111101
01100000001110011101000001000000
00100110110101001001000010000101
11010000000011111101001000000011
01010100000111111111110011010110
00101100111000000010111011010100
10110000000010110110110110100010
01010100001110110001101101001010
11101101010010110111110001111000
11101000010101000111001011010011
00100101010111010000111001010011
11100001001100001100110101101001
10001110001110100011110100110111
01001001011101001110111000111011
10110110001101100100011111101101
11110101111011001111011110111011
00011101010100111011100001011000
11000010000111100010110010101010
01010110011010100100011100111011
00101001100111110011110110101101
01001001010000111001100011100000
00001111000100001010101100000010
10110111101110011100001000100001
11000100100100110101010110110010
11111000100111110111110000010100
01011111111100101110010101010100
01011110001100001110011100101101
11100001010000100100010111011000
11111101101111101000111111110001
10101111011000101001011110110011
11100110111110110000001100100001
01010011101011110011110111001000
00110100000011011011110001100000
00011001100110010111010010010101
11111101111000010011101000011111
00000001000101111000010011001010
01011101101101111100000111100010
11001011110101001110111100011001
11001000000111011010010100010000
10101110111101001011101011101011
01000101001111100101111000011010
01010011001001111000111010001111
00000110010000011001100000000011
01101101011001011111011000010100
00001100110101100010101011011100
01011111100010110010101010100010
00000000110101111111111100101000
00000000000000000000000000000000
10101000101010000000000000000000
00000000100000001000000000000000
0000000000000000000000001deg=4472
deg tmp = 49
52 bit k-distribution
k(1) = 4418
k(2) = 2210
k(3) = 1471
k(4) = 1104
k(5) = 884
k(6) = 736
k(7) = 631
k(8) = 552
k(9) = 491
k(10) = 441
k(11) = 401
k(12) = 368
k(13) = 339
k(14) = 315
k(15) = 294
k(16) = 276
k(17) = 254
k(18) = 245
k(19) = 199
k(20) = 172
k(21) = 172
k(22) = 172
k(23) = 172
k(24) = 172
k(25) = 172
k(26) = 86
k(27) = 86
k(28) = 86
k(29) = 86
k(30) = 86
k(31) = 86
k(32) = 86
k(33) = 86
k(34) = 86
k(35) = 86
k(36) = 86
k(37) = 86
k(38) = 86
k(39) = 86
k(40) = 86
k(41) = 86
k(42) = 86
k(43) = 86
k(44) = 86
k(45) = 86
k(46) = 86
k(47) = 86
k(48) = 86
k(49) = 86
k(50) = 86
k(51) = 86
k(52) = 85
52bit D.D:   1066, DUP:   30
