mexp = 4423, maxdegree = 4472
filename:resD11n.4423.magi02.070227.26.txt
POS1 = 17
SL1 = 34
SL2 = 1
SR1 = 5
SR2 = 16
MSK1 = eff67fffffffffbd
MSK2 = fdf7e9ffeffb7f7e
deg poly = 4423
10011100100111000000010101111111
01001110110000101001010010101110
10010001111110000110101111110110
00000001110110101011111101011100
00111001010000001110110110010000
10010001000111110111111110101111
11111011100001110011000101111111
10110111111001011000100001101001
01001010000100100010001011010001
11100000010100000100011110110111
01100111000011001111000111110010
00100010011111100101010101011000
11001110111110101111110001011010
10000100100011100110110111001101
00000101111010110010010001010110
01011100000011100110110000011111
01100110000100100001011100111100
00111110011111000101000111110111
11101111000001101000010010101111
01000010000100000101101000001011
11000011011000100000101001110111
00110110000011001100010111001111
01101111010100101011111111111010
01001100111110010000001010110010
11111101100101110010111000011010
11100100111100100000100100001101
10010001110001000110000101110101
11111110110100110010101011100000
11110000101101001111100000000011
10101101110100000001110010010110
10010011010010110100011101100101
10001101110011011010111001001010
00001000001101111011001111011010
11111010110111100111000100111000
00011101101011100110000011001010
01011110010111011011110111000111
01110000100011111110101111101111
11110110001010010011001010001000
00100000110110010010001100100001
01110000010010010100110011010110
00010011101000011011001101100011
10100101010110100111101010100001
11001011100010111101011111101101
00010101101100100011001101000010
00100100010111101100010011010111
01111001011111010010110111110001
01010011011010010110101100000100
10101100110011001011000100111101
00111101001110100110111000110111
11010011101110011101101111111100
00010011010111011000101111010110
00100001010111110111000111011111
00110111101100111010000001011100
01010010011010111111010101111011
00110010101111011111000110011111
10010101001001100000110010001001
11011010011101011011110011110101
00100111101111001001000101110010
11010001011110010110110010010001
11010011000111011000110111110010
01101110011100011101101101110110
10010110010111011110010110000100
00000010001011001110011110110110
01000011111110100000000010111101
00111001000110110111001101000010
10001110011110101011011100101000
01110011100001000011110011101110
10011001110110010101100111110011
00111101100000001000101000000011
10111001101000011110010001100101
00101111000000000110111010011111
11010001000000010111000000110011
01111001000000100110001101111001
01110011110011101000001000110011
00000010100010100001101111010101
10000111010011110111110010000101
01001111110111000001000000100010
00101010100100100100110011111011
11001111010111111101100101101101
01110000011000111100100101011001
10111110010011110111101001011001
00101110101101111100001100101100
00000000111011011001101101101111
11101110011010101000000010110100
01011010110111101000100100000111
10001110101010110111100010100001
00011100010011111100101001110101
10101100100110110000111000111111
11101011110110111010010110100001
11110111000010001001001101101111
00111000011011011101000000000111
10111100111000010001111000001111
11111011110010001000001001101101
11011001001001111001111101111111
11001001100011111111011001000100
01001100001001111100010101100010
01011110011010000000000000100111
11101111110101011100100000000110
10110000110010101011110110010101
00100000001111011010111111011110
11010111010100001100001110101111
10000110000001101000111111001010
01010111101001000101111001100101
10100111111101000000010100101000
11000111110000101010101011000000
00000111110011110011011011010011
00110000101100111101010000011101
01100100100110101001110110111111
11111111010101111001111101100010
11001000111010111001110111010110
10011110111101101110100010111100
10101011001001101001010000110010
00011010010110110100011010001110
00110001101100111011101100010001
11110101001010000011011001101000
11101101111110010001100010110100
11000010000011011110001110001011
11111011100111001011001101100100
10111110010100001011010101101100
01000010111101100111001011011011
01100010000101011110100111011000
00011110101001101010001100001101
01100010000001001000010101011000
10110010011111110000100001111011
00111111010011111100001111000110
10111101100011100100111100011000
00101001001010110110100010011011
10010010001100111000100001101111
00010101010111110011111101100101
10111110011101111111000110011110
10101111111101100111100100101010
00000011101000010110001010111011
01101011011010011011011000111100
01100000001010011010011110110000
01010110100100011110101110101101
01110001000011000000011000110110
10100000010011010000110100100010
10000100011100000110101010000011
11111101deg=4423
deg lcm poly = 4472
weight = 2131
10000000100000000000000000000000
10000000100000000000000000000000
10000000100000000000000000000000
10000000100000000000000000000000
00000000000000000000000000000100
00000100000000000100000001000100
00000100000000000100000001000100
00000100000000010101010000001100
00011100000100011001010011001000
00011000000100011101010011111000
00101001110100100101001000101001
00111010000111110110011001100001
00101010000111000001111000101100
11100011111010010100100111000001
11001010111010111110011000010100
01101100000010001111001011001110
01101011010011011010001001010001
01001000100111101111101011110111
00101101110100100011101101010001
01101101010000110011000010011011
10111101001100110110100100110011
01010110010110100111011001100011
01001001101100011000011000111101
10011111011110101011111000001111
10110111001101110111110000001010
11111101110000111101101001101011
01110001101101000111111001110111
00001001111011100010111001111001
00101110001001111111100001000010
00010001100100100100010011011110
01010100100100110011111011111101
01111000011011000011100110011100
01111001001101000110100101100110
10101010110100111100011010010001
00101001001010011100101010101010
00001010110001101100101000010001
01011001100010110001111101101000
10100111010010111010001100111111
10001111000001111100010011101001
11000100010011000111001000011101
00001001110101001011110101000100
11110001100010100101001111111101
11100111111010000011011100110100
00111010010111110011011101000010
10001010111000111001111111011101
10110010111011010110101111010110
01001110100000111111011011001111
11000010101100111010101100000011
00011110111100000010111101111000
00111111100100101010111101010101
11001101101010110011110011111000
01001010110110100010111000100100
11101010011001111110011111010111
00111110100011100001111001111101
11110000010101101100101000111101
00111111100101001001011010110111
00100100111100010001110100101101
00000011011001010011011010010000
11011001110101100111100000100111
01111111000010011110110101110010
01010001001110111011000001011010
01011100000100001100010011010000
00011010010101111011101010111111
11100100101100001100000101100000
10000101101101100101110001100010
10110101111111100011111101101111
11001110001010000110010001010000
01011111111111000100101100100000
00101011110100011110001101110001
00100000010001001111000101101110
01101001001010101001011010011010
01010111011001111111110100000001
01110001000001001000000110100111
00011100000101110010101001011001
00001110110000110000011101100000
10001110111111101100111101001100
01000100110101111000100010001010
01101011011000010110001101001011
10001011100010101110101010000100
11110001001100110110001110010100
01110011000011001011001111111010
10111110001001001011101100011011
00011001111000110001101000101110
01010011100001101100001100101011
10101011011100010001110010010101
00000110101001100000011010111110
10110001000001110001000101111101
01101010100011001111111110100100
10001000100111110011101001100110
10001110011010110100110011110001
10001000101110001111001001110001
01110110111101110100011100110011
11101011001000101111011010100011
10101001000111100010000011111011
00111010011011110111101101000001
01001011111000111110011011111010
01011010011001101110010001111101
11000000000000011010110000100001
11001011111101001101101100001110
11101101110000110011100000000101
00110001111011110110111101011111
10101101011011000011011110000110
11110111111000110000011110110100
10110110000010011100110001001010
11110011100100101011110000111101
10101011001111010111100111000101
10100111001001101010000001110100
00000110010101100001100010011001
11101000010111011100100001100101
00111101111110100101100001000111
10100100100111010000000110111101
00010001111000000000101101111011
11110110110001000010001011011011
10001000110001000100100100010011
01100010111101110100001111010110
01100111110000110000111001111101
00001110100101111001010010000101
00000111011101100011001110010111
11011000001100111010000111100110
10110000111010110111111100111011
11101011010101010010110100100100
01010101011011010111111001001010
00011000101000000110001110111111
00011101001011001011100101100010
00010011001011111001111100100010
00100000101101011011100111100100
11111101110011011011101111010010
00101110010100111101011010011010
01110111101111110001011011011001
11011011000001010010010111100001
10100101110111010111001101110110
11000101011101001011000110011011
00010101101110001110011101011010
11100110010100011011110111100110
00000110000010011001100000011111
00100100000000000010100000010100
10000101000100010001010101000000
00000101000000000000010100000000
00000000000000000000000000000000
0000000000000000000000001deg=4472
deg tmp = 49
52 bit k-distribution
k(1) = 4418
k(2) = 2211
k(3) = 1474
k(4) = 1105
k(5) = 884
k(6) = 737
k(7) = 631
k(8) = 552
k(9) = 491
k(10) = 442
k(11) = 401
k(12) = 368
k(13) = 258
k(14) = 258
k(15) = 258
k(16) = 258
k(17) = 258
k(18) = 245
k(19) = 232
k(20) = 220
k(21) = 172
k(22) = 172
k(23) = 172
k(24) = 172
k(25) = 172
k(26) = 169
k(27) = 86
k(28) = 86
k(29) = 86
k(30) = 86
k(31) = 86
k(32) = 86
k(33) = 86
k(34) = 86
k(35) = 86
k(36) = 86
k(37) = 86
k(38) = 86
k(39) = 86
k(40) = 86
k(41) = 86
k(42) = 86
k(43) = 86
k(44) = 86
k(45) = 86
k(46) = 86
k(47) = 86
k(48) = 86
k(49) = 86
k(50) = 86
k(51) = 86
k(52) = 84
52bit D.D:   1084, DUP:   32
