mexp = 4423, maxdegree = 4472
filename:resD11n.4423.magi02.070227.24.txt
POS1 = 19
SL1 = 11
SL2 = 3
SR1 = 7
SR2 = 8
MSK1 = 7fffebfb9ddfeff7
MSK2 = ffffff7ff7bfffbf
deg poly = 4423
10100111110010011110111101000000
01000101100001011110111100001110
00101111010010101110110000100001
00000100001110100111101111001110
10111000001100000100111100110011
10000100010010001000010011101010
01011111001011110010010001001000
11000110011100000011010000110100
00111100001110011111001110001100
01010001101100000000001010011000
01001001001000100001001001100110
01011010001101100111111011110110
00001100111110010001010100100100
00011100011101011010101011000011
00101010110011100011000000001100
00000001111111011001100100011101
01000000001001000000111111000011
01110011011111111101000010100000
10000010100011100001010101001000
01011100010010010000001011101111
00111000101111111011001100001101
01100100000110000011010101010111
01110000100111101010101000101011
11011101111001110110000001111001
01110001111000001110011010011110
01101010010000010010000100000110
01000011111011110000001010101100
10111000111000001101000011001111
11010010011100100111111001010110
00011111111100011011100111111010
00011111011000001100100010100110
00011100010110100100100001011111
00100110101000001110001101001101
00010000101110110010110100000001
01001000011001000011111011111011
10110000101011010101100010000011
00000001110011001001001010011010
10111110001000100100011000110000
00001010001110100001010010010100
00010010011011011100001100111000
01101010010001101110011010111111
00100100001110010100010110010011
01100011000000101101000111011111
00010100110001111001001111010101
00110010111011010001001011000001
10110011010101100100110110100110
10101000011001001100100000000000
00100001001110011111011001011100
01111010111100001000011001001101
10000110110010100100001010011010
01110110001110111000000100010101
11010101111000101011010000010000
00011110101111101000011101010001
10000111111101110101111110100010
11001111110010010100001000101111
01010010111101000000000000011000
01110100101110001100110011011011
01101111011110100110101101010101
00111010010000011001101100010010
11111110110011001000000010100111
11010001011100011011101010110011
00100101000011010110100011100101
10001000100110001110011111000100
01111110000101110110110000000000
10000100101110100011100100110110
00100111011001111000000000111111
11100100000111001100101110011011
10101100000011110101011100111010
11101100101110110001111100100101
11001111101000000010000111101110
10101010110110000111000110011100
01111101010100001111011100100101
01001101100001101000011110011000
01101000010001101100101000101110
01011001001011101110011100101010
11011010011110111110000001011011
01010110101100100010001101010101
11011011010010101010110111010110
01000100001101101101010010001011
00101110111010001111101110011111
10001000110011111001110101110100
11111011011110011011111111110101
11000111000011011110100001110001
10100100010001101011101001011001
00011110110000110010010100001110
01110010000100000100001010100011
01101111010001000101010000101000
11001010000001011110001101000000
00001010101100000010001101110001
00111001111100110000010001000010
11000110010000100000101010110100
11101001110001000000111101111010
00001000000011110001000010001110
00100111101100000100100100110111
10110100011101110010010001101111
01010001111000010110001010101010
11111101101101000110000001000010
10110000001010000110111100010110
00011000110010111010110100101110
11111010110110011001111000101001
01010011101100001011000010111010
10001001001111110010100100100100
00110100101000010100110110011010
11101100011001101110110111110111
00000011111111100100100111011011
01011000010101010011100101100110
01011101101000110011111100111011
00111100111100110010110011110100
00010000000000100001010010000100
01011001001111000000001010010001
01110101110001000001110110001101
01011000101100010111010111111010
01110010001100100100111000001000
11001101001011010101010011101001
11101011010000110101110111100001
01001110100001101001000001111111
11010100010000101101110111111110
11011110001101010110000000010100
01011111001010100000111111110110
11111011110010101000010011010101
01111111000111010001110101010110
10000111000001100010011110101101
01101010010001001010100001011011
11011100001010001000110001010010
01101110010010110110100010001101
00010001001110110110001011001101
01011010111100011100110101101000
01001011010000010011010001101110
11011111011010010100100100100101
00011001011011100000101111111101
10000000100010110100101001100111
11010110000001000011000010110000
01000011111001110100001100001101
00001101011100010111001011011110
11100011010110100100100101110100
01100101000010000110000010110011
01011101000110100011001111001011
10110101000110100001000111010000
10101001deg=4423
deg lcm poly = 4472
weight = 2137
10000000100000000000000000000000
10000000100000000000000000000000
10000000100000000000000000000000
10000000100000000000000000000000
00000000100000001000000000000000
01000000110000001010000000100000
01000000110100001011000000100000
01000000111100001001111010000100
01010000011000000001001111100010
00011101011001101100000000100100
00110100010110011101101111111101
11011101010101100011101101010110
01100010000111011000001100111111
11000100111011111110010011011011
01101111111010000000100001101111
10001010101000111010011011001010
00010000101000001010001111110111
11110111100001101011111101111010
11000010110110000100101011010001
01000010100011111011001100000010
00000110001100011110111100111000
01010110111100101010010000110011
10101010001111000000101001101011
11010100011111110100001110010001
00101000000100000101011011100110
10011010000101111010011010011111
01000010101110000011100111111111
10000001000010100010010000110010
10000111011000001100100000011100
11100011100000100010101000110111
11010111010101011100011011110000
11111100110110101111111101110010
10000000101010011001101010001111
10110010000100011011101100011101
00001001110101111011010001100100
00010110001110111011011111011011
01001011110011000011000101111100
11000101001100000001010010000100
01101000100000011000001110010011
00110110011010110100011101101010
11111111100010011100011110111100
10111101001100100000101010100010
00100101001100100011010000001110
10010100001011100011110000001110
00010000011110011000010011001100
00000011111101111110110001101100
11110010100101000111000100111001
01001111001110101000000100001101
10011011000110100111101000100101
00011111111111001010001110011101
00111110011011011001001110111111
11110100111111000001001110110100
11100010110000101111011111111011
10011101011110000111100010010100
11111000011110100000111101010100
00100111101011000101101111111100
00010010101101000010011011100101
11001001001010100000010010111110
01111001110100010100111101110110
11100111100001100011101011110110
11100000100011101011111100010000
10011001001100001111100000111111
11010011110111110100101101011001
10001001110100000100111101011010
10101100100010000111111010011010
01010011101001110011001011101000
00111111110110100010010001111101
10111100110101101101000101011010
01110110101011100100111000100100
10011000111010110011110010000101
11111011111001001100100001011100
10100000110111001001010011001110
10011011100101100101011011111001
00111001000011110110010100010101
00100011100101111001010011101100
00110111011101111110101111011111
00011000101101011111000110010111
10000000110001100010111100101111
00011010100111101111011011011101
11101110011010100011001010111001
00110010011111101010110010110001
11101111000101101101101010001011
10001010011101101110100111101010
01101000001100111110100010100001
00101101000100111101000101001000
00010010011100010000001010011110
01100111100101101011110000110101
10010010001111000001000000110100
10111010000110000010111101101100
10010101010000111000110010010110
11000111110000000001001000000110
00110010010001010100111110100000
00110011011000110001101111111101
11000100110101111100111001001100
10110010110101011110010101001110
00110011011110001000001001101011
00111011011011110010100100000000
10110110000010001001110101000001
01100101101100100111001000100001
10011011001101100001111101011011
00111011100101011101111101001101
01000001101101001100111000100010
11110100010100010101101010001110
00100110110111111100000101101011
11100010001011010010100000000101
00001111010001000100010011010111
01111011101010111011000000010000
11010001011001100001101010011011
11001000110011001111000010001010
00000000010100011110110010011001
10111100010111101100001000111111
01110001101101111100010001001100
00000110100000111010000010100100
11110001000000101111111111001010
10101100011000011110001101010000
01100001011111000010001000000110
01110011100110011001010010001110
10110101101001011000001101111110
10101011001101000111000101100011
00100100011001011111010101111101
11000001110000101111100001010010
10001100000101100010110001011110
10000101011111110110101011001111
11001010000100101001101011001111
01010110001011101111011000110011
00110110001101010001011011000101
00101111101011001100111110000101
11011111101010001101001000000001
11010100110100000011111101111111
11001100110101110001111000111010
01000111111111111101111101101001
11100011110101110111111011100001
10000111100111111110010101000010
10100010010110010001001110101001
01000111110010101000011011101010
11010010000010110100101101000011
11011111010101001101100100101010
01001101010010110000000000000000
01010101001000100010001000000000
0000000000000000000000001deg=4472
deg tmp = 49
52 bit k-distribution
k(1) = 4420
k(2) = 2210
k(3) = 1473
k(4) = 1105
k(5) = 883
k(6) = 736
k(7) = 631
k(8) = 552
k(9) = 491
k(10) = 442
k(11) = 402
k(12) = 368
k(13) = 340
k(14) = 315
k(15) = 294
k(16) = 258
k(17) = 258
k(18) = 243
k(19) = 231
k(20) = 180
k(21) = 180
k(22) = 180
k(23) = 178
k(24) = 176
k(25) = 86
k(26) = 86
k(27) = 86
k(28) = 86
k(29) = 86
k(30) = 86
k(31) = 86
k(32) = 86
k(33) = 86
k(34) = 86
k(35) = 86
k(36) = 86
k(37) = 86
k(38) = 86
k(39) = 86
k(40) = 86
k(41) = 86
k(42) = 86
k(43) = 86
k(44) = 86
k(45) = 86
k(46) = 86
k(47) = 86
k(48) = 86
k(49) = 86
k(50) = 86
k(51) = 86
k(52) = 85
52bit D.D:   1095, DUP:   29
