SFMT-132049:110-19-1-21-1:ffffbb5f-fb6ebf95-fffefffa-cff77fff
64 bit generated randoms
init_gen_rand__________
 3468491289614045320  8754857600575070355  6316486777697043277 
10375740585952142422  6558809517408856139 14589841882975714375 
 6079028913135833813  9409193173353816721  8166994814568880387 
12440719603039362712   459517022168555541  7178255929448220394 
  577532927138759549  1052428188372249546 15004318495185571313 
 2456013829063285963  1323920596043029567  7998941299576266054 
 7794208548631785412 12327015020537949736   798346203326272240 
10464389067275695596  8307756553546734684  4776532710883485248 
 4819960837766380847  7585446129064154908 17875862731126983512 
17387799069647243049  7802284941593212710  2025649941561656738 
 5191641428736502515  1735886442157602286  3443339049374472688 
 8256629807246927111 17624132864533102491 12834521105885341928 
 4065060010448266506 11362650774208183922  7428549747661379185 
17045310463358760226  4137963678775183464 13641166955475188382 
17028405811546248852 12745303033772533464 14945320018459814192 
 7421303418379739540   605565774199586539  8461508940529163853 
  426088858373580709  2797028703072576838  8175815934285031260 
 6970848291280216462   666580116776275778  9130498942571541452 
17670325637667473267  4824433581819341913 10485397957715765587 
 2936970021972256970 10667774875205366702  7269745351066456945 
11930667593197725050 10979418130111717606 17659617139256835417 
15563985008003087166 17562703974424032955  8849487395075507412 
 7522485209541590255  2907189465124379806 13502261055316663520 
18186034446093606397 14673350094715561668 11152472255082948123 
 5874237214137346074 13307231435692351459  3201164623127113902 
  261428309517993843  6868334720217124107  3626964600787354112 
13495200182665149918 10880504337357528233 15989699738713988853 
 6742653270790579424  7584909651495063485 15527949420250132271 
10478923408186041296 13947142102092851434  7413879866251371606 
 7623839292325963682  4328033961165823961  8509769083936744526 
  999805419999486801 16691937351083460364  7306441201941265358 
 1102741375148292798 12831268239717513845  2764389456543026157 
 1064429447293326285 15495116150482300410   499534888204416724 
12520401675497333588  8599961974378034839  7385081808655373430 
 4795816103517159962 14488438404646241441  1056129142085363945 
 1513646578907199410   538956688491844388  8699165408503070035 
 9538664104978875484  5094787813557786678  9033126173398222525 
 5268619760456528300  3670513386707324471 15789244991711643555 
10186540242165916662  1053327879916408365 11575968485849423027 
13337964758269109740  5973176732603808658  4759107856274279040 
 6372583784672883602 15856582830531020138 14080621307883037245 
 5906621405262773490 17537824192985312516  6772218232857142269 
 6834396396529129209  6680469850996038617 15934546166759866646 
16195145457765384463 15061330098394304225 16534125501334083403 
 1661329878143006315  7727513083178702539 14383465621636822634 
12122551328475896933 11944127940930233388 15570533747271852567 
14089468352121175805 17725032909884975847  7219298762065679670 
16885965853141142218  4909059084503405256 14028715864721289602 
 2219341645318504046  8924043230464757458  2322401791976713816 
13050085573906273072 14130655809303092338  9717614957905698145 
 7970956949067802381  7993360615791877205  1531571550591049326 
 9980700328205220609  6114822692610147466  5098690326413579339 
 4258676651229397547  8779314059530649884 17106773471423622494 
 3062110331399239735 16760202868827113444  7338219930405152807 
14766971744329893153 16497726906689442783 10375049409342721621 
12658714161022903443  5724783598516878329  8856404880674513973 
15150088956515660164 17179504057300251536  3005429927595359104 
12081861366552540081  9909849160354412200 16023033947474893955 
12781015831468025656 10827472765880266717   649446430542747673 
12809539382527806672  3927719181035400101  9600439678783149424 
12821506943000266133  2240840206424650504  7721158510035966899 
 6374687134665230173  4581577634936773158 11135540688388544959 
13203996642880430683 17215773733432380462  8625901664351237760 
13762121145118535717  4279082211191826375  4514757942254210646 
  200816447488251435 14111668576670230590 10006250748038703311 
12497909309622571528   747630345654662394 11382625528083463055 
12027988265655027162   157358849247171140  4689696451407464243 
12483554492149987330 14347688943706441868  8341951914250013342 
  958187758788781299  9945610567368071747 11628417524356740949 
13192354122580961266 16860316753397762388   197597157225590041 
14425842036665567277  1348792260648824702  1329041566261419858 
11206040353062768359  5768958231673320942  4779670498015597507 
 6817777717383880458  7728939149545235235 11003636944157553113 
14257259361470737818  1474940843604266182  4252386040318878333 
11740631128595413923 16292898632885937169   478274107771126705 
 3944484960076070971  2687458712500620110 13711248757181664963 
 3931465925348163710   343210592401461616  4073192489525608777 
16838378649970403622 15322292036398955251 14147039024363975452 
13585500964908815686 16185705806692372098 14812954649590475499 
15429197054446924959 12170882715996913636  2925086033088927137 
 3809014750357687647 13673665979805761870  6560750636563706269 
 7370307856235913541   626506454013862778  2025552852240224688 
17642988702832719442 14231597176883101341  8547176314173257807 
12504703740843040459   748509552422608848  2562200392379565801 
 4278550682157795518 10290141592442110276   413216287440073044 
 9163395851710716107 11012367389449943365  4137075457597467488 
16849378697759928971  3393716122911365703  6508173466135355234 
 6859811995216145496 13969940985022858826   232141601525122911 
 4890605923191012822 11591507428338627848 13654284737109874907 
 1432765727657248092 14778775354652167994 15616428125455564189 
15814699950755579716  9750758766901098472 15763095329493055716 
11137355461007120602  7497961130611669395  8004775915847181115 
12326013863357553440  4388536382639815518 11007474623727931465 
12724816045600851403 15725144181038437541 13815675571022162128 
 3022670001499715036  2294597650092392691 17377684917106236809 
 8068095171125260152   478293515497542104 11525070465464690393 
 3676943301892004496 14092977998013304458  7850398661072583415 
17220679728128304131  3054550916078405358 18320597440490659042 
 6838276280959197056 13491993290236211050 13360174548422663256 
 4909862223138928014  5760361225503526677  3703148332246312358 
13271847140986652236  4401673132438523090  6773687826667325284 
15405896938962017039  7471441497197016765  8594541032234769386 
 7469270513793136064 11626155736604123254 17162225220130844354 
15638541126971301854  5238871278392567305  5657413813106395728 
12468358865330411581  4860371607745894435 11170497537645697357 
 4634591536786881274  4794890406766425598 13177784212841508749 
12994150186728437415 13576447562734572203 12304112700491525412 
 1650493401996341698  4408602203940748662 12228493442723344286 
  254969109872917517  8350891950773346402  6949805884956382600 
 3387142235266660652  3770530974676581423  6586955690380007513 
 9444079381635430081 12841901985479715899 14393173151872760083 
17548719417321690660 12896096969422087899 17057230964081610737 
 1172181959115636097 16607704162152521426 17296318245710714591 
17104591956935452047 12000153688063629487   282445049909126594 
13921603130333352451 10262165249979949520 13565785008760508158 
17631834879740139459  1523512400179250425 13206220748712784061 
11762773480102854241  9016440182768284760   337790563458288932 
 1236439808446301277  2202053613408747479 14669295069862757595 
16935000355470205336  1919685847441836367 14326157571095794135 
 2463375791648031640 16013299197281353267  6811121535761022857 
 3110023438088129823 10654975575170962669 11204977474780681456 
15252855911634524070 12836529822485632456 15977136964797349036 
  300171294888204832  1183701657650669734 13607549830446894536 
12997028893699455076 12636183328777823870  9439867047906986875 
 2694396746994220327 15384538880149536727  9582226627244354863 
 5897972308538766978 11928963673837643082 10509127923018362250 
17891094090556116426 17523498858290849203  4719592910414823816 
 3993555241153446723 11945145287411211821  9673953496806720274 
 8631282731742577298 17227878895116799159   251513812881659063 
12066833122664187008  6119465063804840259  6910268327497737456 
 3236494494621264878 12073525510828274851 15358914192814355317 
12843659060328727751 17103107394662469937  9170739456080905914 
 7249020646569069648 12034198771629652697 14793944231576736860 
12660822821717737987  9706467799752381220  9152915578796605368 
 2748715172617508563 17042986209914317673  4303596825009183178 
 6761973020254221365  3979141470093394701  6462872608610450852 
 8997948264214138118  2405496811919181736  9694967636262860962 
17040755695503932552 15313577744386733264  6935843585148810539 
10099567471973848656  5433365577126926258  8878224262822707087 
17955651166999023833  2057382400184121301  6902888569363914129 
 6883255893841488311 12925205899946523383 17178617249748218933 
 9897419511596305567 12327851899642995411 14720635562124120258 
 7517090927031431606  2939655627788671846 11984695631566451299 
   55794003583380550  8562456074458250987   372970615519454675 
  636042046400459182 18433695678224027399  6730346605869312956 
 8371199864186754722 12323591317670855912  1540784014264951032 
15738434378681962770  6814472055992027499 14090591165500787628 
13017377011247993712 10448204908677326938   133048752875878062 
 4761480875594844779  9914515370038109111  7205199264922964127 
11707578060118369970  4210316490900842599 16652042789101544959 
10893481708858744170  7942790753919284172  6480007940340534352 
13451269489705148485 16070168442149105702  1904110854444920824 
12530592691810746587 12085952859929247771 13631571680068227433 
 5087939418588138169 12401664916438933731  3485906676543592068 
 2790851255297444536 15167050831462766279  9818600035213730402 
12333897031143636384 15014490223321599330  1569845254043630587 
  742019919545221503  3091471176390325798  3704946345650010462 
15227566151480110307 14791649353423432758 15198397354323056737 
 2884940329781625132 13705724242122991838  4460472235167419233 
 1881703335660452823  8684714173335339288 15971469578864297060 
14256358468881132858  6416398301478600858  2820105081040974464 
  412115855394952879  8324252527507887430 10401659825188504510 
16474771566386521958  4124012057151024513  4632856127799907522 
 2274686677873107999  5276206332666320195 11681958894913481402 
 3965052757047837304 16260950654785680732 15212243733906405412 
 4554263142072490841 16948163384309040646  5073464905744176562 
13453105137181091601  7212131794469201457  9252852532149375174 
11111362448948900368  2465646168201522172  5519522653172326477 
 1928462112305730134 17750991263443836818  8318662471554670347 
11229216111607453114 15548181327348509457  1096429211565632364 
 1458780685940757745   537882296654171098 17891356311181634093 
 9169395341992836092 15747695463839920783  3802529096381218749 
 5329941557728657824  2734607470996255874  4934171649902440424 
  245647615366810175  7650906732271405547 17006156499329114011 
 7385377171146790005  5239949987873289128  8084744099801433098 
  650224661984723361   560747906886207589 14708031571677720437 
 5310863795289862639   514752732119310149  8393896601359403469 
 7591091926175477973 12361819116896605035  6039246347476666735 
11922064633154365414 16345215768320599275  7688804841308914499 
16404479957789530987 16635808025389328696  9461231296557453807 
  720951864070792036 17544540094947099582 10750548230034531836 
15133457160188373162  5205564039647049020  8908667685782724560 
10838870230278027795 14597139851722065480 15667529805751386883 
  672994038990110206 17067362622250507200  3871325093276140523 
 9925554612734361575 16752689783468693042   551398084875950526 
10321546141289812416  9504750199777520853 11763280066749616760 
17774211767688338241 10126714621573486853 17131169255444808785 
14445000475993107880  7546197950317977602 17907458941856215311 
10878929945611155949 15438668293987586181 12038407643563338855 
 9766702033030951749  4653168819416994818  8196704577567078668 
15458841557417645855 13729604648328476089  9722265033899843764 
16403926730309123165 14188741417657341531  7325608156692691639 
 8580498972907947489  5413827363258479868  2077361050417023199 
 6474234614665156310  5983311591722503874 10922581592777737189 
10580366654360940981  8429570243678379290 12152840491340297882 
10380393160734156187  6049146818888527290 18286789821232209228 
16590808921427952780 12851942582407107754  6367269968825095613 
  500260579401153187  2876275516674173899  5461952810494534339 
 1797807824849408432 11422140721997203585 14507612191248861322 
17665188606631494413 13956059840014481657 14017457138766215437 
10016242941891320725  9355646855813353388   487426868456139087 
18347467628277134577 15770317134342998750 16337873363455301318 
 7667854205226696016  1727662883840932595 13139296100855682404 
 5667384351150945518  2594886704803113222  4952041069350894014 
 9136296051841525836 11689362731126680312 10711863270279373214 
  367854968500541929 13678211784335404800  2264550821839604728 
 7102111227167006596  5339728547291603259 13026146469321052392 
14510288067062743592  2936151125219105612 13768294428503164843 
13597018994228885184 16554908030276263789 11185196834491930888 
 1315049702266872474  7395007083591991683 18160152585241589893 
 3246599705673565439  4480078043298951053  6250276212377757540 
10844086661482974618 10537518294059890301 17238954198455077299 
 3536856139008316505 14179380480032915798  7776347773753972492 
15255243440548913696  8713369238338070087  3186513829325609178 
 5725703021419183076  3006365772541687114  7201615028993062236 
11379994560162454548  3709185108328803404 10580902286334899004 
 4992835299626464872  8672888481638694985 16054371788189002317 
 8340142213705735595   997124638972093588  8640384969565989039 
16391999628747928416 15001905584433274237  3725382437560927365 
 4744420908578807817 13847573999284375147   932903891648087298 
 3330859226412297427 12858542730277570306 15855907856189813982 
16739103041669398392  8982715722634974217  4284769543275307703 
11168569025728575179 17641538046068177134 14565185657433094575 
16881702405831757436 14530520903844760420 11789494033683894769 
13771703038781332799  5761953730296979326  5022827530725285720 
17606271139149213265  1079423537483990420 14162049236505080098 
 1505599986151459913  2426446818576219602 13202091373004917384 
15132226451604834167  7306888500451208705  4762956155681569956 
 6894936903817425105  5028521708780409617  3478659456032251702 
12587138770826898999  8755877821507042289 15364538308199690081 
 4290837614446927406 17164093134435638382 17621387084406435806 
 2937315038947725151 10671094158390557977 12589478751940147219 
 6184894841161390694  3200555830290224944  1047899099702899380 
10679492818462280661  8813427712758570371  1998298779255052305 
 2892348528232885206  4038926816993639750  5255023531030122538 
 2236955868479528228 10499569612678516978  4025357151870612961 
15720896281226141410   561207618798457276 13389405982048078413 
 3154180438303002859 17935773830574664909 15269914462908051979 
14719652686771815914  3583124859562740859  6937049889770103759 
15118202029675014940   789712130582751707 14759205078055014337 
 1282156221875760772  4771490510247415344  3961371470632923767 
 2692328752170199783  3883655036665581475 17205736117379870890 
 1608049498492615258  5881843135787486024 13058503427237152846 
17222461611205204360  1388081319044106148  3212222473469543114 
11876978768866314074  6047073135253910385  3159368786122047430 
10718053551756101103  8451826831764771020  6922969713818717079 
11076283001617378869   916086923104208495  3363211270620309436 
 5841828647032893171  6793848598503052522  7197955999090226664 
 9989994432152374880   219967331912917114  1750266226119917340 
12540187628529089816  1536655986712364961 15982846860159946396 
 5575765069478522261  8169965359669065456  4174557090496060106 
 1391109184697538453 13307298619008211916  3075168277424692820 
16582999423899395490  6542847229416974072 18305430932195319155 
 2007061353544896749  9099487952290527913  2363850943408838472 
18039669727727619488  4758497995816005385 13512717284705795821 
 7982231242803233936 15258506089007284056 17646253847236624266 
17433020655808918184 15546742059825534335  6403709318394937443 
 7121801823533835208  1337356879982075523   340414064747582481 
 2519747682075992543 14359097273985566295  9030792598918198382 
 4021917931367386858 12917830558895010925  9382812099672239801 
12740435966764941712  1939704381465369249 11988412281201026554 
11895272897720645008  4791754704449420326  7086530828034971563 
 4591168590640757442 13713536194617795207 15366447832529904635 
13971097431679625586 14877282177919323799  3332612785739787583 
  228219122367339036 14975358145214905805  7669012579753432480 
18017576203093533265   658891552538389070  2948922212666560448 
 3462879361171520030  1303156405922446415  6247835319725337479 
12751216496057486885  3080354861117627157  8000967714089497963 
 9726185381044425951  4709600533949235349  6966756079471593213 
12155647647612558179 10049534636970860915 15728213391684325189 
 3279548952057298309 12181432444795928346  1568573113472296189 
  223348995574700658  5682323299591253393 13092954174848198858 
17920690728617639564 15088902763925547118  9163289637312355540 
10628578506414866439 10674399268598351782  7853385817357229338 
 6850619328285781158  7224749280068621186  3185415291140234529 
 7166139430592527583  9280215062929052937  6717985107410461289 
10710063425546247778 15312476480807523531  6453486952317110576 
 7878557509543227560  7242366137421574235  2725490620154734281 
 8105942822332914140 14302942171164018923  7496017675422492536 
10366022219462954188 15281235168267383650  1326863831527788291 
15259243619169535729 14928858280396005028  9023492904639219562 
11656832812939425824 12131070018913627695 16809061409671152808 
15490155719689216249  7305280686064743251  8899253610930955285 
13513715844438851469  8572106935174624415  2892206325617087180 
13907210532631279911 14088143605511282894  8065914380938480407 
 4101787039576112196  2697330635777996269  4819899566716129792 
 9152639996443695097 14872212555568414882 15788431657375271935 
 5489814859487819216 10218216029508411402  4452774979431711057 
14370615175056496443 13292859330504531863 15222052536890409904 
15480663288682443035  8888438318905338486  6277136136725465404 
 9570271848852089873  5417328278209459245  5307640009344101223 
 5979204526794305004  4916032949530443621 10965111487560859804 
12219242984404020211 18102778351871075629 11592373055035457698 
 4530984221913830076 13438735307813820928  1821657614367056229 
18337731854398685010 14930832896272608571  3830323909906659331 
 9206290607511595638 17172923861330738756  1638686246444445935 
18157971835175326060  8329203132358901188  1951517356392752187 
16137836553609456845 15882601308058826156  9830297184207001244 
 9367239126470260320  7690077647497730455 10439833713379445183 
  839922995017788814  6360940988899184184 10117339365800832711 
 2975045700979970704  4416793195960481121 14743899953669399952 
17128048427635230589  9471250715487711585 11386260423955660624 
 4653401070915883684  9874774406980347386 11466558349825370959 
 1898643008462808643 14225687283698251948 16599599713105551570 
 3004941906084776981 10643902255194224748 11948927413347600129 
15836566612717756915 12580017864942687582  8384378383157046602 
12608941284867704304   303120974258539361  5647908574741174980 
    9101394553483336 13098953948674847813  5506303544597818230 
17612446507370643425 17903751854461591230  7139298933087154153 
 4812852860434644855 17345794118481004025  9060946457110186700 
 1690189227091073082  9260268590089785755 15745370665167044330 
 6484150658387757641 17546456350535706223  7247696174210132537 
16538772955675746217 17563356184606543199 15523068659856743389 
11042814518045372336 14473899294509241336 10637013526483633890 
10987831707668662478  8896085376410416876 15316412917982473159 
11930339985811841370 12011917862902152344   596331407528786471 
 8485791578166860060 11196607574962661626   724927505712285849 
18225202956813833924  4863579343739180174 18326454510800391320 
  765197597369718639 16164168089694832749  2794189570499321987 
15177446224239302305 18104771429680472625  8318592156012622135 
14423512501535034860 15802779767974600007  1556624667825014103 
 7721324618625179925 10589220918190917306 15155974196894124821 
 6052745270117347099  5819760143577876080 13687326549741131453 
 4382611980084557953  9691238149267564247  8481897770555740238 
11828734602947766065 15252623610038516425 11080403523720181785 
 9973961990638310252 13820654865921578057  7995272595401820163 
 3976460963784609518 12411107554720281303  7056965095565790422 
 2197965381100384834 16170979895464746101  4166451096440716294 
10837197574411747214  4522150057636774780  5566749842717565041 
18015422366676602115 14019914237754371393  2954412590393642379 
  649482638765113922 14205859353699897918 14077261854908137257 
 9564785861212212042  7310747921257808846 13759009477111470372 
11942123860149328831 12868386070200572127 18348617059674004332 
 4233208019331956061 
init_by_array__________
13158496785469113830  7933400798929796691  5336478271631787500 
16456810052662864375 16602819847313482428  5692951048631706816 
 2393061575052233367  7695811134703931987 14896361670736096815 
14950974931713834270 12192300324761109981 16272580830616248478 
 7864609555660457179  4866772842571759437  1672803972346314651 
 5355954411724103073  8310539509544233389  2945283388305982253 
11167775304609031011  8222773553804522910 11231626891873454666 
 8870476054935749354    41605660530072673  3147804649996185166 
 3348197801404563033  8105968521093125096 11925057003287772861 
 1818689578213708614  6996477630238420526 17713833990550745591 
 7679486719374646787  8290160755765357784 12901408822913583093 
 7328518004901943863  1934629954230107006  9989168785534657460 
  152729095215604067 10449150649216073149 11326258034089778784 
 9345146654902947571 16607150041157467824  4059713920801943970 
17711174871722068615  1148178247449818512 17411230918835875973 
15870775122055136278  3732854841227589472  1784288497949702699 
15544413646303520981  8591379769700176100  6989412043301125895 
 7032328402898327356 17135860443502089487  5673549134406241914 
 4068095584522443996 15605162620211362037 10789257524804856789 
 3052669131052648446  1725944195137221660  9349878756856279765 
14503148722449745278  6672789003090571547  7414133016637492329 
 4761501570730016071  9223523978401546809  9092731391696256094 
12340010448961883086  1870393598052617859 14417440867505890169 
 7252608594246261501  2787460481205875277 16380448539782798228 
 3241405261983693499  8239990116729138513  9778878983363202847 
12447780274808850905 13671776605483752119 12479522952111913315 
13989890886698470369  6436302363282737603  4699447348171690768 
14696350759375357239  2807955318013805467 10358165463533448291 
11740842872952340281   518318887960986941 13716565480045893707 
 6446834772643830604  6554378545187358801  7401953302217293049 
13739886927480806849 10129663830217560170 14986436276612865021 
 9598584934635194769  2054243694591808473 14544945724080839630 
16780811310428579906 15547945547138605839 17918839974381764187 
  303192930630319285 16862794628897395958 16827679921581488544 
 4065725809150630679 16119623064391723624 14365355836552226339 
 3662828677854904994  3819956546909057627  1258047033459377048 
11646807478880969671 11782056031783419733   371227811914183052 
 5068709317851202022 13474902748652107832 17432944331399199749 
14643752295589051955  5010855031794503366 12272288021207797047 
18224281276357474331  7419389458122003180  2511436860665342012 
16217086611618092381 17697009804783713868 10344761085303653484 
12943596060448268513  5577292835718959987  4974591796296878556 
13148988769629335036 17155617486231022569 15389574401296584243 
10138674340749315797  3740620820103783481   892105994090267015 
12248889153783608739  5040467523004612306 17873962716118372064 
15335005518828444004   312575326846553983  6247282425899094853 
13183476430311796785  3440778166760525295 13532074175113621844 
13325631956232573001   122328173721178765  8491874908280237279 
 7822931091731552112  9834168737211916677 16557175667990671263 
  347145889135822604 12171410363209131507 17277788840807631397 
  891910522310665364 10641391518634835485 17943871387035576764 
16846793638570963149  1521450069337857156  7023274865488986824 
14703357628843497136  2249486158601361489  2617145864423239477 
 2929262271882501461 10454718207527388480 14070910279196755258 
18302384147848901047 11950690687197803587 11667621048809057848 
 8157684227744731434 11751877278536376454  7856316386442000999 
 3161135737413199644 15985242579586927904 11122079809594564632 
   14548918352495887  6004942635201632078  7549092650029573040 
 7545043120524984298 10390887671319698556 12599273712067035842 
14236552863439614316  8029508155673601968  6605552567997933330 
16878292550354352849  3008545358431775849  6531505533869608964 
 7754592726035787971 16373260221424439315  5887425651631002168 
12729315716348567752  3438183602639446156  6503631120422436515 
11412400633182180447  9877527383053997439  5523734530171303350 
 9487433989958342587  5072638567367801495 16629388360097312804 
 4373349782315888606  2126604029811785849  6223352638867697526 
16940556605041149797   267721179961580779 12939918614108562269 
 5289915573706646119  9255119620843397525 18074782546512016312 
 3376660703620161805   280306484588100871  9297897764088544752 
11482571596890009899  3758795027035442696  1058502861440292864 
 3841842136235762441  3634377948376002665  4654513803353504234 
  401089820546531604  5735769368879594389 15891224998340062007 
15476302031658141775 12167505293181292875  7640624756410994764 
17603472196045159617  8587372859782847184  5080415612966092652 
  415118076178692708  5945345300731735303  2356968242525987285 
 6211880353521834756  7466279641147319099 17411136071616484493 
  195237709334783267 13944009084355564402 14949175099093178274 
11243511700489483160  9367892311076164586 16273152166064207825 
12847243275513067742 12197231726496404872  7012094663361198116 
 1727523995558919818  5477886955126433978  7297922767661489005 
 9396706790291680680 11564754827611046363 10395983791608995633 
15324269168547313658  6316876698220721791 15742740713556955905 
 5208115864243210397  8062399980773828709  4182820325908449278 
 3697228762298257252 10819880140321136660    70374812767319158 
10097361065833771834 11965830239034626391 14242841811674996956 
16732554385122743666 12721339552102882269  3202216023425948131 
15672615235701096858  8771227932156603470  8596275696644709007 
14897029381110262632  4185730838425460686   118545826906702696 
10407170909227323335  8775192706120250819 10176880340058338614 
 1521269159461889042 13004950014435739625 15555853710511294847 
  737569539704661375  8277603257133856594 14609125499725884690 
12455539885265362704 15143493615624300326  5983669443804108080 
 5967620593710325693  2617511411551735856  5470829516764180822 
 8348846362101131378   677106464544629856 12403363208271924813 
16984721188796025233 14698172817675247241  9387717754362450291 
 7212430889796283056  8230988665633616467 13837538055136130795 
13185330091123471506 13519768960206098407 10496679420354604140 
 1085422088535902470  6161788070835017774  5549090367009068701 
10095574981925701704 17486608533585122546  8945394264104588637 
12897093122313896600 10448645439623694951 18343081459964705522 
18411474796048143001  4573659168213277310  5663945010276276532 
11652293923504422533 16741304540051561577   609864802176439982 
 6494603972795833350  6809331542148229596 13448781676679088281 
15893452562682052024 11281039655517757226 18275795896309367334 
 3631866047582270119 12835276889188372438 14167436243112388134 
 1168013311848896302  1988987430675819241 13049783530236077756 
16992045438940464158  2413745836822045844   770860103844173219 
 3331742361558385207  4228420525037423622 10206943611558625605 
14964037132902571708 16921451858966315675  6944794562619906388 
 4814267242266346870 11567829734174237023  7825787765549170664 
12955695511322169690  1954199846876296065  9822457719848219561 
17412164882799516121  2960135561765337395 11385779535372797938 
11577058504292961891  1512003766851198950  3800046868335745195 
 8608759518316199355 17093621273826637634 11671737673341115167 
 7037312553930517602  7006471434745740119 12026577587575165576 
  212392157419197569  2442333269942821973  6108653351610084937 
  360159368747451000 12408663243905594142   716158018952887069 
 9951780108066978867  8744853406031486459  6841788171570357852 
10372808117320640747 12995816140764540051  1395940200166054614 
13286019993419422645 12043249874111588509  2288813644987338305 
13522491167904121093 16169951894696513335  3014893202283537752 
10835792362323720647 18208400947822185447 15836223798056013429 
   75367267122020430  9260822730027184231 11468285045375334386 
 7462747947306351719 16385457349416989360  8105979132420336316 
 4412879171931884009 12172082103210243863 10044059572400266101 
 2814633944065990154 15914309285364525717 11667169987297657945 
13875486931896612097  7013488963958705021  5453036235407904081 
 1061113325576811851 13087495191473345577 13775254877921194660 
14022277706158730000   125536719309250243  3444547086100847137 
11753875545216777520 11228279806060815564    93276163221360104 
 2927627285105401953 15166529940486289263 17142496092408520615 
 4725437364186243709 16942248014326189128 12171068297756459654 
 3713146407603958632  3719919970489670685 13685458134779571807 
16246795810916120336  6608437843122118438 16656664194353138071 
 6618044923297150308 17617663392023448275 17847060313749397245 
14937494185864893577 15169349657298573496  8589465066159604720 
12288223673698457692  6401694233752806686 10505462302299854795 
 7632020298119957701  2013080861935213392  6452504775412800213 
13901457246833628776  6517412681792582536 14376462887359641499 
12349784232442280886  6956880975755051548  3794068696199846433 
 5319532313301549386  6719281791575644866  4033328622914881635 
 4816000563324518167 16260454202303713707  5440742711533440729 
14186578543559596694 16779500866394034580 16633957886789922525 
  389952435756930725  9096083592240908066  6401490613627624190 
 1783954820781096880   755131120498270257  4039850626625839510 
12091816731413412634 10532519674717087256  8151251660367686603 
 7188521388447706184 17236236145132801299  8975442044355348739 
11080639981979265616 14616339881319227626  1484033673347841815 
     597429151821171  2323578886536936754  5824065203178323924 
 6516583819475318161  1360906643009411150  4676653615569766532 
11384945834626974200  5002051516820822761 16988296105488862979 
 4661037972936484543  5416805525338120997 14251890435183599392 
 1934056144197803557 14202425754837222731  3759168263436723592 
  562614919662820244 13587691416765314719  5444151465708489843 
16413698619150792917 13669574238400815405  8424056815737139226 
 1561582151762704869 13258249821415866436  6697183096061840541 
15412167777471912786 13901051576213866406  2152894812370847319 
 2680677048031688789  7771768858202337571 15152367493098989274 
14059115420362354281  5977283573186639435 10324653595408359100 
 6230544723309435301 14270410343710262625  3573435874684989463 
 5697631685517169935   377433953550090151 16408372100845845729 
 1482808149053717161 14958997588847752047 13405732982950562031 
  311716740469979931 15304547405397003719 11440055956603667655 
 7357940715492152904 14842466643904333135  4376566655352103663 
 3617240896348053627  8572950141413873062  1245323685817937106 
10775558918575976853 12284646439098726332 12027058841794297016 
10895187820639939198  4515925642672283967  9761299250744666949 
 2273818539376493989 12521257395266470678  3935309825032962826 
11470028636328971482  3788023160291808676 12773425687388335776 
  804832892276222543  6330038970203573324  7932590483001747202 
 9471749212469746792  6154274325294356685  1857079544443134848 
 2108920601513005780  8034716853315678881 10344229717919173441 
14181787652026382811  4397811394053237233  5775135144017052778 
16136415391384276796 16489625027157649975  3505937090120120702 
 5810649139276398327  3767146157336768698 17464975997989597647 
 7995455888120899373 11233747766173470956  4189486049734284864 
 3963701247339122254  9462734061821476025 10832968098529980719 
16603498840763635473  4027466049550879371  2220296630971690062 
  694051309234429953   671428864791640758  5483722197927123735 
 4239131791682378659 14119938679959794118  5754208929823029072 
 1140353804378839836  7364380626660133054  4052319427382616618 
 7809172491068043614  6722321445496374827 12498743599902996539 
17349616774440062366  7258088808540064911   584606809597952306 
 2198730130852020640  9560240160002715860 15029002967173714120 
  351203436405555244  1235519073339341750 15049340829814505843 
 5902153701905893405  8264856642243716650 14146121630224214140 
13680702419341613149  2042611040925310882  2521114275682723555 
15110545774775039790   520868905002087720  6196208306433934072 
 6287105267161226367 16550514587135985327  4761404240147237009 
 3449981074803475536  8028810679397988782  9919303026741809411 
15800041792769729257  9913895811918547470  2929916365514302447 
 9693321793740588412  4158836197109815176 17693630828953589128 
 6611127825086028429  4793287136795076579  7737313052928472195 
14402090027924622597 10464061981772656951   164901135067349309 
  183015514068746221  9543268222244418723  8701122714845053398 
17833919271087467720  9073008578380336915 17993447374473197871 
 7769330974896056964  7438379938429407031  7588555233438451068 
14295997456853116015  9017622382488252254 10660766608350414374 
11741637425205517451  3554336712197687084 17876806099559724158 
 9761385537337330967 11499028044586107731 15938652727689549817 
16425457367758856636 14213287188375704733   760566834810457296 
12667864067961736994  2017715452258991389 13588319085718355769 
  822043883720610033 17288295033131624087 15239846560144880622 
   26748411093968618 14159814364633367738  8330762086660505250 
11224853941844944634  2470661277095031899   616798263680500601 
 7728314749135738624  8745840373839600671  4047029008070920647 
 5950627164349978199  1109567191550066630  8080102292913208322 
18445353044133835356  8784837035950012766  8414857551719892275 
 6047534630873860487  5856956420150525890 18249110095007274490 
17684451322369665077 17646188314978677622 17525736649796436845 
14376998165194240764 16044802765910051934 17654477637806882390 
12506568582950946129 14943517816731686052 12772184906746224592 
 5084364036685331125 11726218442136880104  3427912435435535884 
 5097841745484591705   405047855982144932 13543783343537444209 
 4871120716420259154  4138127791229463698  2393069253920739320 
13853203911838967343  8319745136179086007  3586927546112688908 
 6323213367233208350  2134353927754123567  2634319584439449478 
14342300155573058980  3493832342832355542 12472753667265184767 
14482357354132727582  8455237703235102463  8850666570958480155 
15358356875376554790 11963171041168273773 14625300322266251486 
17534462888703533304  1204042001116993497 10951999893065238867 
 6557259249230140181   415029223139539231 11934601885455962331 
10460214416292856852 11551616349697169299 17589825025541332165 
 8342557240239408204  5486525007078076046  5560144004202936940 
13758077802342150673  4492169700000609161  8743453293547237395 
 6236413900484844853  6421571813001505484 17377064040890483489 
  644052562933351284 15166395420141192306  9596337416792682523 
  702171006081679830 12013646532816588448  2100361455204833349 
 7829959892079747753  1139539350970140479 14071224411166031751 
 4196174440646853742  7229903508166102071  6818611116680555688 
 2761779874849563211 13731002290399026732  4606797549891138860 
15006495408812774815 13184535867015051320  5851050118354206326 
15520908102452967927 14972947349539558434 15388433450210972626 
17219963446911583139  4850810430910823569 12878801537539570338 
 6378985097933361301  7086376355494913623  6722608830334772130 
 5436325770623663933  1918060042184717067    38476896763463112 
17788405906472433405 12211665732113391169 12535896242010298969 
16267371614033090979 16343617288628251493  1987244800367557562 
 3430543946270760354  8746053132075201020  8566001626123008571 
 8382368607477120015  6992746467895182280 12361098570770931416 
 2905354003659144766 15148283222058912726   679736924104599620 
 8370883378501015083  1153040259406654430  3623014721969110446 
17434606548794521669 16766202603298155665  1131544713591912206 
 4559143490024379214 17504254110823410445 15827647764127142031 
  267748737745480705   486489876493767847  9123767916119726982 
 4291223066285585888 18000656083374238733 13318967280539912847 
 9822821828421730972 10557592332879221312 14161835232515621589 
 9684480782750758956  7099983718263523146 12109518430305279761 
15302373174857158234  4086051387464533276 13706178412715196459 
16048994138496234688 13421229152010534141 10855137530645156560 
17596289116203073303  5585606583085120450 17076208955121528190 
 7885962711513133187  4029155280369267247 16092438117920184347 
11110240455363329154 10618778643657531894 10711791591892720218 
 9879537745616962017 14487557117656396544  8526425673469211173 
  253741837998438238  9810047844459069455  7886082877806442061 
  576704401065471703  7495849929682817787 12059646668594820634 
 4238147083112120704 14381007675115238879   400361374003880813 
 2714934443515308483  3747111877697146886  1260399045547690404 
 3917752641209574584  8877778763432878263 12865262243574428537 
13346023317066868265 16024633784864303028 12347021329850731556 
11402547636065623562 17262240544662135182  1113094447149501827 
 5595555548708077802 12387181088857192747  9582662402308968459 
 5996788495043466174  9832978549080649795  1875227342985170763 
12963769759837129279 15782599226384482712  7325671048658431030 
 1396294207995655277 12061814885640204820 11280020471737863865 
 9117844140146971251 14170471017347307755 13409049684053087213 
 9510418369640161225 14983318185712286487 14051406153268753882 
14079826655290535854 11932230627827503208  7040379697127870415 
16914295636320250720  4212844736836146352  1195983002334686595 
  623765840046249391  9884358925683053499  3678129548681822012 
 8830603501734484517  4667041373817775696 16859210604891090198 
 4221076920722058102  2697866387072894035  3450161941404220226 
17468952637904365987  3099173976534260459  8972888567043232695 
16411226555482152134  5516200564163929622 15727417913206343697 
12914231144816012062 14590414422194237846 12816175677298743968 
10532993634643514769 15260643132462694631  9508755810878162479 
15895113614051809675  2693574563984406401 17825187976694498897 
 5515643820146602383 10801646532957331750 13127305663054102597 
14614402169811692522 15720324369470709959  6484580076760199664 
18295509751710351713 11423336103933625150  7265627200074885470 
18308243655243221930   219634404968813178  4349823317172658723 
11571713791283817201  7950081073339636260 13613358171951202743 
17811096187123277939 16983764415135263081  7061238103584996333 
 7935885882544079866  8764250827190114369   371288461972976532 
 6930566828864046514 11775825975274427709  6574390296348947827 
 5188139433633531289  4253480956784954098 16911014449279794961 
 8914782821358059789  3807060135192643312 11665724998557375430 
 8063493713432888577  1176529468997231079 10727963643344153026 
17977246780470507716  6722599741264539421 13785504304006084163 
12758271337431047532 12280136501511048713  6324083556897335288 
 9071601080095637797  1288469474517496447   997875656269735018 
 6489020417654169444 17727592813901694659 16248671910740421667 
11242160759720646084  1131344940518016323  7980788788890351945 
17876137221870220393 16025085893724734103 18168327804244286865 
 8042031312455339674 15310771815204383356  4941135086724538433 
 6877106800834516929  7993130509307293956  2117000644594950061 
 4178074960447925371 12296625705475511211  3262815158166814853 
12116884280819378139 11711804248031518187 13953410892535068674 
 7974654014119688139  6125163098351535942  9007099693357567692 
 3123821464136802404  1607019628419484586 13894644909417963608 
 4819593533531139953  2289293600075718140  3690994861045291656 
10160332222080571979  2783903343367056898  3351011855299381547 
 6298135008043372805 12871464676179620373  3866508045984616474 
 6610387808462998941 16862878433110363311  9577411689004835744 
17088801486270588819 18219847786043376898 14334917377762410160 
16251302274916792081  7904013468408039503 17363155978447769258 
13559385301349960650 16897579969151490708  5864218808875625015 
15793810298290642216 13285263106468784258  3579783575100861427 
 9552542441441187822 11448477316787158241    89414578865855748 
 1869280031264989300  7624324172294883043 11076363138520498088 
14713993880350558532 16669520028388950428  7777384264290649017 
 4374860778113042337  8614242977526326120  3411796338666739744 
 8569655673700609971  7284903138167916440 13373994869953706658 
 7717547787099853502 14379394054437052539 16054538873379755553 
 4943390586486952634 10800915397035594501  4392317851932344142 
 2013375089864000902  7688793386065472566 10257747280188665968 
 9916496592295027171 15800165307716564663  4926945050210907450 
17916591062153428055  4731400212283510931  2107766131729951051 
16589997396219791765  1437651522199357005  5751458716340692685 
 1389658588674286273 14527481547384466575 14129153201054691266 
16148804953605629849 10292686903653503854  5887625832293243053 
 9329866188565604645  7393903572434134115 13602287423231224699 
16995585355293400835   519919807576940171 10728338518599328051 
 6758851843091509272   257264489619770158 12619566005321687685 
17706633667712083370 12166793372424184393  2439060869998534288 
10282259692884724732 10063569700113762461  9326077672738336200 
 2076249445891271898 14514298570352242211  6104357894454969253 
 4235816427201304062 10156883033560193362  5541706999079597885 
 4051157584877112105  2002416468283758240   311119895592751203 
13473506632734595580  7106319482442136543  8181986563590780121 
15116191913484658776  8576800823521505245  7743747797379455587 
 5459534405942535311  4281164361507099433  7602829591435971948 
16012067619590803107 16224514373949579605  7106027997431109981 
 2799459007142216963 
