mexp = 44497, maxdegree = 44512
filename:resD11.44497.magi02.061107.02.txt
POS1 = 239
SL1 = 7
SL2 = 3
SR1 = 2
SR2 = 32
MSK1 = ff7effffffdfff5e
MSK2 = ff7afff5d7fffffd
deg poly = 44497
10001111011111000001110111101000
10100001100000011010110110110110
10110010110000110110110010000001
11111001000000011000101100101010
10111110100100101100011001001011
00000000001011010100001110010101
10101001110000010101110111110001
10100000010011010111111011111111
10101100011011010101000011011011
11101000010101111000011001100000
10001100000110111100110001111011
00111001000110110010010110110010
00010100001001111000101110011011
11001111010110110001000101111111
00110001010000001110101101111001
00010001011010101011000010100010
01011011100011010100110101101101
00111110000111100001010110001101
01100010000100010110010000001111
11001100011100111100011000100101
11000101110100001001100101110001
11011000001010010100100111110001
10101000101100100100000000011111
11001110111000000000011010001000
01011010110100010010110011011001
01000001011010101001001101011110
10100000000011001100011101011000
01100111010100001101111110010111
11001000111101100101000111001010
10110000111001011010001001111010
01001110011110010101010010101100
10001000000110010101011101000100
10101010011001000100011010001010
11101010111011010111101011000111
11001010111010100110001010001001
00101001110011001100001010110111
11101100000100101110010010101000
00011100011100001100010111110001
01011010010001011110000110111011
11011111111111010111001010010100
11111011000111111000011110100110
10011111101000110000010111010011
00110110101010100101001000111011
10010011110110111001001100010011
10011001000010101001110000110110
00100011111000011000010101011101
11011010101000111000100000011111
00010111000101000110001001001101
10100011011101000101011111011000
10011000001110000011100001111111
10000110011100010111001001100110
00001100101111100010001110110111
10000010110101110001100101110010
11111000000000010010110111100101
01011010010011010001111010000101
00111111100111111111111111000010
10101000101011011000111001110000
00111011100001101101010100001101
10111110100001011111011100011010
00010101001010010001110101000110
00011110001001111000111111100100
01010000001010110010000000111001
10011010011110001101110110111001
11111001001000100110011000101111
01000010110010011101100110001011
01011111010101000000110000000111
10101101010000001011010110000001
10100101010010010000001101011111
00010011111001000000111011010011
10010100000110100010100110010001
01001100001011000010000101110011
00001100000100000001001101101000
10001011000100100111110011100000
11101001000000010010011100100101
10101011000101010110010010101011
00111100010110001010001111011000
01011000110011010001110110100111
00101000001101000101000100010101
00000100110100011010110110010111
11111110100010110100100011111011
11001110100011001111110010111010
00111000001011011111111001100100
11000001100001100011101000001011
00110110000111010110001110100010
10001010010001001101110110100000
11111110111100100011001100101011
00011010000001000111001100011111
11010001101000111000111001011111
01000111110111101101000010010111
00111011000111001000010001111010
00001010101000001000001100111100
10111100111101111000011000101111
01111111011110100011000101001010
00101011100010000100100100010000
10011110101000011001110011001101
11011111011011111111111110111000
00011000101000110101000110110010
00111111001001000100101011011100
11110100011001101111111000001110
01111011111001001001010011100110
01100001010110111111010111011111
11010010000011101100110100111100
01100110001110010100110011001010
01001001110101111001101111101001
11000110100101110011100000111111
00100001001101000011001010000100
10010100011010011010011110101111
10110111011100000001010110100010
10010000111101010011000100000011
11100011101011110001101110100011
10101000100100011011110010110111
10101110110111101011111000000001
11010011100101011111011101101010
00101000111010000011010111000010
01111001001011100000010110000110
01001011000000000010100110111110
00111100011100110000101011010010
01010100110011000101101001111001
01011100010110011101111011111111
00101011011010111110110011000111
01010000100110000110111000111011
01001010001011110011001101011000
01101000000010101001101001110110
01100110111100010010110110000001
01001010100110010001111111101010
01010110100100100101101010001110
11010001000001100010110001011101
01101101100111110101010101111010
01111010001101101100010010010100
10110100100110111111110001110011
01111111001001111001001111110111
10011101100101100100101001001110
11000001000110000111011101001111
00110011110001101110110110001000
00110001001001101101000110101010
11001011001111100101111110111100
11001011001111010111101101000111
00111111010011000011111101011100
01100111000100011001001000101011
10110000011010110100111011110000
10101010110000001011110010000100
01111000001010110011101111100010
01011111010011000000100101111101
10100010101100010110101000110010
00110100110010100111101011011111
00101110011101110111100011010000
11011100101101100101000011011111
00111011110001100101001110010001
01010111001111100101111001100011
00111100101011011111110010001111
01100111000011100010011011101000
01100101101100100110010001101001
11011000110010001000000000000000
10100101111101000000110001000101
10110101010100000101101000001101
00111001010000011010111110001101
00001101101110101111011111110011
00011110111011011011011100000001
10000110010111100000100100110110
00110001110101010000100100111000
00000001111100010100000110000010
01110111100100110011111101011000
01101111100000010001101101010000
10010111000100110001101100100001
10011100000011101100010011011000
10010001001010000010101010111000
10101000010100000111011001001101
10101011001100010000010010000011
11010011011110100100110001001101
11010110000111001110000000111011
10111000000011000111001010010101
01110110011101000101010100100000
01100100010111111010100010111000
11001001001000111011101110101000
01110000000000000110010111110101
10000111111000110110010111001001
00110101100100110001011000110110
11011000100000100010011101001101
11011011001101111000010100100001
11001011001100111010110110100101
10100101001001010110111100000100
11101010010011111101001100100110
01001100111000011010110110111011
01000001111111001110011110110111
01100010000001110011000000100111
01010100101011111100110010001011
00110101011100010000100110011010
01011011011101100011111010011111
01001100100110001101101101111101
00111100100001101110011110001000
00010010001111011000000011010101
01101111110111100100100011010110
00010100000011011000101110101010
00011001110010001001011000111110
11000000000101111011110000010110
10100010100011101101111010110110
11100100101101000010100000100111
11010101001100101000001101100110
00110110110001001000111011100110
10000001101000101010001010101110
01101001110010110010100100011010
11010001101000101100010000000101
01110111111101101011100110011101
10001000011001001011010100010111
01101110100001100001110010001111
00010011111111100001010001010011
01111001100111010101110011000011
01010001110001011110011111101110
10001101101101100010010010111011
00100011000101110110110101000010
11000101101100000111000101111101
11110100100010010100000010101100
10000101110111010011000000110111
00110111010111100011000111111001
11011011111110100110001110101111
00011001000001001010111111000010
11110000000010111100011101111110
11111001010101001111000010000100
01000001001011111100001100110111
01100110101000011011111011000001
10010010001011001110010100010101
01101010000110110101100000100100
01110011101000101110100100111011
10111111101100110101111010101000
10100110100010101011110111010001
10110101111011001010101010100111
01010111101011000101111000110111
11101111100100010100000100001000
01101100011101111001110001101101
11010001110001101011101111110110
10100000110010111100100110111111
01100011010000011000000111001100
01111101100100001100000000101010
11001011001011101100010011010010
00110011000010000010100100111000
00101011100011111010101110011101
10111000111110001110111011111001
11111111000111000111111011000001
11111010101100110000001001101011
01101010000000010011100111011100
10110100011100110000011001110110
11000000001111001100010111110000
00100110100010010010011101011100
01011111111000111101000000001000
11110000011101001110111111001011
00011100100011110100100011000000
10010101000001111111011010111100
01001010100101100010011010110000
00101111111000101100010011100010
00110000110001110111011100011111
10010110101100010110101101111000
01100010011100011010110011001110
01001100010010101000110001100001
10110001001111010011110101100101
10001001110001101001111001011011
10011011100110111101000010110000
01111101111110011001011110011111
10001010110010111000110100101001
10100010011001000111011011110110
00010011100010001110101100110111
10101110101101011110101111110101
01100001001010100001110100111011
11001101111010010000010000000000
00101100010010011111111101010000
11000010111010111111110100001101
01101111100101001111101101010000
01000111101011000001111001000110
10011000110100110000000001001111
00111011100001100011011001110001
00010010001101001110001100100110
00111110111110011010101100110011
10101100110010010111010010101101
10110000000111111001100001011001
11000101110010110001100001100000
11000010101100111001110001001010
11010000100010100010000101001111
11101000111101010000110011010100
11110010110100111011000011111000
11000010111010000011110100111000
11000111111011000001010010110001
00011011111011111111101011000011
00100011101011011001100101110001
01110011101001001010111000110110
11111001010101100100101010010110
00011101100111010011000000001111
01001000000111101001010010101011
00111111000000100000100000000000
10011110101010001101100101010011
00001010101111100110111010010100
11001000011100000011001100000001
01111100110001011011010110111110
11010001110110110011010000100111
10010000010111011100101011011101
01010010101110110101101000010001
01111011100110101011000001010101
00111100000101111001110111010001
10110100011100110110110011100010
11100010110011010010000000001000
01101110001101000001100111000011
11110101011001000110010010110101
01101000110000001011011111101011
00011100010000011101000110010011
00001110011110011011101100000001
11101111010101100010111110000100
11010011110110010011001101101010
11010001101101001001010001001001
10111010101010000000011101101101
00010000100001110110111011100011
11111011000100111001011001000011
01010011001011010010000000110010
10111111111111100101110000000110
10100101000010101010101110101101
11000000001010010101100111101110
11111001011001100001001101110001
11001000010000010111001110100110
00100100010111010111001011110010
00010101010000001110100001010110
01101000101101101000100011111010
00111000110101110110100110000100
11110000001100000110110111110000
11000011000001101101011101011110
11100110001101000010100011110000
01001101110111010011001100110001
11000100010110100101010111101001
11101110010110001111000010000111
10001101001011011100001111010110
01111011011011001000011100001010
01010011010110000001101111111001
01100110010100110000001000001101
00000001110010100110010100001010
00000111011000111110110100011111
00011010110111010000111111001110
01111010000110101011011011100111
01010011000000101000000001000011
00001110000111110010001000000010
01100011101010001010101110010111
00010001000011110000101110010000
01101011010101100110011000000000
11100000101011111010111011010000
00101111110010100001110101001111
00010101100101011001110110100011
01100011011110111000010000000010
01110100001111101101000101011010
01111001000000011001010101000100
11001111111111110110101011011100
10100100100101100110111001111011
01110100101010101010111000011111
00010100001111001001101001111011
00000010101110001010100001110111
10100000110010101100011101100000
10110011000001000110010011000110
01011110000001100001011100110110
01010110001101100000000001101100
01111100000101111101000000100100
11011011001011100010011110100110
11000110110000110010001001101011
11011100100001100111110101001111
01010011101011110101000011111011
10000100010000011110100111110100
11001111010001010011101111000110
11011010101101000011111100000010
01011110100000011110110100110000
01011111011110100000100111001000
11100000100111010111000101001001
10001110010010000111110000011100
01111011110101011110011110100010
00011010110001100011001001010000
10011111011001010010111111111010
00001001010101100001001110101010
10011110001100111000101110101001
01000001001000000100101001100010
10111010000110010010000000111101
11111100011110001010001110011111
00010010000010001110110111010110
01110111001110000101001000010011
01011100110111010111100001001000
11111110011100101111110111001011
01101101110001101110110000011100
11011011111001111111101110000110
11100111110011101011000110110011
01001110000011011101011111011101
01101101001100101110110100001101
10101010100111110110011010100000
00101010101101010011101000101001
11010101110101000101010100000101
10011111110110010011001001111000
01011110110000001010001100000010
01011011001101000011110011111110
01101001011101111000011010101001
01010001101111101001101010111010
00011001011010011000100111010001
11011111010100000000110010000010
00011111101100010110000010000100
10011001000010000011011011000010
10011001001110010111111101010001
11011011010000010001000111100011
10101101111100111110000101111011
11110000101011100011111010100000
11001101001001101000000110100100
01000000111010011110001110110011
00001000110111001100110100000001
10100011110110100000100001010011
01110110000001110011000001000010
10100010110000101111001011011011
11011011001010101001010111101001
11010010110010111011100010010110
00101001101010000111111000111111
10100000011001011001110100010001
01010000000000101110011011011001
11101100010100000111111110010011
01111111110001010011111011000100
01011000100111011011000010010111
00101011100001000111000000010111
00111010010011101101011001010001
11111001001111011110000110000011
11110110000000110110010011001101
10110110110000011001001011111010
10011000010100001100011111111000
01000000100101000110110100010111
10111110011010011011001100110111
11000010011001001110101110100001
11001100100001111100001110011001
11000110101110000110000010110010
10111101111010101101110001010010
00001101000010010110101111000101
00101101100010010000100000110101
11011000111100110111111110100100
00110000111001001011001110001011
10001101011000111010100100010101
01111101000010111010011100000000
11001010010111110001000000000100
10001111110101101010110110011010
10111011110111001011101101010101
11101110100011110001111101010010
01011010010101010011100001101110
00110000001101111101110110101001
01110000100100100110111111111001
01100000010111101110101101110011
11000001000111000010000100111001
11011101000100001011010111110000
11001001010010100110110101101100
01101100110010010110001100100011
00111110011001111110101111001001
00101000011001100110101011010101
01010011000101111101001100010111
00010101000111011110100000010110
00011100100101110110110011111010
01100011110011101111001011100011
11010000010000101111110100100110
11010101110110011000000011101011
01111110011101010011001111100011
10100011001011011101011011000100
11101101001010001010100001111111
01101001100100101000011100000000
10101100000011100111010010111101
00110101110011110110101101001001
01111000001011110101010000000001
00111000110111101010110110001101
10001000110101001010010110010010
11101101001010110101000100110010
10000111001000101111100000110001
00010100011001011011010010001110
10100011100101111010010111010100
11111101100101100110110110011010
10001111000100100011100110011100
10010110001111101001000110001001
11010100000011110100100111010111
10000110101010000001010111001010
11001101111100000001000100010010
10000100101000000100111110111011
11111111100001110101101110101100
01100010100101001000010101011100
01111110010010101000111101001000
10110000111111011000001011110010
01011101000001010111000101111100
00110001110001010111011001001000
01110000000100010010110111000010
11111010000001001001101010010000
00010010001110000011001010010011
10011001011010111101111110110111
01000101100110011100010101110111
11011100000100111000100111001111
10110010101001100011010110011110
10101010101011101000100110101011
11100001101000011110001011011000
11001100101101011011111000111000
00010000011011000101100011101001
11111000011101010000101101010110
11111010011001010110000011010100
10101110011100101000100101000000
11101011010110000110010010010100
00101000100101110011100111110011
10010111110011110101001101011010
11110000111101111110101011001111
01010100110111001010010110000001
01011111110010110010010000011011
11100000010000001111010111101001
10001111011111101111011001001111
01111011111011100011101111011010
00101001011001100101110011010010
00100100000000011000101000001110
01101100000100100000100101110001
01101110101010110100011000011011
11100100100010100110101010101101
00101101101101000011110110001101
11100000010111110000110001010001
11101000111101000010110000111101
01010111010101000110111111101000
11100100010011111000011011000001
00101110001100111110000001000011
01110100011000101001101001101111
11001111001110111010110101010010
10010001110110001011111001010001
01111010111010101011000101001110
01101000010101001001000101001110
01000101100111110010011010011001
10011001011001010110000010010111
10010101100111101111001100010111
01111110000001001011001100101110
11010010110000000011010000111100
01010010111000111100101110101000
11011011100110100010001001011101
01010001001111110101010000110000
11011110110011011010001010111010
10000001101000100100010001100101
10010001110010011001101010010110
11001000100000101010111001011111
01010010010110100101010010110011
00001110011010100001011010010000
11110001000101011000101101100001
11101001100101000001010000000000
01111000010110100110100010110101
11010000010001001110101110001111
00101111110101010000101011100010
01011011010000101010111101111000
10110001110100000000101101101011
11101010101101100000001110011000
00011000100000101110010111111100
01010010110100111101100101001011
01111011000111101000010010000110
01111111111001010011001001101100
11000000111111001011101111100101
01001000010010010111100011100110
10001001101001100100000100011000
11111110100111110101100100100100
10000001011001010101001001010100
11110000100100111110011101011010
00111100000100010100000101111100
00010101011101000100011010010110
11000011110000100010101110101111
01101101000001101001011001101100
10100110110100010010101001101011
00111101110111000010111010011110
00100001010100110110001010101001
10011110010010110101001101110110
01111000101111010100000001001010
10000000110110110011101101101011
10100001001110110110000011100110
00111010101101001110111010001010
00011000001100011001110100110110
01000001010000111111010110001111
10101011011011011001111100101110
01000000000101010000110010111000
01110110101011111110111111110100
00100110000110101101001000101111
11101111101101000000111001011000
00001101110010011000110000101101
11100100100000100000011101001001
10000010010110110011110000011011
01000010101001101001000111100101
00011000001101000110110010011101
01100100110110111000110100110001
11101111111101111010110011001110
11001011000111010010011101111111
00111000010110000000001001010010
00000001101011001010100010010001
10001110100000111010101101100111
11111101100100101011000101010000
10110111101010010001000010110100
11101000000100011111010110001110
01010100100101111111011010001101
10110011111010111001100011110100
11011000111010000010111101111001
01111011010111011010110010101100
01100101001110000110111011110101
01010001110110110111010110000100
01010110101001110101111000100100
11111110000110001000010100100000
00001110011011001000101100101101
10110100100010101000001110010000
00111010101111110000110100010011
10010110100000001000111000110011
00110010111001011111111110111100
10111010001000110010000011000001
00100000000111001111110000101110
01000111010111010001100110010100
00000111100000001100100101100100
10111101000111011101001011001011
01000010101001111000001000011000
01111011011101000110000100111100
01110001001110110000101101111110
00010111100011001001110111110110
00001110101000101001111000000110
10101101101010100011011101111001
11101111110111110010000100010101
00101000000111110101111000001111
00111101011101101111100100100010
01011000010011101010000001100011
10110110000111111000100101011110
00000011011100010101100001111110
10000010101000001100101100001010
10011111111011110100100111011001
11011011000101010110100101001011
10011000100100111010101010010011
00111110010011110001000101101011
01100110101010100101010100001100
00110000100100000010101001000110
00111001100101100101000000000000
00110110110010100010110111001011
11101010011100110010000110011001
00010010101011010100101110111100
11100010111101100101100010100100
01101111011100010110001010000000
00010010011010010101001001111100
11001010001011110110110000111100
00101001101000001001100100011111
10100100101000101110111100011001
00111000001000111111110011111101
10110000100000010010111101011001
11010011010111011011010101001011
01101010000111110011111110001001
11001111101111010010000110001110
11100101101001011011001100001010
01010110101101000100111110001101
11011010010110011011010011000100
10011111011111011001001000001100
01010010001001111000000100101101
11110001011100100110001110010011
10100101011000110111111101110101
01100010101001100110000010000111
11101101100011011101100110111110
10110100100011110100000101110100
10100010001000011111100000001001
00100000011100111100100110001101
01101110101001111010000010101001
00010101100001000000100000001100
10000111001110011101111110001111
01110110010001100010101011000100
01101100010000001111011000011111
11011010011101001100000011011111
10011011110011010010010011000111
01011000111000001100100000101001
10001000001010001110000100111010
01001011101001111011010000110001
10100001011011000101010001111000
10011110110110111001111010000110
10100110100111000010111001110001
00010011101111110000001111011001
00011011110000100010010011100011
10000001001010001111000101100111
01110111100100100001001101001011
10110101010011111110111100010110
10100110010010011101111001101011
01011000010011011001000111111100
10110010001001001000110010001100
11100111011100101100101100010111
10000100001010110001110010101000
11011011110110100111110111000110
11100100101101011000011101101101
01000000110011011101001110100100
01001010100001000100111000111010
00000011000001111111111100000110
00010101100001100010101010010011
10001000010101101011101000100000
10001100100110010101110001000111
11100010111010101100001110001111
00000101010010110101111101111001
10011100000101001011001000000111
01001001110000111010001110010100
00000001111111101101101101000011
00110101100011100110000111100111
00011000101010100110011011101010
00100100101001110001110010010000
00001111001010110001100100110101
10000011110111001001110000001011
00100110111111001010010000100101
10101100111001110011101000110111
00111100110001000000110001101011
01010000011111011100101001011001
00000100000000011001000111001100
10001100000100011010011110110100
00010110111111100000001110001011
10111111001100111100110110110101
10100000000111110000000011110010
10010011100001100001011111000010
11110010100100111101001011110111
01111010111010100100111101111010
01101010100100010101000100000000
10000101010001000100000110011110
01111110011100010110011111000011
01011010001111011011000001011010
11011000000111010110111110010011
01101101011010111001111100010110
00001010010011011001101110011111
01000011011101111001011001110111
11000001011010101101001000000100
01001010101100001111010101001001
11101010011000101001110101001001
00010010001001011100110101011001
00001101101101010111011100101100
11100111001110000111000010110000
01100100101111011010100111110010
01010000011011010001100011010101
11010101110100010001000001101100
11000100000101101011011101011100
11001110110100001011000010010100
11110111011010111110010001110111
00101110011000001001011001010111
11001010011110111001011101110000
11100100111100000000111111010110
11000010001100101111110100110001
11101010000111100110001111001010
01101100110000110100111101010011
11010100111110111101010100001011
01000101000010111101010001101100
01010000010111011100101101101100
10100011101000101110101011101101
01101110110000110111001110011001
00100011001000101100010111001001
01100001111001110010111110110111
00000110101011000111111111000011
00011011110010100001100101000011
10000001100011011110111111000100
01000101111111001001100001011000
00111000111101011000110101110111
10100010110110111111000010000100
01110101011110001010000111101110
10000101000001000100101000111100
10010001001011100011101001111100
01011100111001001011010000011101
01110001000111000100001001011011
01000100010010101011101110111000
00001101100101101000111000100111
00011100111001001111000000000101
01010111111100011011011110100011
10111101000010111100000010101100
10101010011101011110000000101010
01111001101111001001111000110000
00010101111001111100001000100111
01011110011111101010001110101010
11000001011000001111010010100001
11010011011000011101010110000101
10100001001000100000110001101110
01100011100110110010111111011101
00111011001011010101101000000110
01010011001110000110010101110101
00010001101111010100111110110011
01010100000101111000100110100011
00000100010010001011011110101101
10101000100000000111100100011010
10000101110101000000010000011010
00101111100111000111010011100011
00001110111101000001111110100010
11000110111011110110001100010000
10111000110100000011101011100101
10110011001100010101011100000010
10001111011011101101001001010010
01100101100110101101111111111011
01000000010000110100111011100001
11111001101010100100000011011101
10001100110000100011101101010000
11001111011000010110100101011111
00110101111110010001100101001000
01000010001011101000011010011110
10110100001010101000011110001000
11000011110100010100101101111101
01010100101011111011010010111101
11111100111100000101001011100001
11011101110111101000001101001010
11100011111000101001101011011110
10111111101111001010001101010110
00011110011010000011001110001001
00111010101000110011000110101000
10100000000111000000110101001000
00111111011000001011110010011001
10000100011100100111111011000110
00001110100001010100011010011101
01000100111010110000011111110111
11010110010101101100100100101000
10101101010110011101100011101100
00011010111011001111011100001010
11000011110001100101110110000010
10110001101011000110100111010110
00000011001000010010110101010000
11001001100100100100101011010000
10001000111010010001101101100100
10110000111100110000100011010100
01111100111001000011010000111000
11010101111000011001010100010101
01000101010110011001010111100100
00011111100110000110111001010010
01001001100001100000111100010101
00110100011110111110100110001111
01000011101011000010001110110100
10110001101111001111110010010101
01010101000010111111001010100101
00000101101011111111100111110010
00110111101110010011101001101001
11000001110110011000111110000111
10010001100001100111001000101000
01011001011000010011101101001010
11110010001001101101100011111001
11010011110101101010000011100010
00100100111001000100101100111000
01000110001100100100100001110010
10001011101100111000100000110010
00110010111100011010100111011000
11001110110001000001011000001111
01100111100110100111000111010000
11010110111101111010010001000001
10111001011100111100000000101010
10100000001110111010010011110110
00110111011101111000110000110010
00010110111110111011010001001101
01110011111111000000010100100100
11101111101010011111010001011000
11000110011100010100001110111000
00101000111101000011110101110101
01100100000101111010100010001000
00100101000101001111001010001111
11001110110010100100000010001100
10110001001111101000000000101001
01100100010101110010111100101110
01101011000010001001100100001010
10100011001001101110000011000100
10100111110110000011111100111010
00111110100100101011010001110100
00011111111110001111001111000000
01001111010010111110111010000010
00110001011000111010011000000101
10111110011110000100010010001001
01110111111011111001111110011010
00111111011101110011000101011001
10111100101001011100100110101100
10100110011101110001001011010101
11110101000011111101111100001110
01001110000011011111101010110001
00101001110101000001100111000010
10011111101110101110011111111111
10101110111000111011000101101110
11111100100111000101011111101101
10001000000110001001111110110101
11010111111110000000100011011010
10110100011001011111101001110010
00011001100110111100101101101110
10110111010100010001010001011011
00000011001011111011000000011010
10001001000100101101000010001011
11000000100000011010101110101110
11110011100111010010011011000000
10111101110011001010000111010011
10100111001011001000100001010010
00010111000111001000011100000111
11101001101001110011110110110110
00111000100010000010110100111011
01111100000000100001010000000110
01101111010100100011100110001011
10011101100111001011111001010110
10101111101010001100001101000110
11000001011110010111101111101101
11000000111000101000110000010011
10100101110010010010100001101100
01100010111100110111001011101110
10110010100111010010001001110100
11101001110100100111110110010010
10011100111111000001010000011001
11000101001011110000100110010101
00010100000001010011110101100000
01010000010010111000001101110111
01110101101110111011110010101010
11101101100001010100100010110001
11101111101101010011111100000001
11111111000001011000110010001010
10111100100000100000000100100100
10001001010101110110001110100100
00001010101000100010111110110110
00001011111101110101010100001001
11110100101101111111110001101100
00101001011111110001010010011010
00101110101111010000000010101010
01000010110011010101110010111100
00101000010000000100100110100000
10111010101111110011011000100110
00101101101001001100010011000001
00101101001110010110100110100101
10010101010010111100111010011001
01101011100011111010010110010111
01101000001110001111111101111001
00001010010011100101110110100011
01000000111100010000101011011001
01111011110110001101011010111001
10111101011010000111110100001110
01110110111100011011011001101110
10100110001001101101111010000100
00000100110011101110000111110101
11111101001011111001111001110011
01100110110111100111010101100001
11011100101011000010011111101001
00000110110111010100011101010111
11010010011000110011110001111101
01111000110000111101001011100110
11111010111111011100110001001000
10001110111000100100010000010011
01010001100000000111100000000011
11010110111011000100000010111101
10001101111011010010000010000001
11010100010011101111111011001010
11101000010001011111000101101011
10101101000101000100100011001010
11100100111011100110101111000001
10010001111110111110010100000101
11001000011011011010110101101010
11110111001001110111101111010001
11000101110111100100101110000000
00010110101000000011010110111100
10101110110110001010111110100100
11101110000101011101111001110100
01000111001000111011000010100101
11001110010110011001111100110100
10101111101101010000100110101011
11000011101011101011001101101010
10010111010110101011001000110101
10101110101000000001011101010101
11110011111111011100111001011001
11100111010010100111100010001101
11100010100111101010110111111000
10000011001100100000110011110110
01111000000001001100100101010100
01001010001110100100111100100110
10111100100011001101011101101010
00110110000110110011011011100000
00011001000000001100111001010000
00100011100001011101100110101111
10101100010110100100110001010011
01110011100010010101010111010101
01100001001101011100111010100111
11110001010101010010110000011100
01111011001011000110110010001100
10100001100111100011101110111110
11110001011100100000111001001111
11100010101010001110101000011001
00000001011111100101111101100101
01111000010100011011001100101101
10000000011100000011101010111000
00000001010000001010011010100100
00101010111011001101111010101100
10111100110011000100000101110000
11100010011000000011000110100010
11000110000111100111011001110010
10000101111000111011100101011110
11100011111100110010011101100000
01101001000011111001000110001100
11101111001000100101011110000001
10101010001000100010000100100111
11001001111111011001011011111110
00111111001100111111010010010011
11110111001000100000000000101001
11101010111110101010100000100101
01111011111001100001110111100111
10011111110010111100101111110010
10001011001101111110001001000010
10001010010010110001010000100011
00111011000011001010001011001110
10001110001000011100100100111100
11011000011101110111110010010000
10010110001011101101000011101100
10001001010000101000010000010111
11000100001111100011100000010000
00101000111101001100011011110101
11101010111100000010100011111100
11110010000011110000101010101100
11011011000000010011100110111001
00011001001101000110110111000011
01110111010110111111010011010100
10111001000100101101001100011100
11101100100110111011001110000110
11010011110011100101001101000110
00000101001111101011111010001011
10101101000010111110100001010101
11001101110110000100011100010100
00110101111001100110100000001110
00010101111010111101101001111001
11110110101010101100011111111010
00001010010110101111100011110000
01010111000010100010001001010001
11110100100111101001100100101100
11000010011011110001011101111001
00101111010000001100111100111100
11111001000100110100010111001001
11101011100100000110101001111001
01100110101100111100001111111011
00000000100010101000011111111010
00000100111001111010011010000010
01100110101110101110111010100010
01000101101101000001111010110110
00110000101001011011110001101010
01111000101001101010000111111001
01010100000101010100100110010011
00011010101100101111111001001011
11010100001110111011001111111011
11111111000000111000011000010011
00000101011011110110101111010001
00110011011001111111110110010001
00000110101101100011010000000010
11101100000000011101011111001010
01100100111110110010011111010011
01000100101111000010111001000011
01111001100101011111100000011111
11000011101110101011011011011101
00111001101100000100100111100110
10100000011000111110110110101111
11011100010011110000111100100101
10110000101010010100011010001110
10110111001010001001001101000011
11110011111100100110000011101101
00100001100010011100001101111000
00010001000100110000100111001011
10010100100000011101011010110110
11101010001101011001111101010101
10101001011011101101000000000000
01000001010101110111100111101100
00001101101100101011101000101100
01000101011011011101010010100001
00110111110101101111010110111000
11011010111010110011100101110110
10011101100100001010111100000011
00110100100111111000111000001001
01000011011111001111000001010011
00111000111011101011111101100000
00100001011100001100100100110110
01010010111001010000100111101110
11010111011000100110011011110010
01010010111000000111110011010111
00101101110001000110011100000111
01100110110011001010011110001110
11010000100001110100011000110010
01011101000001011101001100001010
11101011100011001000001000101100
10000100011110010011101011110100
11100011100011111000001000111111
01001110010011000011100000110100
10011011001101000011010101110010
10001010100010100010110100111010
01000111111000011001100100010110
10011100001111000101001101010011
10001111100000001011001011101111
10011101100110001110111001011000
11010001001111101101101111100101
00000000011000001101000000100000
11101001010100011111111010110010
01111000011101110101111100111010
11111100010110111010111101010011
01010000100100110010000000001110
10101100101101001000000101110010
01100000001100110011100010110100
00001100110110000010100101100011
11111011010011111011001001111011
10001011100101010001010111100001
01101100010110110010110001100010
10010010111011110100110111100111
10001001111110101011101111010000
11110100011110110101001110111010
10011000011100010111110000100111
00110011110101111001011001100001
00000001100111101000111110111000
00110011111010100101000011101000
10000110101101111011010001011011
10011001101110110000010011101101
01111001111011101101010111001000
10100010101010110111110101011101
00011110010010101111011001101101
01100101110000011000101110100101
10001101101010111011110101111100
00111011011001010111000011101001
10110010100110101100000111010011
10101110110010100010111110011100
01111011000100110111010111101010
01001010000111101101011100101000
01000101001011011110001100100011
10010110001110001110111000001110
00000100101010101000000101101111
11000000011010000101001110111110
10100001101101111100000000101101
10001101111000100101001010010011
00010111011100011000000110110011
00010100110000101001010011000000
10010011011000111011111001010011
11101101000011110000100101001011
11011101110010100110110100111101
10111000100110110100110010000011
01101000011000111110100011100101
10100010111111001101100101100100
10001010110100000011000010110001
11111010110100111101101010010011
11001101010100000001011101100000
00100110010011101010111010110100
01000101010011000001100110001000
01100100111111000011011011101001
11010010000110010110011011111011
11110111010000001101101101111101
11100000010000101011011100101110
00111100100100111111011010100010
00001011010000100110100100000001
01011111001110010010100101101111
00100100010011110001101000101011
11000010011100001010010100100010
01010101001101110101001000001101
11101010001101101101001101011010
11000000010001101110111010111000
01111110010101011110011010011101
00111101010111111000011010010101
11100100101001100110010001011110
10111101010110101000101000010010
00010111100100111001001110110010
10011101101101011111010010100010
11110000101000110000111000000001
10101001011110011000101101000010
00101101011101000100001011010010
00110101110101111010110111101111
10101001111100111100101001001101
11010001100011010011100011110111
11011001110001000001001100011100
00011001000110001110010000001001
10101001110111010001100011100010
10101111101010110000100110001000
00111000111000100010001011010001
01001011000011101010101111111011
11001010010110110000101100110101
11010001110000001110001111011001
01011111100010110111101100011011
11111010100001111010111111110010
01100110000100111101100010000100
10001100001011001100100010111011
00110100000010001000011101101110
10100101100000100010111000000111
01000011010100010000100101000111
10110110100110001010101010111000
00101000000000101001100110000010
10010000000110011101100010000000
10001001110011101100100110000001
01001000110000101000001110111010
11101001000000000101010011000101
01110000110010001001011101110101
11111101111011011100011010100110
01001011011000100110100111100110
10000000110000011111001101010011
11100101100100001111000100001001
01000001011111110001000100111100
11001010101101011111101101110100
10010011011111010100001111000010
10110000101000101111110110100110
10100000011100100110100111110101
11001001010010010110100111110110
00101010011011010101100011001101
11110110111011011100101101100101
01001111100010111101000100011101
01000100010111010111111101110111
10101000001111010101001000111100
01111011010100111110011111010000
10000011111101111111011000001000
11001101111011100011110111101011
01001110110011011101010011100011
10110001001011000100111100110110
01011000101000111111000011111110
10011011010000000101001110000000
00000101100010111011100011001100
10000010111010000001100100010101
01010000110100000011110010110111
01001000100110110101111001111001
01011111110101010010111111010101
11010011011010101111110010111010
11100100011001110011000000111011
11000110101100100001110010001100
01100100010111010011111101110111
11010100100110111000000000000100
11110111000111101010100000101000
11000101101001011110101111111110
01110110110001010001101110011010
10010001001110010111001110110111
10010011001100001010110000110111
00110000001110000011011011010000
10100110101101100000000011000101
00100000100011101001011100100000
11010011110000111100001111101001
00101000000110000100100101010110
10000010110001110011111101101001
10010011101111001111110000101001
10101100001011111010011000101011
10110001001001101100111101110010
00000011101000110110110111101100
00011100010110110100000001101101
10011111011110110110101010111111
00001010111100011010111101001010
11100101100101101101110001011111
01100111111110100101010010011111
11111100100001111100100111000110
10101101010111000101101101110100
00011101101001000101011111101101
11101011111101001100011101100111
01010000100101000100100110100110
10011110011010011110101101011000
00010100110101110100010100010001
00010010010111011011101010111110
10101111001101111010100100100100
11101111100110011111110011010111
10101011001100101110010100000010
11111011100000100100000101000110
10011010111011000100111000101100
11000101001111011110011110100011
01101100000110010100110011000110
00101011000010010100000111110000
11000110101110000010110001011010
00000101111000000010110100100000
01101110001001100110101110011100
11100110111101100010010111010000
10110001011111110000110010011000
11001000001010011110101111000110
01110100101100100011111010110110
11101010110110001011001011110111
01001110011001110001010110010100
01110011110010100010011111100001
01001100010111011110111010010010
10010100011100001010010111101001
00010000111111111001001111011001
01000010000000000001011111010110
11101011111000011101111010000011
01110010111111101010000111010000
00000000101110000100001000101101
11001110011010101000011101100110
10001011001011100010001101100011
01101000110111000100010100010011
01000111100111001111101101100100
01001101101011110001010100011100
11011010100101010010101110010010
01101011101110100110110010101000
11100100110001110011100100011000
11100101110100110100100100010100
10000101111011110110000001000111
10111101000101101100100100011010
10100111000000100111010111110011
00111011000100110110100001010100
00110101101100101100100000000001
01011111000100101110111100110111
00001000011110001000001100011111
00010000100011101001011100011001
01001010100111001110100010001010
11110101011101000000101101111010
10001011010111110000101111010011
01010011100011010001000100100101
11010001110110011110011011110001
00001100011100110111101011001001
01010110011011100001110000101111
11111011110100001011001100110110
00110110001011100011110101100100
01000100100011100011001100010111
00010100100100000110101101011100
01110101101001100011100011110011
10000100010011111011001001000111
11001011011111011001110010010100
10110010000101111111011010101001
11010000111010011011111110110100
01000011100110000101001010000011
01100111010011101100011011001110
00001000000010011111010101110110
01010000000010110011110110111011
10010000010010100100010100100011
11101100011011000100000111101001
10001100000111110101100001000000
11110001000110011011111100101011
01010011101101111000000001000000
01101011001011010001001010101100
10111101100101100111000111011001
10000010110000111111110100011110
11010000110100101101000000001110
11011000010001101010110100010111
11010100110010000010101001000100
11000101101001010011101101101101
00110010000100011101010111101000
00011100110101000111100000000101
01010110011010111111011101101000
11100100000101011100100101101111
11011001100000110010101101101001
01111110000000011010000011010000
10010111001001101110101001000100
01001111101101010011110010001110
10100101010111101100110100110001
11010011101010011100010000011001
11000101010100010110111110101111
11100111000110100100001010010100
01011011001110100110100100011010
00101111010111100111011010001100
00011111011010000111110111101001
01001010010101011011000111000111
10110100110011100001011111110000
10001100001000010101001010110110
11101101011100001101101100100100
11100000111011001001100111111000
01000101101111101101111010101101
11011110110100101100001111001100
01101001000001111001111111101111
01000000110010111111001000110111
01100110111110100101001101010011
01011011110011110101110000111001
00110011000000000010000010000000
10111100011011110000010010111001
10010110110010000010101101100001
01010011011000100011101110110100
10011100000100111111111111110000
10111000100001110010010101100100
00000100101100001101000110110000
01011001110100101011110011101011
00000110100100001100110011111101
01001100100101111011101111111001
01011111101101100010010010011101
01111001100011010010010101101101
00000011100001100000101101100000
11001010111001010111011011001101
00001110101010010101011011000001
01001101011100110101111101011110
10110101011111110000101010000000
11110011000011100111111110001101
10000110100111100010100001000110
10000011010100001100001111110100
01101111111111110100111110000010
10101011111101101100101110111000
10010111110111101101010110000101
10001101000111001111101001101101
00101111010010100100010001101010
00010011011111111011000111110101
11001101111011101000110001101101
00111101010110100001011101101101
10100000110011001010111101111001
11010001100110001111110110011001
00011001011101001010001101110111
01010100001111011100001000011010
11001101111100101010010000010010
11101011000110010111101111001101
10110001101010111110100011001100
11101011100000011110111000111011
10010111101011000000010111010110
10111111001111011000100110101001
11001100110000100110001111010100
10001011110000110111111010000000
10110101010111100011001010000101
01111111110011001110001010011010
11101000011111101011101001101010
00101111001111111101110001111001
11010000011011011110011110101010
11010100000010010100011000010110
11011100110011101001110100000000
11111000001101110101000011111111
10111110010001011000110101000001
11101101100111111000111001000110
01000110100111110110110100101011
10011101011011101001110110000111
01010000000101101111011111001101
01011110001000100001010110010100
01100011010100100100010010101000
01011011100010010011001011111101
00011011111101001011100101000001
01010111110010110101011000101010
11000111110010111101011001111001
10101110101001111011100010000101
00000001000111011101100000010011
10110100010010010000100110011111
11100010101111000111010011100101
00011110000000111011101111001010
00011110110101010111100001000101
10010110011111110110000100000111
00110001011100101110100111111111
01010000001001011001111101010111
10110010001000100101101010010010
10101010101100010011001001001111
10111111010001110001010001000001
01001011010100001001000010010001
00000001000101010010011100101101
01010100001010111000010011001001
10110001000011101111001001010111
00101110000100000000011011101100
01011111110111011010111001000111
000111101000000101deg=44497
deg lcm poly = 44512
weight = 20229
10000000100000000000000000000000
10000000100000000000000000000000
10000000100000000000000000000000
10000000100000000000000000000000
00000000000000000000000000000000
00000000000000000000000000000000
00000000000000000000000000000000
00000000000000000000000000000000
00000000000000000000000000000000
00000000000000000000000000000000
00000000000000000000000000000000
00000000000000000000000000000000
00000000000000000000000000000000
00000000000000000000000000000000
00000000000000000000000000000000
00000000000000000000000000000000
00000000000000000000000000000000
00000000000000000000000000000000
00000000000000000000000000000000
00000000000000000000000000000000
00000000000000000000000000000000
00000000000000000000000000000000
00000000000000000000000000000000
00000000000000000000000000000000
00000000000000000000000000000000
00000000000000000000000000000000
00000000000000000000000000000000
00000000000000000000000000000000
00000000000000000000000000000000
00000000000000000000000000000000
00000000000000000000000000000000
00000000000000000000000000000000
00000000000000000000000000000000
00000000000000000000000000000000
00000000000000000000000000000000
00000000000000000000000000000000
00000000000000000000000000000000
00000000000000000000000000000000
00000000000000000000000000000000
00000000000000000000000000000000
00000000000000000000000000000000
00000000000000000000000000000000
00000000000000000000000000000000
00000000000000000000000000000000
00000000000000000000000000000000
00000000000000000000000000000000
00000000000000000000000000000000
00000000000000000000000000000000
00000000000000000000000000000000
00000000000000000000000000000000
00000000000000000000000000000000
00000000000000000000000000000000
00000000000000000000000000000000
00000000000000000000000000000000
00000000000000000000000000000000
00000000000000000000000000000000
00000000000000001000000010000000
00000000000000001000000010000000
00000000000000001000000010000000
00000000000000001000000010000000
00000000000000000000000000000000
00000000000000000000000000000000
00000000000100000001000000000000
00000000000100000001000000000000
00000000000100000001000000000000
00000000000100000001000000000000
00000000000000000000000000000000
00000000000000000000000000000000
00000000000000000000000000000000
00000000000000000000000000000101
01010000000000000000000000000101
01010000000000000000000000000101
01010000000000000000000000000101
01010000000000000000000000000000
00000000000000000000000000000000
00000000000000000000001000000010
00000000000000000000001000000010
00000000000000000000001000000010
00000000000000000000001000000010
00000000000000000000000000000000
00000000000000000000000000000000
00000000000000000000000000000000
00000000000000000000000000000000
00000110110010100000000000000000
00000110110010100000000000000000
00000110110010100000000000000000
00000110110010001010100000000000
00000000000000101010100000000000
00000000000000101010100000000000
11111111000000101010000000001000
11111111000000000000100000001000
11111111000000000000100000001000
11111111000000000000100000001000
00000000000000000000000000000000
00000000000000000000000000011111
11100000000000000000000000011111
11100000000000000000010001011111
11100000000000000000010001011111
11100000000000000000010001000000
00000000000000000000010001000000
00000000000000000000001111111100
00000000000000000000001111111100
00000000000110111010001111111101
00000001000110111010001111111101
00000001000110111010000000000001
00000001000110111001111111000001
00000001000000000011011101000000
10000000000000000011011101000000
10000001010101000011011101000000
10000001010101000000100011010101
00001001010101000000000001010101
10001001010100111111100001010101
10001000000001111111100001010101
10101010000001111111100000000001
01011100100001111111100000000001
01011100100000000000010010001101
01011100100010101010010010001101
01111110100010101010010010001100
00000000000010101010010010001000
11001000000010101010000000000100
11001000000000000000000000000100
11001000000000001100110000000100
11000111111100001100110000000000
00010100010111111100110000000000
00010100010111111100111011111101
00010100010111110000001011111101
00011011101000011110001011111101
00000000000011011101001011111101
00000000000011011101000000000011
01010100100011011101011100110111
01010100100000110111011101110111
01010100100000000100011101110111
01010101110101000100011101110100
00000001010101000100000001000000
00000001010101000000000000010001
00000001010100011111101000010001
00000000000011101111111010110001
00000000000011101111111010110001
01001010111011101111111010100000
01001010111010110000000010001100
01001010111000000000101011101110
01001010111000000000101011101110
00000000001100110000101011101011
01010000001100110000111011001101
11110000001100110000000000001111
11110000001100110101110110001111
11110000000000011010001110001010
10100000000000011010001110000000
00101110001011111010001111011001
11101110001011111111111111011101
00000010001011100000000111011101
00000010001101001111010111011100
00101101000110101111010110000101
10101001000110101111010000000101
10001110110110101111111010100101
10001110110000000000110110000100
10001111011101000000110110000100
11001010001000000000110110100000
00100001111000000000011101010011
10110001111000010011001011110011
00110001010101010011001011110011
00110000000001011001011110010011
00111000001011011001011111000000
11010111110101000010010101000000
01010111110101000010011011111000
01010111111110100000001110111000
01111111100100110010001110111000
00000000101101111100101110111100
00000100101101111100100000001011
10011100100111010101001001001011
10011100110111010100100011001011
10011100000000010010000011001111
10010111000111000010000011100110
01001110100001000011101010100110
01001110100001010000000111100100
11101110100001100011111011100100
11100001101111000110100111000111
11110101011100010011110010010010
11111111001001000110001010100101
00001010111100101001001110100110
01011111100000001001100010010101
01011101000000100001100010010101
00000111011100111110110111001101
11101000000011001000100101010001
11000011111100111111111101001101
00111110100011110110000010110010
11001100100000010110000010110101
11010000010000010110000010000000
00010100000101011110000001001011
10110100000010111110011000001000
00100101101110001101010100111011
00011010001001100010111000001100
10010111010000010001110101110111
11111110100001011100100000010100
00011001101001011000001000000100
00011011011000000010010010110000
01001110111101010101001101001100
01000000010101111010110010100000
11110010100010000001100000100010
01001111110110011011100100001011
01001011101110110011100100001011
01000000000000011111101110010100
00111110001100100000010110001110
10110011001100101110110101110000
00111011101100100110001100011001
10110011001110110011100100001001
00010111001100111110111011110110
01010011111011011111110100010100
10001100000100110101100000000101
01110100101011100110010001011101
11001000111100101001110000010011
00110000000011100011000111110000
00000101010111011011010001111000
10110011100010000111011101011110
10110011101010011110000110011011
00001010010000111000001101001110
01111110000111110111100101110011
00000010101101010101101011000011
00001001001100001001100010101111
01111010001000110001000111111011
00110001100001110100000011100010
00100010000011111010011010011100
10101001111100001100000111101100
01100001001101101111011101001000
01010011010100101001000100100111
00000001011000111110000111011011
11001100101011110010000101111111
00001110101011110010000110110110
10110111110100100110011001101111
01101110010101111000010000111100
01100101110111111010100010001000
11011011111111000000010010100101
10100010111000100100010101110110
01011110010000001000010110110010
00110001011000001100000101010100
01011000001100111011000011000011
01110101100111110110000001011011
10110010111010110111100010110110
11011101100111000010111101001100
10010011110110001110000110101011
00111001101111101111100010101010
11100110010111011111110101111001
01100111011101000010011000101100
10000000110111001111011000100011
00101111111000010110101110001101
11110010110010111110111010010001
10110100010111000000011101100000
00110100111000100101100101110011
11111010011100001001110111111000
00001101011001000011010000000100
11101000111000100100011110011110
01101000000001101011111100000011
10111110010001001001100100111011
00100101001000011101101101111101
00101111101100101101001000101100
00001111011100101011111010100110
00110010000101111000000011101101
01100000111110001010111111000000
11000010011001110110001001000110
00001001110100100001111010011001
10101010001111000000001011100001
10101111001010100110101100000110
11011110110000100001011101000000
10000111000101000000110001000000
11101100000000101101111100110010
11001000000110111111001001001000
11001110011100111100011010100001
01110111111011001100011010010110
00111111111001100110100011110000
10000100001010110101100101100100
10010000110000101100000011111101
01010010110100001101110100110100
01100100011001100011000010110011
10010110100000101011001001010101
01000101101111000000111101100011
11100011000101001001111110000111
00001111101001100011100000110000
01101111101011111011111101000110
00011111000100010011010000000100
10110111111100010110011000010100
01100110100100100111100000000101
10011000001010010011100000110010
10100111110101001100011011101110
01100111011001111101000000100110
01100000101101001110111011000010
00000011010001100001001001101110
01100011011111111101001110100001
11000000101010011010100110111011
10110011101001011011011000011011
01101001011101110111010001111101
01111001011111011011101100111111
11100010100101010111111111101111
01011010111100101011001110010001
01010100101110011001010011010110
10101110110111010000010010011101
11111010100001000011100000000000
01000000111011001001011010000111
11000110010001101101100100001111
11011111101010110011000110000010
01111001101110100000011111010101
00001010101000001101010101010011
01010111010011010011010010111100
00011000100100000110010000100111
10110100011111001110110100101110
10110011010011100001000110101000
01110001011101100000000011000011
11111110011111001001011000100000
10101001111100001100011001110011
10010100001110101001111111100010
10000000001100111011100111110111
11110000100001101100111000000101
00110110000100100010110111110011
00110111110001111110000111110100
10110001001001011011000010000001
00010101100001100001001000110110
01111110010010000100111000100010
11011101111111011110101100001111
11111011111011010011101001001100
01100010011100001001000101101001
11101111010110100011011011110100
10011001101110101110011111101000
01101001110101110101001010010010
10011010100011110110011101011101
11110011100100111111001111100010
00000110111111000010001100111000
11101110101111001101110100010001
01010010111101111011011000111110
11001011001110010111000110111111
01000111111101110101110111101110
11000100100011101111110010010101
00001101001110101110110010011011
11001111010100000010111100011000
00110100011010101111110101100101
00111010111101110110110001000101
10000111110100101100101101001100
01001110101011001110110011011111
00011000000011011010110101001110
01111110010110010000101111100100
11010111100010010100111010101101
11010101100110110110110110110111
11100000100100111110101000100011
00110110100111001111011011100011
11100100100001111001110100011011
01111110010110110001111100110010
10110101100011101000010000000100
11110110101110100111101011101111
01011110100001110010001001101000
10111111000010000010110000010001
11100101010001100110111110110111
01110000011101001011100001000110
00010111100011010000010001100011
10001000100010001101110101111011
11011110001011111010010001110100
10001001001101001111001011000100
01011101000001101100110111001010
00011111110011111000000111111001
01101000011111011011001010110000
01100001010001101010010011110111
10111101101001111111111000010101
01000111110110010111000110100101
00100101000110000000100111011001
10000011001010000010000100100011
11110100011100110111001001001111
00011011011010011001101000110111
00001010110100101000101011010111
10000011110001110101001111111111
00110000111110000010110000101000
01100101010100101001000101001011
01000111110111111110111110110011
10000110011110001001010000111000
10000011001011011011001001000100
01110001001011101100011010110000
00011000100000000101011100000010
10111110011110011110011100110100
10110010001010101010100011011111
11100111010001010010000101011101
10011011110101011001001110100110
01110010000011101100110111000100
10001111011101110000110000001001
00110000010010010110011111100110
01001010000010110110001111001010
10011011101011000111011000000010
10100101100010110011010100110010
10010101111001010111001000111111
00000110000101100001111010101001
11010111110000010110100010100101
10001100000010101101110000100001
11011110111101001111010100001100
00000111001010100111111110000001
11000000010101111100011010001100
00011110100010000100100001011100
00100111011001010110101000100010
10001110101011101011011010111110
01111000111101001001101111100010
01001001101110111111010001110100
11101010000011110010101000110110
10100010110101100001101111010100
11010011101011000110111011001101
00001001000010111100111001011111
00010111101000001010100110001101
01111111001111100000111110110111
01100011110110100110101110000100
01000000000010111111011100101100
11011001101000110010111011111011
00100101011001000000100001111101
10111000110100011110100000101001
01100010110001101011010000001010
11110011000001111100100011111100
01010000010010001111000011101001
00100101001010010000001010000100
10000000101010101100000111000011
10010111000011101110001100000001
00101110011111101011010000101011
11101011010010000010001100101001
01110001100111101101111000001010
11100000011110101101111100111110
10111101001101100110000101011000
01101010011110000111111101110100
10100100000000000010110011110000
10010010010000110110011001000110
10110010000101000011000100111001
00110100000100101011111100011101
11100100010101111000011101110000
00100111101011101000010100001010
10101000111011001101011010011110
11011011010000001010010000111000
11011010111110111110100100001111
10101110001110000000111010100101
00011111000011011010101101000001
01001100101011010100111101110111
11010100011011100111100111001000
01011010100011101111010101011001
11010011110011010110001000110111
10001111001110101000101100010100
10000111101011110011101010000010
01001111011001100101001010010111
01101100101100111000100111010100
10001001101111011101001000000110
00010001011000100110110110101000
11101010100011110010000001010100
11100011001110010111000100000010
00001010000010010100101100000110
11110100010100001000101010101011
01010001001110000100011001010111
11100000010101111011011111010110
01111001011001000011101000111010
00100000101000001101011011110110
01010111111111101000101100111001
11100100011011100100000010100000
01111100000111010101001101101111
10000111001110010000110010010110
10111000101100110010010110001100
10111111101110000001011000011111
01000100011011100011000011111000
11110110000000010111101111110011
00000100001011101101111001100001
01010010001101100001101101111101
10101100101101111011011000011111
01010001001011111001011011110000
00100110011001111100011010000000
00000000100110010100110000010010
00000100101110111010101001010011
00000000100101101111000111001111
11011010010000011010001100100110
01100101010011101110101010110010
10110010100111000100111001101011
01101001100110100110101010011001
10111111110000001001110101011100
01010000000100000000001010000111
01010110011101110110000011110000
11001111101010100011011101100000
11100111011000001101101101100011
10110110101100100010111000110010
11100100010011010011110010100010
11110010111000000110001011110000
11100011011101001010001000011111
10110110010101011011101010000100
00100000110110001000101001000001
00001000010011010000111000101111
10111111011001010010010101101101
01010111111011110001101110110011
10011011101111101001011100100111
00010110011110110100010001110111
01001001111001101111000011110101
01000110011101110001110100101100
10110000101110001100010100000000
10010111001100100000111001101111
01000011011111111100101011100100
01011001101101010001101101100000
00001101110011011100001011001101
10110000001000101011101111101111
10000110101100011100110111011011
01100000101111111111000010111001
10101100000110010001100000010011
11000101011010011011101110110010
01010000100001010010100010011011
00111111011000111001010111000110
00100011101110001101110100000011
11100100001000000110111101010110
10111001011110001101100000101000
11010111110110100111001100111001
11011110010011111110011001101011
00011011101000000111101100011001
10101111110110111001101100010010
11111011111011110011110101100100
10011101001000010010000011111110
01000101101010110000010110101101
01000111111110010010011110111000
11110110100010001110011101011101
00110000011111000001101101110000
00111000111101110001111010001000
10110000101011001100111000001011
11110000000001000101100111111111
01101101001101100011101011111001
00111110111101000011010101100000
01010000011100111011010010100011
01111111011011110010010100100100
10111101101111010101011011111001
01010110110101010000100011001100
10100010000011001011110111111011
10101100100011011011111010110011
10001001010001111101100000010111
10010010000100010100101111101110
01100000100000100100110011011000
00111000000000010101010010100101
10101100101000101000101010010101
10011100110110110001101000111111
01010100000001111010111010100000
11001111110000100000110011110111
00011000011010101100000001000100
00101101001100011110101010011000
01110101001111001101010000010110
01000111101101000001000001010100
10111011101000110011110100000011
01001110010001111011101010000101
10011010100111010101010010011001
11100110001101111110101010101001
10101101011000100111011011101100
11011001001111111001001001101100
11011000011100100001110110101010
11000000001010110001100010101000
10001100001100010111100111001010
01001111110100111110110011110111
11011011001010000111101100010001
11000001000100111000000000101010
11111011110000101110010111101101
10110100110101010001000001110001
00100000100001001010101011000111
00100100011001110000110010111101
01001111010010101001010001110100
10101011101011100100110101101100
00000110001001111001111011111000
11010010000101010000010100101111
11000011100100101110111100111001
01101111111110110010010100111110
01110001010011001000110001010101
01101101000000111111101000001000
01001010110010010110011111011100
10010101011100100001000101010101
11101000001010000100001001010000
11001100111011000101110001011010
00111100001110011001000110101100
10000110010100100000001010011000
00010100110000010101010000111110
01011001010000010100010110100000
11101001011110011101100010100100
00010100001000001100010110001110
01010011110011110000011101000011
10011010010011111111110000100100
01100001001100111000110011110011
01011101111010111101110100101011
01110110001001010010100101111001
10010111001100011111111111111111
00110110000110010111000100000100
00010101111100100000011100011001
00101000110010100000000101010010
00110000011000010111110111001011
00111111010110110000110011010110
10110000101101101100110011101001
01010011100001111001101100101111
11010111000011111001001011110011
11100110111110110111010011011010
10011011110010111000001110010101
01000110100000101011111111011101
11010110100110010110001010000010
10011111111011100011100111110100
00011101000001000101110111000011
11010111100000110101100111100010
11011001100110101101100010010101
01010011100001110101100111101100
01111001111001010010111101100101
00000011001010011000100011010110
10000000111100100000111100011111
00110100100110100011000110100010
10000010111000101101001100111010
10111111010001000001111111101001
10011000110111101100001001110100
11001111100011110001001000011001
00011000000100101000000001100111
00110101110000100100010010010111
10101110101010100010100011100011
10011111111111001011111100101010
01111011100000001000000100011111
11101010010010110110111101011110
00101100110010100101110111111001
01001111100111000000111001011011
00011111110110111001001110010110
00101100111010001100010011001011
10100111000011011101110001000000
00001011110110110010101100000100
11011010000010000001011101100011
01110111111100110110111001010111
01010110000011010110110101111010
11010000111110011100101010001011
11100100100110110101101000011101
11000001111100000010011101101100
10011111010110010111011011111100
10010010001100001011010000011100
00010100101110100000010100000011
11011010101110100101000011000010
10101101001011001010100111011111
00100010111100110100110110000001
11100001010011110010101100000111
11010010101110100011010000111110
10101100100000111001010110001000
10100010100010101010110100001010
10110100111100101011000110001010
11111101101100001011000000000110
01110100110101101000011110001100
00110111101101111011011100110000
11110000100001111011111110110011
10011111000110010101111111111000
11100011010010111001100000000001
10000110101110101000010011001100
10010001110100000011011000000110
01011100010000110011111010111100
00101111101000010111011001110011
00010101101110110000010111110101
00001011110111010110010001110111
11110001100010100011011101001011
00101010011011111000011000011111
10111011110111001111011111000011
01101011010101110010110111010110
11111000010110010011011100001000
11010100001101000001100100110011
00111111101111111000010101010001
01010111110011110101010000100011
10101100100101010101100010101101
10101001100111110110111000011001
00001001000010100000001111100001
10101100100010100100011110110010
00010000100010001001101011100000
01101001001100011001101000011100
11010001001100110100111000110101
11000100101111000100100001111111
01111000111011110101111100001010
10110100101010011010000101001011
01110101101100011001101100010101
00011010001011001110101110010011
01101111010111100111000110101101
10011110110001101010011001110001
10011010011010000000000000010111
11000001110101010010101010110010
01111011100100011101010010000101
11111010111010001001100010110001
11001110111111001111110100001011
00010110111100011011011000101111
11111111000000000010101111101110
01100101100101001110111010000111
11111111111111010011010001001100
01101001000000011110001010001000
11011000110000000101001000111100
00110101111110111001100101111100
01011111101011101110000001011101
10110010000011011111011011010101
11000010001000001011110110011000
10000010001011100010011110111110
11001010101111110111011101011000
10100011110111000000100101000111
01111010111000100000101001001011
00110000101001000110000000100001
00000000001011111101101010011101
11111001110000000010110011101101
11101000001001000001110111011000
10001101010000011111011011100011
10101011110010100101101101000100
11111001101000011111001101010100
10111100110010101001000111001000
00000111010101101110011001011010
00101011101000010010100111001111
11111001101100101010011101101010
00010001000100010010110101101011
11001111010110010011111111001000
01110000011111000000011001011110
01100000001000010101101010000101
11001100101101000111001110001011
10010010100010101100111010111101
10110101010011000011001001010100
00000000011100101001010000001100
01011100010111110010010000100111
00010110110010010011011110000100
10111001110110000110000010111100
00110011110111111010101001101010
00000001110111101010101000101010
01011001010111010010101010111100
01011001101110010100011011101000
01000011011101110001000100001010
11000010111111100001010111110100
10100000100010111000000001110011
01110100111100110010111000000001
10000000111100010010100110011000
01101010010101010011011000100001
00010001000111011101011101010001
01011101100010110011100000001000
10011100101010100011111100110101
10111111010011001000010011010000
11011000111111100111000001001100
10001001001101010000101101101001
10000111001111110101111001011101
10001100110010101010011100010011
10011110001011100010000111010110
11110010101101111111101110010010
01100001101111111010110000101101
00111000010000000100001010110100
10110110011010111000100110101001
00101110001000110011001000110011
01110001001101011110001000010000
00010101100101001100011001011111
11101010100011011001101101001110
11110011111101110011010101010101
01110011010100011000100101001010
10100000100000000010000111000001
01011101101101111000101000011000
00000001000100000101101110001100
01111111010001011001011011010100
00110000010110010010110111000101
00111111001001001010111101001011
11111000010110010011010111110100
10101011100101000101010101100010
10100100101110000011000101100100
01000111011001001110101010010010
00000001000100111111110010001101
11011100101110010010101110011111
00111101100111001111001010101101
01010101111000000001001001010110
10100101010011101010110011110001
00101001100000000101111001100001
10100001100010111110111100100111
00100111100000100001101101110000
00000000100111110000010011001001
00111111110000011010101111010111
10001100101110010110001110010001
10111110101111010000111011110001
01010010101001010111101110100011
11111011101101010101011010011100
00110110101001010111010111011011
00100011001001101011100100001010
10011101001100101011110111100111
01011101100010110100110101000010
00000011111010000011100101100101
00110010010010000110100111101001
10100110010011110000011101011111
11001111011100100000100000100000
11010101010010001001110110001011
01100001111001101001110100111001
00010100101110000110111001010001
11001011110001110001000000010000
01101000111110110110001111101100
01110111001000000100000010001100
11101011111001111001010100111010
10000111011000100000001101101011
11001001000101101000101010100111
11100001100011101101000111010100
01000000011010100011101001101110
01001000001101011101110111001111
00111101010101000011100110001110
01111000101010110001110111100110
01000101000001110000110011110111
10010100001110010101100110110111
01110100011001001011110100110100
10110001111110111010110011101011
10100110111010001011011100001010
10011000101000100111010000111011
10010011100011010010100010000110
00110000001001110010100010110010
11000111000000100111101111011101
01111010010001001101110001111100
00010001110000101101001111001010
00010000001101000001101011100011
11111011010111100110100011011101
11001110111111011111110010101011
00110101000101101001110100100000
10100110100000000010100011110011
01101011110111010001101111111000
10010011101010001011010101001111
00010110011000101000101101100110
10110110111110110000101110110110
01000110011111011111111000010111
01011110001010111000110110100101
01101110001100111011001011101110
11101100101110001000011001101001
01011111101111000110011101000100
10111110100110011110100110001111
10000111001011110101000111110111
00010010100011010101100111001100
00010000100011010000110011111010
11010101100001011101110110010101
01010010111001100000111110000000
10111001000010110101010010101011
10010101011111100110111101111111
01001011110111101000001011001110
11010100010111000111011110101111
10000001011100110010000010110101
01110000110101001111010000101110
10100101011011010011000110011100
11111100000010010110000010001110
01100010010011011100111101110000
10011100111100011011111010001010
10010011101101001001010111110110
00000000100011111110110110001010
11101000110111010110010001001000
00110001111111010000000101001000
01011010100010001111100111011100
11101101111010001111001110010100
00000101100100101101010011011011
01001001110010110101001101011110
10110011101111001011001111110110
11001010011011101001010100010110
00100011011100010111111100000100
10010110111101000010101001110101
00001011100010010101110010101101
11100110101100000100100000110011
01011110111011100101110100100010
01001110010011010000110000001110
00111101100000101100011101011010
11101110001000001100101111011011
00101101111101010111011110010101
10111001011111000110101000011011
00101001110010100001111100111011
00110111000100101011110011111100
01101011101001110110111101100110
11100100110100100010000101000001
11101100010001010001100101001000
01010000100101100011110111110110
11011111000011010110001100111101
01111010100010010001100010110001
11011101101110010100110111100110
00111010101010011100110101000011
00001001011100001110100001100010
01011000101111000101100100100000
01110001101100011111100110100111
01001010001010111101111001011011
01110110010111000100101100010110
00110100010101011010001110111101
11010100101000001111000001001101
01011001000010001111110101000111
10011101100000010011101000110111
01000100000010011111010001100101
01101011110111110110110001011110
00100101100111001001010110101000
11110011101111110110111100111100
01110111001010001100101101001100
00111011110110100001101101010011
11101101001111001101110000000011
10100101010100010011111000101101
10000010010101101011000011000010
00100100011110111000000000100100
00001010000100100111000111010000
11101000010101001111100010001101
01011010111000010010101000111111
10111101100001000001010001011100
10011000011110110111110100110010
10000110100000110000000011010011
00010011101010001011101101101011
00011001110100100110101011101100
00100010001100100000001000010000
11000100111011011111001000110110
00110100001101110101001111001000
10011011110011001101000000101010
01000010011100010110111100001101
10110110011101011110110011100001
01000000011101001111010101110000
00001101110000111000000101011101
11010100011011000111000101101101
10000011000001111000010010000010
11001110100011101001010111010110
01100000001101110110010000011011
00110111111110100000110110010001
01000010011111001001011001100010
01010010011100110001011100010100
00001101000101101110000010101100
00010110011111111111010001101101
01001101010100000001011010111011
10100000010100000010010010100100
11100111010101011010101100100111
01000101110101010001100011110100
00010111011100110011111001111011
11001000010001101010111110100000
00010010000110110100011101010010
10010110111011110101010011010010
10000100010010001111000110010110
11101101100011010100000010011010
11110011100001011111100110001101
01111011100011101111100110010000
10100111000101000000111111100111
00111001000111111101101100111101
11011000011100011110101100011000
11010110010100001111001111010110
11010001101010010011100011010000
00010100001110010001011011110110
01100001100110010011011110111011
11101001110000111111000100001101
10100110110111101111100001010110
10110110100011111010001001100011
11001100010010110011111000100010
11111001100100001100101011001001
11010110100011000110010010011100
00011000000110011010010100110011
11000010011010101100110110010101
00001000001100011001111100001100
00010000011110101111001010000101
01100110011000011001111111101101
01011000011110011100010010001101
00001000110001100110100101111111
01101100000000011110101110101010
10100101111110111010111111110100
01011001011001000011010101110100
00100011000110111001110101111101
11000010010100000001011011111111
01000000110111000100000110101110
01100111100100001111001011001011
00110000011111101100000101000100
01001101011111000111101010100000
00101011001101100000100100100000
01101011111001001000100101100110
00011101110101010011100011101111
10101011011101101111000011000111
00000010111110001000101111101110
00001101110100100011101111000111
10100101110110100001110011011010
11110101101001100001010010011101
00101110110000011001110000011011
01001100010111000101111101011111
01010110000101010111101101010100
01101101111011100111001100000010
00110110011101001111011100000100
00001110100110111100000101100101
10100011001101001111110011001011
01001111111101101101111001010110
01101101111001010110110011001110
01000011001101010000000011101010
11000100001111111101010001000001
01000000111101011101000011101101
11010101001100101010110100100010
01111010111010011010101011101111
01101111000100100011011000111111
00110010100110010010111010111001
01010110000100111101100001001111
00111001101100110101011110101001
10111110111011011011111111100111
00000000011111001111100101110110
00000100010110110000100100100100
00110100010111110111111110000011
10011011110000111000111011111011
10100111111101011011001100111110
00010011011011100000010000111001
10101001111001101101111000111110
11011111101010000110100000110111
11011111111011001011111110101011
00010000010001100100110011111111
01010111100000100010000111100100
10000110000001010110110110011110
11000111010110110110111110000011
11011000111010011010011011000000
00011011100010101100010110110010
10111111011101011110001000011110
00000011110000111110011011101101
11010111010011111001111110010111
01110001011111100110010010001111
00111001011110100010111110110110
10100111011010101001001001101110
11011001011110101010101111001010
10000011001011010111011001101101
00111100111011110101111011101001
00010011000110100001011111011111
01011100011010001110111111001110
11010110000011001100011000001110
00110110001001000011110000010000
01101110101101000010011100100010
01110001100111010111001010010110
01110001101111101110001110111000
00110110110000101000110111001111
10100110101110110001101100010010
11010100111100000111111011101011
10100001011100111001111110111011
10110100101000000101001001110111
11001010000100010001000100001001
10100100101001000010101111101101
11000101001000010001000101010001
01110110000110001011111101101011
11011000000111001011111000110011
01101000010010110001010111111000
01011010111100100111000111011100
10110110110110110111101111010010
10010011011000111000110110101011
00010011100010101011010111001001
11010010000011100101101011010001
10010011101101000100100001111110
11111101110000110000011110001010
01101101011110001101111111110110
11111101101000011100110011111110
00110000010100011011111010110111
01010100111101011100111101011000
10010101111101101110011101011011
10010010111100001111100000100100
00100001011100000101101010011000
01100011101111111110000000111011
00011001100110111011001110001001
10111101110011010110011100011101
10100011000110110011111001001100
10111011110110111111101000100110
01101011100101001101000100001100
00001010100011011100101011010110
00100001101101000000101111001000
00101110011001010000011110101101
01011001110111111001111101011011
00001110110101101100101001110110
01001001011001011001110001000011
00010000110010010000111010100010
00100111001000111010111001111001
01100110111001010100111111101111
00110010000101101011001000111001
11111100000111111011000101010000
00100011010100110001101111001101
00101110100011011110001111001001
01011011001011001110111010001111
01010011001010101101101001001000
00000011000010101001111000001101
00111001111100011001101011001110
10111011011111101011111001000000
01010110100011110011001111001100
10111100010001100101011001010100
10010101101000100010011100000100
11111010111111101111010000001001
10101101101010101110011100100000
00101000001100010110110110001011
00100101011000001100110000111110
11110110011110110011100110111111
10000101111010111110111010010011
10110110010000010100101001010011
10001110101101010011001110000100
01100000000101110111110001100100
11001111001011001011011101111000
10100101111111010111010100101001
01100101010100101011110100101110
00111101101010001110110010110011
10100001011111100101110100110110
00000001010001111101010101100001
11000000101001101010011011110110
00010111110101101001000001000111
11100110101001101010010111100010
00100111111101101010110111110111
01110011000000111001111110000101
01010010000110100010011001110100
01100110011110101110011001101101
10101100000101100011001000101001
00010111011000000111011110101111
01110011110101100110000111000110
11111110110001111000000110110010
01100110111100100011100000010001
00100111110110000100010000000001
10100101111001001101111000011010
11101010110110100000001011110100
00100101110101001100101011101011
00111100111001000010011101000000
10101000010011011010101001100111
01110110001110000111011011111011
01001001011011001110001011010010
01101111000010011101111011011101
10000110110010100011101010110001
11111100011001111001001001101010
00010011010000001010011100000000
11001000001000011011010001101100
10010001000100000010000010110101
00011110111110010000101010011111
10111110001011101111011101101111
00001000000010010111011101001110
11001101101110010000001001101011
00010100111100000010111000111011
01010000011111000111001100100110
11011010011100000110111001100100
10110001010101010101111101000000
10101011011010000001000101100111
01000110001111110001000101110100
11111110100110011111001100111111
11110110010001000101000011011001
01101010011110111011000110110011
11001001011010100011011110100001
01010010011010000010110001010101
10001001101110001001001010100111
01100010000100110010111100001111
01110000100010011000101100000110
01011010001011000010001110100011
01100100100110001000000110011110
01111101011001101000010011110111
10101100000110110000011010100111
10111110110011011011111111111110
10011010101000110001001100000010
00000110000010100001011110010011
11010111000100000100111000111011
01100001010111011110110111001010
11101111110000010111100001110111
00101010100001110101010001000001
01111101011111011101100001001111
01001110001000011111010110001100
01101101010110011110100010100101
11111001000001010001000011000110
00000100100001000110011001110110
10011110100110101000100001010001
10001000110001000000010111011100
00101101000001011101011110101111
11001000010110001100111111100001
00101010001010111011111110101010
11000101110110101111011101111101
10011010001000100000001011110110
10001111011110111100110100001101
00010111101111010100000001011100
00010111111000011011100010000100
11001011111100010000111110000011
00110001010101001001101111100011
01100111010110110111010001100101
11111001000001000100110111111100
00100011010000001010101010101001
00100110010001010010011110000100
01000100000111110001100110000010
01100000011100111000011010100100
01010011111110000011101100001011
00111010101001000001100101101111
00101101001000011001110101011001
10011001101100101101101111110111
00000010100011101100101110000010
11011001000111100010010000110101
11011100010111010110001000000100
01011010000000110011010100110110
00110010000001010000011100110100
11110001100010000010100100100001
10110010011011011111000000001101
11110000100100101011101010001101
10101100111100110111000000110101
10100011011110000111011010110110
01111110001111111001111000010101
10111110001001010110100011110111
01100110110101111111001101000110
11110000110101010100011110000000
11110111101001100000000111101101
11011000101000000001100010011100
00010011000011101000011001110111
01100111001101000000001110101100
01111000100101110111101110000101
10111100001011000001111001110001
00000001000100001010101011101111
01011001010010111000010101011111
01011111001110000101011000010010
10010100111010001111010011100010
11100010101100111110010011011010
01111101010000001101110110111001
10110010011110011000001100111001
00001110011111001110101011110001
10111010000011100100000101110100
00001111101010111001101110111001
10101100110110110111010100100010
00000111101100111001111101010101
00111101011001010101100010001010
10100000000001100010100110001010
10000111111000101111000101101100
10001110111000000011010011110101
01001101111100111001001110000101
10000010001110110000101100101010
01100100011111001110000110000000
10101011101010100111101110000111
11101101011110101001111100111100
11010101110101110111110010010000
11000111010010010011011001010010
11100010101001101000010010010011
11110111110011000110111001011111
10000111001011101100101001010010
11111101001000101000011001001010
01101111110100110001110100101010
11100110001111101010100000010110
00110000000110001100000111011010
11101100101100110001111000010001
10100011010111001001000111010001
10111000110101100011111001101001
11111001101111011100100101000000
10010100000000110100000111100001
11110000011110111100111100101000
11101111000101110100110101111101
00000110100110010110101110101001
00000011101111110001111110011000
00101101101110000011010010110111
00101010000000001000100101001101
11111111111111111000101111001011
00001000110101010111100110101011
11001010010100101110111110011111
01010111111100001100110011001111
01101101011000010101010110001100
01100011001101111000000000111111
01111101000110110101100100010111
00101101100100000001101100001101
10100110010011001010101111100011
00101101110111000111100010011000
11001110001111100000011010101000
01100101100001101001001001100011
10011111010101011000010111111010
11110001111110010110010011001011
01110011000100000000001011111000
00001110110011111110000010100001
01010011111011000100100000001111
10111011000111001100000001101110
01011101010101100111001010110001
11101000011101100100001110110100
00100100011011011100110010110110
00110101101010110000011010100111
10101101101010001001000110000111
10110011110010011001110111110100
11101011001011100111111101111111
01110010110100000000111010001000
10100111001011001010001110000010
10000000001011111001101111011010
01100100010011010001111010000010
00010001011111001000110111100010
01101001000101000100110001110110
01110100010001000011010001100110
10010010001001010101000100101010
11100101010011011100001001101100
01000100110010101000110101000001
10001101101000101110101110001011
11111111100101011101101000001001
01010110001100010001001110101010
11101010100100101110100101111101
10001110011000010100100000000100
00001011001111110001011100101110
10000001111100001110101011010101
00010100000111101101011100111101
00000011111010101010010010110000
10100010100011111111010100011011
11101011011001001011101010001010
01100000110111011110000011111001
10000011001110101101111001010011
11110011011111110101101101011100
10111000011001011110101110000110
10011101011011000111010110111111
10010111010101010001010101000111
10101000001111101011110001011000
10101001110011011101111001010010
10111010101010100101011100000010
11110010110100011000011001100001
01110111101111100100100100101010
11001101001111110000101010000000
01100011100110011001100101001100
11101110001100110011000100000010
00100000000101110000110000100101
11010000100010010110010101011101
01010010010010010100010000100010
11110100001110011111111010100110
10111000111110001101100001010011
11010001100000111001111110001111
11011000111110010001000110010001
10000100100001111011100010011000
00100010010010011111101111010100
00101110010011010101001101000101
10110010010101110110000000000001
01100001100100010100000001010010
00111001110100000100010000101101
11100110110101111100100110110110
10010000101111001000000001101010
10010011011100111000111001101110
01101000111111101110000001010100
00100001010001100111100110110100
10110000001101110110001010100100
11000101000001110011100101100101
01001011110110110011111000000111
10111001011110010111111100110000
10110011110000101101000101101111
01000011000011010011110001111011
01111100010110011010101110001110
01011001000110100101111111000010
10010000100000001001110010011000
11100000001010000100101011101101
00000100011010101000100010011011
01010011110101000010011111011101
01111001101101001000010010010000
00000001000111000111111011110011
11001100111000111000010100011101
01011100100101101011011011010011
01010110000100000111010111010001
00101001110110010111100100100111
11100100100101101011011111111010
00000110001011101111000110101001
01001100101001100001010001101011
00110100100001011100011111011101
01011000110100100101010001110110
10111110000010110001110010011001
01010101000000000001001101100101
10110101100110000110011100101100
10111111110100101101010110000100
11001010001001011111001010011110
00101101010011011000110101001010
01001010011011100110111101101100
01100011111010111111001010100001
01100111101011110101000111100110
00110000011111100110000101010010
11100000100011111000011101110010
00111101000001100011110101011010
10100100100011101100111100001000
10110001001000100111111010110110
11011010011011111010010111000100
11001100011010100110010011001000
00010011011101111001101010000111
01000011101011110001101001010110
10111111100100000100001101110001
11100010101101111000011100100111
01100010100011100010100010111001
00111100110011010010110000100000
10111010000011100111100010001010
10101111001110001110011101001110
00010011000110011011100111010101
11111100110001011001011101110100
01110111011001110011110100101010
01101100111110001101000100100001
10101000111011010101011000010111
00101011110100001101101001101101
01110001010111000111010100000010
10101111111011101110001011101101
01001001111111101010101000000000
00101000100000011000110101110111
10010001110110111100011100111001
10100110101001100110011100111010
10001101011101111101101111101101
00101011111010011100100111011111
00101001011000000010110011111110
10110100110101101001001100101000
11100000000001110011011100110110
01111110001010100001101000011001
00100000001100111110110001101011
00110011001100101000011111011101
11011111000100000001000111011100
00011100000000011111111111110101
00000000000010101100000000001011
00011100000010001111110000000011
11100010001001011100111010101001
01010101000000001101110101010101
11010101110000000000100111010110
00100001010101100010000000000100
11111111111111111111111111111011
00000000000000000000000000000000
01111111100000000000000000000000
01111111111001100010001001000111
00000011001000100010001000000000
00000100000000000000011000000010
00000000000000000000000000000011
11111111111111000000000000000000
00000000000000000000000000000000
00000000000000000000011001100000
00000010101010101010110011001010
10101000000000010111000000000000
00000000000000010111000000000000
00000000000000000000000000000000
00000000000000000000000000001111
11111111111100000000000000001111
11111111111100000000111100000000
00001110001000010010000000000000
00000000000000111000000000000011
10000000000000000000000000000000
00000000000000000000000000000000
00000000000000000000000000011001
10011001100110011001100110000000
01100110000000000000000000000000
01100110000000000000000000000000
00000000000000000000000000000000
00000000000000000000000000000000
00000000000000000000000000000000
00000000000000000000000000000000
00000000000000000000000000000000
11110000000000001111000000000000
00000000000000000000000000000000
00000000000000000000000000000000
00000000000000000000000000000000
00000000000000000000000000000000
00000000000000000000000000000000
00000000000000000000000000000000
1deg=44512
deg tmp = 15
52 bit k-distribution
k(1) = 44494
k(2) = 22248
k(3) = 14831
k(4) = 11124
k(5) = 8898
k(6) = 7415
k(7) = 6356
k(8) = 5561
k(9) = 4943
k(10) = 4449
k(11) = 2562
k(12) = 2562
k(13) = 2562
k(14) = 2562
k(15) = 2562
k(16) = 2562
k(17) = 2562
k(18) = 2321
k(19) = 1712
k(20) = 1712
k(21) = 1712
k(22) = 1712
k(23) = 1712
k(24) = 1712
k(25) = 856
k(26) = 856
k(27) = 856
k(28) = 856
k(29) = 856
k(30) = 856
k(31) = 856
k(32) = 856
k(33) = 856
k(34) = 856
k(35) = 856
k(36) = 856
k(37) = 856
k(38) = 856
k(39) = 856
k(40) = 856
k(41) = 856
k(42) = 856
k(43) = 856
k(44) = 856
k(45) = 856
k(46) = 856
k(47) = 856
k(48) = 856
k(49) = 856
k(50) = 856
k(51) = 856
k(52) = 855
52bit D.D:  17093, DUP:   37
