mexp = 44497, maxdegree = 44512
filename:resD11.44497.magi09.061107.03.txt
POS1 = 149
SL1 = 9
SL2 = 3
SR1 = 4
SR2 = 32
MSK1 = fffffff7f5f1ffdf
MSK2 = ffffbbfbffffbfb7
deg poly = 44497
10001110001010100100001101110101
00101001000101111100111110010100
10100010000100001000101011110010
11100111101111010000001101011000
00100101010110100101010000000100
11010000110000001010110010011110
00110011010111100000111000010101
10111100111100000011101101100000
11111101000011010111001101111011
01100110001111000001110100110110
00110000001011110101001010101011
11101011000100100010110100101011
00011111001000011010111101110010
00100101000010001010011111001100
11010111000011010010000110001000
10101110001110111101000010111011
00100110101100100011011101110101
01000101100010000110111100100111
00001010100110010010101001101110
01111001011001000000001011111011
10001111010001000110101011011000
11111110010111111000011011111100
11010101010100110100100101011100
11001011011110000011010011001001
10011010100001010101111101111011
00111000010100001011110001110100
01001111010110101000100001010011
11111111010101010101010000011001
10011001000011111000100011110110
00011010111111111100100000011100
11001011111101101001000000101100
00110000000110010101101000101011
11111001111000010110101110001010
00001101100101111000000100110011
01100000111011001101100111101101
10110001100010011001000011011011
00100110011110111100000111100001
00011110101001111110001111100001
01011101100000001011011100010100
11010110101011001011000100000101
00001110101011110010101000000110
00011101000000000111111111111111
00001011011111111010111111000010
01100011011001000111001110100001
01111110111000000011111100110110
01110011010011110001001101111111
11011010101010101010000011011101
00001101011100110011110000110100
01001111100100110011100110010101
11010111110100010111011010100111
00111011101000011110000111010111
01010001000101010000111010001100
10000011010111010100110100110100
10100111101100010001001010010101
10000111011110101001100111000000
00110001110101001101101110101000
11010111110011000011110101011010
01101110100100110011101110100111
10100110100010011010100100100100
10100111100100101010111101010111
11000011100001011111010101100011
01001001001110000010010011001001
10111001001011000110011010011111
10110101000100101001110101101101
00110100111000001110001101100001
01011100100111011111111011011011
11110010110001101010000000001101
11000101011100101111100101011111
10001000010110010010111110001000
10110011011100000010010100001100
11010010111010111110101110011100
10001001110011001000110100010101
00101101001001011011101011011010
11111110010110111111001111011010
01100011000100010001101100100100
01011000011011001010110111011101
10010000011111101100000111101011
01001001101111100111111010011011
01110101100011000111111011111011
11111011111000010110111111111101
00010011100010001100111010110101
10111100001000001111001100100110
00101100110011011010110110111011
11010110011000110111100001100010
01101101010101100010010001011010
01110101001000000001111000101011
01011110100010110111110011101100
11000000011001100100111101011110
11011110011010101110111011010101
01010110101101101010100000100001
00011100100001000010110000110101
10101000100111000110001110111111
11101000100010010100110010100000
11000000010001101010001100001001
10010101101100110000001111101000
01000000110110001110011111001100
01111010000000001011010010011110
00100110111110111000101110011100
01100111111000100101111010100001
00000001010110000000110100010001
00000110011011100000101100110110
11010001010011100010011001111101
01000000000000101010001110000011
10101101111111001001001000100110
10100010000010011010001110011100
01010011101101001000111111110010
00100110010011111111101110010000
11111110101000000111000010100011
00000111011100110110011010001110
00100111100100111010111010101100
00001100100100100011011110010001
01110111011001111110010010010110
00001010101011000101011111100000
01100001110111011101001101111100
00111110100101100000101111000111
00001001111100001010000001101111
11011100000001100100010111100000
10100111100000101100110000100011
01011011110100110100110010001101
01110001110101110110101101010011
11111000100100010000011011011101
10001101111011000010001111110111
01010111101001111010001101101111
01100100111001001110011010110111
01011101111010000000111011001011
01011100011010101111111010110001
10111110001000001000011000001001
11111000000010110100011111101000
01001011101000011000111001001100
00110111111000101001001110100011
11100000101011100101111010110111
11011111100110000010110100010101
10100101010011000110111110001010
01000001100011101001010110010001
00110100100101011001010110100101
00000100000110110101010110010000
01010110100001101011011000000000
01011011100010100011001001111110
01111000110101010010011111001000
01011000000100100011001111101010
00000110001111100110010100110010
10000011100011110011010010000000
01010000000000100100010111101010
11110110101101100011110100101101
11101010011000100001111100111100
01100111011011011011110010001011
00110010101000000010111001100010
01101110110101001010101011100010
01000100100010000000101111000100
11001011001111010011101011110000
10011111111010110011111100111001
01100100000011100010010111000110
11111110000101010100011010101111
10100010100000011011101101101001
01100111100110100100110110100000
10000011110011001111110001101010
01110111100100100101111010011011
10000000011100001111101111100010
10001001100010010101101001111101
00001111010010001011111010001111
00010111100001011111010011001010
11010000111111111110001101100100
11010111111101010011011101001010
01011001000010111100101100000101
11111000000010101011000010001101
10011000001010011100010000101110
10000001000010111100010111100010
01001101011000110110010100000101
00001010101001001011011100100100
01000011111111110110100110101111
00111111001101011001101101001000
00000101001111110011100000110000
01100111011100101101001011111010
00100011110010101111101100100101
00000111100111100010011111010111
11000110001101101100111010110010
00010000011100100000101001000000
11100101110110101000110000111001
01011001111101010111010111010000
01001001001010101011000101111101
10111001010111010010001100001001
11000111101000000111000101000011
01010010111101000110110010100001
00000100100111010110100110011011
10111001100101101110010000110110
01000010011010010101000100001000
01111001001010001011110000010110
01101101111101101001001000110100
00001011000111001101000000111110
01100001101011000010001111101111
10011101001100110100110000100000
00010101100011111011010101111110
11101001101000001110010000111111
00100000110010010001100011111110
01111000111111011010111100110001
01000110101001100110010110001100
10010101000001111111100000110010
00110010110001001011110000001001
11011110000010010111100001001110
10100100001101111100001011110100
11111011110101111010100111001111
10001010010101000111000110111101
10011010110001001100111111101010
11000001111101011011100101000010
00011101011111101101100000101010
11010000110010000110010000100001
11101001100100100000100101011111
00010110101010101001111000100110
01000001000000100111011011011110
00000101110001000011001011100011
10001101100001000010100100000100
00001110010100111101110111111010
00100000110001110000000011110011
00010100010110110011000011000101
11011111011110110110111001001001
00100001110010111000010100101101
11100110011001001111101110010111
01100010010000111101000011100000
11010011101101110010001010001101
10011110100110011000001000011011
10111010100111001010001101001101
01110001101100001110111001010101
01001111101110010110001010110011
00001010001101110000101100111000
00000100101100110010100100010011
01111000111010001110100000010010
01010110110010011011100010101010
11000100100010110101000101010011
00111001110011110010001000100011
10010001000010001011010110111110
01100000111110011110111011111000
00000001101010011001001101001001
10010000010000111101100010110011
11100010111001010010101100001100
11100000011011111110111000001111
01100001100111000000111111001110
10011101010001010111101110111100
10001001101100011010000000011001
10100101111001000100001011101011
01111011100001101010000110011010
01110011011001101100110111101000
10111001111011101001100100101110
00111001111101111111100100010010
00111000111110100001110001001001
01100110101111001110100101101101
00010000000100110001100000011010
11100001000001011110010001010111
00010111110011011011111111001011
01011100001000000101110001110110
10001001000001110001101001110000
11001111011110001101100101110010
00001101000110101111010110001011
11110111101001000101000110110100
00010001011101111101000000110100
11001100100000100010010111110100
00000101110010011100101100110011
01001010101100001101101000111001
00000001110100110000111101011101
00010110010100010111010111000111
00111101011000101111001011001111
01100010101011011101001001010100
10011110101111101000010011101101
00000110001001011111000011101101
01100011010001110110111000011110
10001001101010101100111001010111
01111101000111010010110010111001
10011011011010001111001111010110
11011101000100110111011001101010
10001011111100110001111001001101
10011111010001110001001011110101
01011111101010000011110101111010
10001001011000001111101000100101
01100010100111000001111101000010
00101000100010111000001000101000
10000101001101110111001000111011
01011111010100011101001101000111
01100110101000100011100011110011
00001100100010011010000001100110
01001100001001001110111110110010
10011000110000001000100101011000
01111100111111100110101011101011
11000011010011111000001101111000
11001001101010101111110011000101
00100010101111000111011100001001
11111100111010000001110110001000
00001100111100100101001010000101
01010101010000111100111010110010
10000010101110110100100001111110
01110010101101101000111101010101
00001011010110111100100110010100
11000010101100110010010001000000
00001101100011100100001111000111
10100011111010000011011011010111
11110111100101110111101011111000
01011001110011110011110010000011
01000010111000100000110111000001
00000000010011110011010011110011
00011100111000000000001011111001
00100110101110101011100110110100
01101000110010101010000000000110
01100011011100000111101100111111
10011000101001011001001011011000
00111011000111101101001111000100
11010111000110011010110110110110
00111100010110000100000001100110
11111110111111001110110011001000
10010010001111000101011101010110
01010011000011000010001100010100
11000000100010011010110110001000
00000100001000010001110000010000
00010011010011110011110101001010
01111101001111000011110101111111
11111011100010001100110100011100
10111000010101101110011010111000
11010000001011000100011010110101
11001101001011101100101100100011
11011011001101011010111000011110
11000001101010110100101010001000
10101000100110010111111100111010
11011111110101010111010111000110
00101111011101100111110110100111
10100110010000100010101011011011
00101011001100111000100011100111
10010001110010101111000000010111
10100000000001110011000000110011
10101110010101010101000010011001
11011011110010111010001110101101
00001101011100110101110001111000
10011100100110001101101101011101
10011011111101010011111101111110
00000111101001000010001101000100
10000010000000011101111010100001
00010101111011000001111000000101
11101110101000011101100010111111
11100111110111010110011100010110
11001011011001010100101101001110
10010110011010111000110111100010
01100010101000110111110001000000
00101000111001010001110100110010
00110010100001100010101011101010
01101001001001000111000010000111
00011000111011111111001010010011
01000010111111000011001010001110
11001101100110001011101101100101
01110011011100010110011010100000
01101001100010001010111110010011
11011100001101110001100010010111
01010000011100000011000101000010
11101011000010001001111111011101
00011111010101000100111100011000
10011010011101000000101001100101
01000100010000110010011100110011
10100000101100010010101101111110
11010011011111000000101111101000
00001111101011111101011111010111
01111000111010010100101100011100
00011001101001111011001100110100
10101111001011001010010010101010
10011111111001010101011010010010
00001001110111010101001000101100
00111011001111000001101000010100
11011011110101111110011101110011
01101110010110010111110000101110
10100011100110101101101100001111
10010001101011000011011000101110
10011100110101111000001111011101
11101010111110101100010100100001
01111100000011000111011100010101
11101110111101010011010011000110
10101110100110011110010101011011
01100101011111101010100111011100
00111001010000100110111101101000
00000110001000110101110000011100
00001111100000110000101011101010
01011111010100001001000111101010
01111000001101111010011110110100
11001011101100111101010011001110
00000000101110110111100001010011
11101101000000010101100100110101
00001101111000100111000101111101
11100100100000111100010011100111
10001001011011010101101111100101
00000010100000011101111001001000
11001011001101011111111110010011
01110110110000000110110101010101
00000010110101101000001100100101
01001001010111111001001010001111
11111010000101111100101000011101
10101010100010110110110010010010
01101100010111101110001110001100
00000101011000000001110000000111
11001010111011100010101000010110
10011011000101010000000010010100
00001010001011000000101010101000
00110111001100010110010110100100
00011111001010010010100001010111
01001000101101001101010101111110
10101001110111101110110111000010
01110111001101011101000010111001
11011000011110011100111111111011
00001100110110101001110000011011
00100001100000000001011111111000
01100101000101111000000001111000
10100010010011110000101011010101
00110010110101011000010110011010
00110011011111100111101110001001
11110100110000011111000101001011
11010110111011001101101110110010
11010110110000100100100100110111
10011000011111111101011000011001
00100000100010001000110110001010
10110010001100010100010001100001
00001001010011110010110000000000
01100011001000100101110000101100
11101100101011100100100010100111
11110001101001100101001101101011
00101010101011101010001111001110
11011000101011010010010010110101
10100010011011000000010001110110
01000101010001011110110101101111
01001100100101011011101111001111
01010000110111100000001101111101
10101100000111100010001110011110
11100000011111000111111101110010
01010010010101110001011101111111
11101111100011010011100010000001
10010101100011100111100010110101
11111001111110110111000001111100
11111110000010111110110111111100
11010011010000100100001011100011
01100001010100001000110000000011
11110011110010010001010101110010
10010110110000011010000110000010
11001101001000000011100100111111
00111110000001011001111010111010
01001011011001010100101100101001
00101010001111101001010101000000
01101111011110100011001110011110
01001111110010101111111110010001
01110001000111100001101010110111
11000001101011101111001010100110
11111110110001011100001001101001
01000001010111110100101101111001
01010101010001100000101101001111
01111111111111110000110010010001
01010101100000000111111100100010
01100011100110011110000100110100
01111100010000010000111101100110
11111101111000100011101110111101
11110100010010011000100100010001
10000110000101100101011000011010
01001000100000000011010100111011
00111101000100100111110010011100
01111010101001111000001100010011
10111101111001110010010001011001
00101111111101000001000111001001
00010101101111111011110010111011
11000000111101111010010011010100
01011101101001101110100000010100
01011011111001110000101001010111
11110000110001111000010010000011
11110001101000011110011100110001
11010111110001011001010011111111
10111011011111000011010001001110
10000111010010111010101110001110
01101111001101100100100111011111
10110011000100011110000000111110
01011011011110000100010000100110
00011001110100010111010001001000
11011101010111110110101100001101
00011001001001001101101000000011
11110100111011101010110000001011
00101100001011010001000010001000
11011100011100010010001010111111
01001001010111001101011111100100
00100100111100010111010101100010
11011000111011011011001110101100
00111111101000110101111110000010
10011010000010011011101111110100
10111100010000010010100001000101
11110111010000101100100000011001
10001100101011010101010010001010
11010001100001111110101110000100
10101011010111010000011110111000
01011011101110100111100111001110
10011101000101000000111100000010
11001111101011010001010100001000
01110010001111111100101110010010
01101001100111001010001101001111
11010010010011110000000111100110
10000001011000100001101010010101
11010001110100011001110100110000
00001000000001010001000110100001
10001001100011011011110100001000
00111001100100000000010110011011
10010110111110111110011011100110
11101000101000001110000011100111
00000001001100111011001011001011
11011011111000001011101011010111
01000110100001100011000010111001
00101001011111000000001000011000
11100011110011001100111100100101
11110001111110101011000010011010
01101110000110111110110101010111
01001001000100010111100100001011
11001110101110011110010110011001
10011110011100101110000010100101
01010011010011101110111100010110
11001011101111000101010011101001
11110110001101011001011100100001
00110011010000100001001011101001
01110011110010100011111011001100
10011110111101111100110001011110
10111001100110111110010101101111
10000001001001001010101011111010
10110010001101111010110011111110
10111001000000100000101011111000
00011101001011101001001011010110
11000100111100101011100100110111
11110110001001101100010110010000
11110110100000010101111000100100
00111100110110110010000111110001
10101111101100101011001101010001
00011000110000010000001011000110
11101001010000100101111011101011
01101110000101010100011100100000
00101110000010101001001001110110
00010110110000100001100101101010
00100100111110000011101110111010
11011110000101011101011001000101
10110110101000011110001000000000
01001010001100001010100100110000
11000010111001001000001000010100
01001101010000111000001111110011
00001010011110000001100110100110
10101001000011100010000011000011
00100001001100000000011001010111
10000101000101010101000100110101
10101010000111111011100010101111
01111010101000001010111100011010
10101101111110010110101110100111
00110100100101001110010001100111
01011111111101111100111110111010
10010101101101101101101011011011
00000110001110010011011000110111
10011100010000110000101000010000
01000000001111101111111111011100
10100110101100000010111000111010
01001110010011001011000011110110
00110011111101101111011011110100
11010101101011110001111111011010
00001101101000011011111011100110
10111101101011010011000111000100
01000101010000010110010111011110
10101010110101101010000000101110
10001001100101001111010110100010
00110100110101110101011111010010
01101111111100011010110010110111
10110101001110001000111101010110
01000100011101011111110110101100
11001000010001111110011001010000
01000011001010100110011100011010
00011011101101010000100010110111
01101011111100101101010011100010
10101101001010110000111001110010
11101001100000110111010100011100
01101100010010101010100011110000
10000010001110001100010000011001
10010100010010111110110110101100
10000111101011000011000111010000
11100101101101110110001111011110
11000100011100110100000010101101
00001110000101110011001000011000
11010101111111100100100011001010
11011000000010010101011001001011
01000111010111000101011000010010
01000011011110000011001100000101
00000011100100100110010110101001
11011010000011110011010101111010
01010110101010111111010101010001
01101000101001000110011111110101
01101101110101001000100010000011
11011010001111100101111111110000
00011010111101110110010101010010
10000101000010101011100011101000
01111100001111011001010001111111
00011000100000110011101010001101
10000010111110001101010010001111
01000000010100111110100111010101
00101001111110000001100110010010
01001010111110110010000000011010
01000001001100111101001000110011
10001001100101000110001110101101
11111101000101011000101010010110
11000001111110111000101000100011
10001011011110110000110001010101
11010100110001101001101011100101
10010111011010111000000110001010
10000100010001100101001100000101
11100111100001000101011010011010
01101001101001001010111111110011
01010001100010110101100000010011
10010010000110000100110101100100
01101100101100011010011001010001
01100010100000100000101110010001
10010000011000011111010101111111
11000011000110000001000000001101
11101011001110111010000000101101
01110010000010001001110111111111
11011101010010011101000000111010
11100000110011001010011011100001
01101011000010111111100010000001
01010011010000110111100110110001
11001000111101001101111101001110
01111110000011100110111110101001
11101011001110110011010100001011
00001011110101100000110111011101
00101110001001010010011101101101
01010010001100010111100110111010
00001011101010010001100110011110
00010001100111010100001101011100
01011010111001010101001010101101
00111011110010111101001110101100
11001010010000001101110010101010
11110001100110101111000000000011
00101011000010111000000111111110
11000001101000100111111001010100
11000100110011010011111010001100
00000010000100100110011010011011
11010011111010101100100101000111
10100011000010000000001110000101
01111010101010010111010000010000
00010010010011001111111111000101
10110011011101001011111100001100
11000010100111010000001100000000
10110100111100000101110000111000
01001011001111010000001011001010
00000101101010010011100011001101
11001000100111011010110110001110
00100010001010111110011000001111
00011111011011100010111010111010
10110010010101001111011100111001
01011000100010100111110001110011
00001000101001110011100110111100
01001000111011001011011101100010
11000100001101001001101111101010
11111111001000010001110101100010
10000010001101010101001101000010
10000011101110111011010110111000
10111000000100010001010010110010
01001101010000100010111100000000
10110001010000010100000101011110
01101110110110110101100110011100
01011110000011101101010101101011
11000100110100101100000110111000
00101100101010110110111011001011
00011010000101111111001011000011
11110010010010100110111000110110
10101110000101010001110110011010
00000111010101101111011111011001
00001110100011111001101100001101
01101100000111101111011000111101
00010110111110101000001011000111
11111101101010000000110101001011
11000001111111111100111011111111
01100111111010100000011011111100
11001000010110001111100011010111
01001101011011110111101000101100
00010111001011010111111000101011
00100101011011000111010001110101
10001100100100011000001001010111
00011010111110100110111101101010
00010111100010000000111101111110
01111000011111011110101100100001
00000000010001000010111110110001
11000011011111101001100011101111
01111110110101101001011111000011
00011100000001010111011011010111
01101101001010001111101010100100
10111010110010101000010110110111
10111000110010000110010111010101
10001111000110001001011010111100
10010011000100111001100100100101
11011100011001001101110100100110
10010110000011101001001110100101
11011000000010010010110000100101
10010001001011001111010110010110
00100010000011001101100101101001
10011111111110001100010000101011
00100111001111101011100101011000
01010001110010111110100101011100
11011011110111101010010101000111
00101011110010010000000000000010
11001011111011100000010101100011
10110110101001110011011010110001
00101011101011101111010111010100
01000010001001011010001011001011
01100000110000101010101100110010
11011011001100011101000100000100
11110001011000100110110101100010
10101100010001100001000101111000
01010101111101111101100110100011
10001100101011101111001100000101
00111011010100101110111000100011
00111011111010011000000100110011
01000110100010101110010100111011
10111000011000000110010111000110
11010101001100101001101011111010
11010001111100010001101100101111
10100000011010111110111110110101
11111110001010101010101110111000
11000010010001001000001100010000
10001001000001010111111000010011
10111010001010110010100100000100
01001110101111001000111010101111
11001000110100110101000010100001
01101100101110010100001000111111
01100101001010111101100000100110
10100001001000111100010101000001
11000111110111110001011011100000
00101011010001011001010011001110
01000000111001100011001001001100
10000000000111100010001000110010
00011100110001001011000100000110
01101001011110001101000111011010
00000110011110001000011111010110
11100010000010001001110101100000
00101001110110110110000111011111
00110010111000110001111001001100
00000101110010000011011100010001
01011001001011001010111001110000
01010101000000000111101111000110
10101110110000001110010110001011
11110010110000100000001010011000
01101000010101011110011101100101
01110110101111011101001111110101
01000011100111001000001100110110
11001001101110010010100101101110
01000111000011011011111100011010
11011101110010101111100101001100
00100100000000001010111110001000
00100100101100001011101110110011
01000100101001000111000110011100
01000011100111001110011001010011
00001110111101100001001011010001
00101101100100010010100011011100
01101011011011100011100001111100
10100110110101011010101101011110
01110101110100110111100010000011
11111000101011100100110001110011
00011001010111011111110001100000
00101110000011000000101100001110
01111111101000110110101010110010
00101110111110011110000001000000
00010001010101101100111110110001
01010100010010000010110101100011
01110101011110000111101010111000
01111010011011101010101110110011
10001000001100110100000011111000
11011011011111010110101101110011
10100111111100000100010111100101
01011000000100110011010000111101
00001010010101001010111111111010
10111001111101111110101110111000
01001011011111100101011100001111
00010110101111100111001101001010
10011111111001010000101010100001
11111100000001110011100010111101
10011101010101011000010111000000
00000010011001111110001100010100
11001001100100011011011111001100
01011010011001011100011110001111
01110110001110100000101000000110
00000110000000000111011111011001
11110100010101010001101001010110
10000110011011010000010100101011
10011111001111100110000101100010
00000101011100110101000001001101
10111101000111110111100000010100
11111100000101100001000001100001
00101001010110011000011101111000
01101101110010110111100100011100
11110001001010000110000110000010
11111101101100100110100101001111
01100001011011111011010110111100
01101101011100011001001110001000
01000010101000000100101000011101
00110111110001001000101010010101
10010000001110001111111010101110
00101010111001001110110011001101
00111001101100001001101000110110
10000110010101111011110101111101
10011011010111010110001111111011
01100011010001010011101000001111
00000000011110010000101001101000
11001100100101011110110011010010
00001111010110111001000000101100
11011111001111110110111110011101
10001110101011110011101110010101
00110011011001000000101111100111
00100100000010011001110100011001
01101100000110111011000111010101
11111100011001101010011001110011
00011111110100101001001110011100
00100110001101001010000110010010
10000101101110011101100101101100
00110001000001011010101001111100
10001010101010110011000000011011
00101000010011110011110001110111
01010100101100110000000000000000
11110010111000101011100011011001
00010000001010100111100001110010
01001100100011110110111110100000
00111100001001001101111010010001
01001011011011100100111001001110
11100110111110011000011110000010
01101011111111010000001101110110
00010100111010110001110111100101
01100110101001000100010100110001
01011011000101010101110000011111
01010010011101101101001100000100
01100000010001110011000110100111
10110100100110111010000101111111
01010011101011001011111111100110
11110011110011000111110010111010
10001101101001001001000100101000
11011110110011011010101000101111
01001010011010011110000001111001
00010011000000011010111011101101
11010010101010111110001100100100
11100100000101001101011111011101
11101010000000110111001001011111
01000010010000010110100000101110
00010011110011001010011001110100
01111001110010111001001100100011
11110111011000011110000110111011
00101101111011010000100000010101
10110010000110010011010001000110
10111011110000100010111100000110
01100100111010000110110111010101
00001001000110011101000100000100
10101110111100001111010000011001
10010111001110101110101100111011
10101001101110100101111001001010
01011011111000001000101010111101
00100100101111101101011101010101
00011111000101101110011001001001
00000001101110100011000010100000
11101110011111111011001010010000
01100011110001111100011111000011
01110110001000101000011111111010
01100111111101000101111100000101
00100001010000100000000110100100
01001111110101100010010000011000
01110100000010000011100000001011
01101011110000011110100111001110
00010000000000101010001110100100
11111010100000001000100110111010
11100100101010010000001100101000
10011101000111001110110000001110
10100100000001011001110010000101
10111101000011010110111101101000
01000100010011110101101110001110
01001101011100011000001110010010
01010101101110111110011000100011
00011010111111001001110110110001
01011001100010110000001001100110
00101111100110000010010100101111
01010100000101111000100100011000
11101000100110110110011101101011
01111100011101011100000001000000
00010101010101001111011101011100
10101110110100000111001111111100
01101010110110110101011011010101
10010010110100001011001010000101
01001111000011100010101111100010
10001101110101100100110101111111
10110011111111000110111010000000
01100011100011111100011111000011
00000110000111100001110110101111
00010001100100111011110100011010
00110100010101101101010110100000
10011011110110101110010111000011
00011000001101000100010100100111
00011110110101010011000001011111
01111001001001110110001010110001
01101000111100111010001110100111
11100110101000001010010110101111
01011010101110010001110101111000
00101110100001100001100100000011
00010010011010011011001100001011
00101100100010110110001001101011
00111011001011111001001010111100
11000000110110101000100001010000
01110011001110101010110111110110
10010000010100011001101111110001
01100111101010101101000100100101
00010000101011101011101111110111
00010001010011100111010101110111
10101000111000100111101011011110
11100000000110011000010101100011
01010011110000100010001100010100
10000011001101000000001101011001
01011110100110110010011000011000
11010011001101110110011000100011
01100110100000010010110001100111
10111101010001000110001011111001
01000010011000100101011110001000
10110100110110000111101010001101
00011011010001101011001100111101
00010100011111000000111101011110
11001100100010101011010000110100
11111011011000011001000011001111
00101011100110011000100000110000
11011011001100011100111001010100
11101000111111110111111011100010
01010110101101101100000100011100
01110110011010101101000010110011
11001011111110000110010101101001
00100011000011011011100000001100
00110001100110110010110010000111
10000010010111110010001100000011
00010101111010011101011001110101
11001100010001110110011110111110
00110111111100100110001110001011
00000011100011110111010101011001
01011010010011110011011110011100
01011111001001000010100010001110
11110000011011010010111100001101
00011000011110010100000011111001
11110101001100010100010110010001
10010001011111001110100011100100
01001001101110011011010100000010
10001010001100100111011100010101
01101101011000101011000101001100
00001100001000001111111110100011
10110101011110010011011110100010
11111000000000111100101001110100
10000111111100011110000101011000
01011010100100000011010110110010
01101111010000101001000111001011
11111101000011010000110001100111
00100101001001010011011000111111
10000000110100100100001111000101
11000011100011101110110101010000
01000100000010000000101110011100
00011101010101011001010000000101
01000101000001100100011100011001
01100001000011111100110011000001
11100011000110111111111111010111
01011000100101011000001101000101
10001111110100011100111011110111
00111001000110110100000101001000
10000110110011011100010110011001
01000011111010101011101001101110
11000111011100100001010010111011
10010000010110110110000000101011
11011000010010010100000000111000
01000101000000111100001001010111
11110110110010111110101101011001
10101100111011000000010101010000
00110101100001111111001011110001
01100000110101100001011101100001
10011111101111011100111000001100
10001100111010001011000111001000
00010111010110000100111100001101
00101111101101100001001001010101
10000001010001111110101011010111
10110110110001111111111100111100
10100010101101101001100100011100
00101001100111010111010001101000
00000111011011011101101011111011
01111011010010000110101101011000
10011101100011111100111000011010
11010100110100001101000101011110
10010110100111000001011000010111
10110100101101001101011100010011
01010011011110110111000101101100
01010010011100011001101010101010
01011010010001100000110001101001
11000010000101100110001101101011
10000010101011000100100001000011
01001010010001101101000001110100
11100011000101000010101010000100
01000110010111010011101001011100
11111110110010000010111011001101
11111010001000000100010011001111
11111011001100110110010110010110
10111000110100100111111110101011
11111100010110100011110000111110
00101111001010111011101101101101
11010011110110101011011011000000
11110100010011010111101111011011
01100000001111100000010001011010
01001011101010011111000010010110
11001011000001010100100111110010
10001101110101101010011011001100
01100001000001010101111100111001
10011111111111011100001010010000
11100000000001000111000100010011
10010000001011101011111001101000
10011000110000101101100001011010
11111111111110110100110111000100
10100001011100100110010000110011
01100001000000100110001010111010
11000001101001010100010101011101
01100011010111010000001000110110
00111100000111100110001101001010
00100111011011000011101110000101
10011010111111110111011110001010
10010111110011001110110101001100
00101110111001111011111000010101
01111000000111100010011101010000
10101011100110000010100001110110
10001010010101010010101110001110
00110000001110011001001001000011
11010101101010000100101110100000
10000101100001000011000110001000
11000011011000000010001100111110
01101101000100110111000100001011
01010001110100010111001001000110
11010001111010010111111011101011
00001111000110000110100000010001
10011011001101101000100111101110
01111100001000101111011011011001
00110110001000010111110101010011
00000111010010000010100010011000
11111101100111110101010000111000
10100111010011001111111100000011
01110010011000101101111101000101
00000110110101101010110100001000
00110101000000010100001000011110
11001000010010110011010100011011
10010011101111111110101010010000
00000100001101000101000111101111
00101000110011001101100110110111
10010001111100010010000011010001
01110111101000101000011111010110
11100110101101011111011000011101
11100110010100100001010110101011
00110100010001110111101011000000
00111100000100111111000001010011
10111001110010001100100100110100
10000111100001001010010011110011
11111000111110100010100001011100
11011110101100010100010111101100
00110010110101010011100010000011
01111100101011000010110010110100
10011000110101001110001000010001
10101110110000000101010001100100
00101100101100010101110010010001
01001110110101110000111100010110
11010100101000010001100000111101
00010010011000000000011110100100
00001101001100110111001011100111
00110000011100001101101000001110
11010100101000101100000000100101
00000000111010100001010100110101
01000001110001111000001001110011
11000001010011010100010110001001
10000011101100000110010010001100
00011010110000010001100100010111
00111000110110000000001110001101
10100100001001001001111011111101
10101111100011111111000100100111
01001101101111110100000110100100
01011010001101010100001111110010
01110001110111000001111011111101
01011000011100111111000001100010
01111100000101110101010101111001
00001101101010101000101111101100
10101011001111101001100000100101
11111011110011100101010110111111
01010101000011101101011100100000
00100001100000011110101010010000
10101111001100111010011101010010
01110011100011010010010001100000
01100101101011000101100111100010
01010111111110100011101010010100
10100101010111101001101000110001
01000101000111001100110111010111
01100110100101011011100010111111
01110100100110101000001001000010
11111010000000100100010111011100
00100100011110110100111001111010
00100100111000111001010011101010
10010001000011000010101110001111
01000000000010111101010110010111
00001001110010111101111010110100
10010101101010100010111100010001
10000010111011101110111010001111
11111010101000111000100010110101
11110011110011110100100111000110
11011001101110001111011101101101
11100010111110001100011111100101
01111010101100011010110011010001
00000000001100010001110001111010
00110111011111110010100000010000
10110111010110011111011000101100
00110110110001101000110000101110
01010101111110000111000011110100
11010110100011000100011100001010
11100101110101011111011100111111
00000011111110111000011111010010
01011110110100110100110111100000
01011110011100001000001000101110
00110010011100011011001010110110
10011110001101111101110101000000
10000011000010111100110001101000
01100110101101101101001000001111
10101100111000001011000100111110
10010001010001101111001100011101
00100110001110110110111101010010
01011110100011101110100011000110
01111001001100000111001010001111
00010110111101110010111110101010
11000101000111000110010010111100
11010110011111100000111111011110
01001101000101001001010000111110
11001000011001111100110000000011
11001100001001110111011100001010
10011000101100010110111011111000
01111111101111110110111101001100
10101111111111001110010110010000
11101010101100111010110001010001
10000011100010011100100010111101
11110101010001100100011011011110
01010101101111101111000010100110
11000000001100111110111011001100
10000111000011000001101010011010
10011101000001101011010111100001
11111010100101110100001011100111
01110011000111010101110010101000
11010110111110010010010110000101
10111110010100011011011100110001
11001101101001100011100111011001
10000011001000100111010100100110
11101100110110000000110000001101
00101010011001111010001111010011
01011101110000100110000111011111
01001100000110110011001111110111
01000001001110111010100001010111
01001101010101000101011101010001
11001011001001010101101100101010
01010100111000111111010001110000
11111010101100100101011011000100
10011001111000011101111110010101
01001100100111111000100001011000
00011010110010011101000110101000
10101000100010000101000001111101
11010010100110001001100100101000
00101001111011011110011001010100
00100101101111001101110000001001
11111100100001010011000011011011
10010001010110001011010001001101
00101111001101010110110011101001
00011111011111111110111000111110
10001010011000001010110001100111
10010001000011011111101111100110
00101000110000001101111010100011
01000101111011001001111111000101
01011000111000011010000010011110
01111110000001100011110001000110
00001001111000011110100000010101
11010110100100011111011100101101
11101100100011011110110000110011
10100110100111001100010101000010
01110011001101001100110001001110
11010100110001011100001110010110
10110010111100100111111010011010
11100101011110111101010101010101
00000110100111010010001010010110
00101000001011000001011011010011
01000111101010000100010101101101
11011100001000111000100000001000
11111111111101100110111101010011
10011010101111001110110010000101
11001000000000111001110111101010
01010111100101100010000011111100
10001101110100011110101100100110
10110111111100011110000000011110
00011101010111101001011011101000
01000001111010001001110010000110
00010110011110111000001011001100
11000001011010111110011011110110
00111010101101000001101101010000
11110001011011100010010101101001
01101011010000000101010011000100
00000010010101000000010101100111
01000110110101111011100010111100
11101000111011000101100101010100
10010100011011110110100011000001
01011111101110011000101010011001
00110000100011000000111011000111
11010001101011010010101000101111
10111110101000110001110101011001
00100100011000101011100101011011
10001010011100111110001011100010
00001001111101011001101001101111
10000111110100011011101011010110
00100010011111100101100101010111
10100010011001100010000001001100
01110010010000111011101101011110
00001101110110111001011110010101
11011100010101100010010110010011
01001101011001101110000010101001
10111101100001000000110000000111
10010000000011000011000101100000
10101010011101011101000101010110
01110101111110101001011001110010
00100100100101100101111110101100
10010101010111101011001110001001
01000100101000001100100010010010
10010111100001011011111110110011
00010010110000010110101001110110
01000011010111011001101111010000
00101100010110000010110111000111
01010011011000011001000100100000
10010111011010100000101000011110
00110000001010101110010011000001
10111110101100000101101000000100
11111000001001011110000010110111
10010100100011011101110000011111
00101000110011001111001011111000
00001001000010101110001100011000
01110010001000101110110011001110
00010011101111101101010100000111
11010010110110001100000101110100
00100101100111001010101010011100
11010101001011101100101011010010
00110110110100110110100111000101
10100110111010010110000001000111
10101011111001101000001111100000
00001101011100100011100010010000
00001100110110101001100110001110
10001111000011000100101001001100
11010010101011111000100000000000
11100001110010111001100110111110
10010001111111000001010101010010
11000011100110101011000000101000
10010010100001110011000100101111
10001010001000100111110101000111
10001010100001011101011111010011
01111010110010001100000101110000
11100010000101001001010011011111
11110110011010101000101111111000
11010110001101011100011001111000
01010101100011001100101111111001
00000101111101011010111010110000
01001010000110110000111111000110
01110001101101100110000000110101
10100010100001000000010000111010
01101000001000100011001101111101
10100001110001110001001000001001
01111111001101111011010011101010
00101110010100001010110001000001
10111001000111111100001010010111
10110101101010110000001011100101
11101000011001001001011100011110
00111100101110011110100010100111
10011000000100111111100110101100
01000110100011100010101010111100
10100010010010011010100000011111
00100010000110110101111000011010
11100010000111100011100000001011
11111101011010110000100110010010
10100110001101100110000001011011
00011100101001000101111101110000
11000111100001011011110010011000
00011111110110110100110110010100
10100011101001111110001110101010
11010011101011111010101100010111
01000011011000000001111010101111
11110100110110101011101000101000
10010111010101101101011111010100
10010000000110100100010111001110
01010000011011100111011001110100
11011110110101011110011010110011
00101011101100001001100111101011
11001011000011001000011111110101
01100001100100010001101101011110
00000000011000101000110000000111
00111111101100011111101011101110
00010111111101110010111000110010
00010011100001111010010011000101
10010101110111110001101010101011
10101100010011111101111001100011
01111110010111111101001011111100
00110111001000110010001100100100
00000000111010111110100010011101
01110010111010010010100100110101
01111101011010010011100011111010
11000010100101010010100111101110
00110000000111011100111011000110
01101110101000100111101000010111
11011100110001011111001001110101
11011000000100111110101101101000
11100111011011001000001011010110
10001101001111111101001010111101
00101010001000011011101101000000
00000011001000001100001001010110
00111000100011110101000100111110
01100000010101111110011010100010
01100010001111100010100110101110
01001111110100001010000100001101
10010011010101111111010000001000
11011101111100101000111111100000
10001011110001100111010100101010
11111000101110000010001100010100
00000111100011001011111111100111
00010000111100110110011010111000
00110011000011001110000110010000
00000001001111101110001100100000
11100000110011010001111100010101
00101111000111101110111100001101
11000000011000110010110110110000
00010011000111001110011011111010
11110100110011001101101111101111
00101010111110010100100001101110
10110111111100000010001100000010
01111010000010101011011100000001
01110111000101110111111111010101
01010101000000010111001011100010
00001100000001101100110101000110
11011100110010100111100000110110
11110011010011100000111000110110
00111100000101110110100001000001
01101010111110100010111011011100
10001011001100100100010100001000
01101110100010010110010111110101
11101101111011011101111110100010
00000111000100011100001111001110
11100101011101001110100001001110
10110100110000100101011100010001
01110111001101001101011011101011
11100011011101101100011110111101
01001100110010010010100000111110
11110111101010001000001101010011
11101000110011100111110001001011
00111110011110111111001110011100
11111000100101100111110011100010
00000100111111111111011110110011
10000101000010111100011101000100
11110101101010001000010100111111
11110101010101010100000110111001
00111101101100100000001101000100
01111001100100011000000100111101
11000111001011001001000110001011
11101101000110101100101111111010
00001111010001110100110100011110
00101100111110100001110101111101
11111101001101011101111000000011
10010111100111000111101010101101
11110010001000000110000011001001
00111111011000101100111101110100
10100011010010101001000101001110
10000100111001111101010101100111
01111011010011010111111101101010
10101011100111100011110111111011
11110100110011100100011011011100
11010101000101000001101100101111
00000010011000101011000010001011
10101000011100100010101110101101
01111100100001001010011011001000
10100000000100001000111010000111
01001110101010111101000110000101
11000110010001001111011110010010
00010110101000011011110110000000
01111110111000110101111110111110
01010001101011011010001011101001
00111011010100001011101000111011
11111011111110000101000100101111
10011001011001111110110011011101
00111101110111100001001001000011
00000000100010001110101101010011
00110000111011000111010011100010
01010111010101100010010101000111
00011111111100010110011100110100
11110101010000101101101010010010
01001010111101111000111101011101
01010100000010100111010100111010
01110111011001000001111110110000
01111010111100111001111010000001
00100010101101100100101010111000
00110111011000001110010000110011
10100001111100000000001111001101
10000101111111001101001100011100
11111101111111100001001000000100
01010010111110110010001001001001
10110100101011100100011000010101
001000111000000001deg=44497
deg lcm poly = 44512
weight = 19741
10000000100000000000000000000000
10000000100000000000000000000000
10000000100000000000000000000000
10000000100000000000000000000000
00000000000000000000000000000000
00000000000000000000000000000000
00000000000000000000000000000000
00000000000000000000000000000000
00000000000000000000000000000000
00000000000000000000000000000000
00000000000000000000000000000000
00000000000000000000000000000000
00000000000000000000000000000000
00000000000000000000000000000000
00000000000000000000000000000000
00000000000000000000000000000000
00000000000000000000000000000000
00000000000000000000000000000000
00000000000000000000000000000000
00000000000000000000000000000000
00000000000000000000000000000000
00000000000000000000000000000000
00000000000000000000000000000000
00000000000000000000000000000000
00000000000000000000000000000000
00000000000000000000000000000000
00000000000000000000000000000000
00000000000000000000000000000010
00000010000000000000000000000010
00000010000000000000000000000010
00000010000000000000000000000010
00000010000000000000000000000010
00000010000000000000000000000010
00000010000000000000000000000010
00000010000000000000000000000010
00000010000000000000000000000000
00000000000000000000000000000000
00000000000000000000000000000000
00000000000000000000000000000000
00000000000000000000000000000000
00000000000000000000000000000000
00000000010000000100000000000000
00000000010000000100000000000000
00000000010000000100000000000000
00000000010000000100000000000000
00000000010000000100000000000000
00000000010000000100000000000000
00000000010000000100000000000000
00000000010000000100000000000000
00000000011001100000000000000000
00000000011001100000000000000000
00000000011001100000000000000000
00000000011001100000000000000000
00000000000000000000000000000000
00000000000000000000000000000000
00000000000000000000000000001000
00001000000000000000000000001000
00001000000000000000000000001000
00001000000000000001010101001000
00001000000000000001010101000000
00000000000000000001010101000000
00000000000000000001010101000000
00000000000000000000000000000000
00000000000000000000000000000000
00000000000000000000000000000000
00000000000000000000000000000000
00000000000000000000000000000000
00000000000000000000000000000000
00000000000000000000000000000000
00000000000000000000000000000000
00000000000000000000000000000000
00000000000000000000000000000001
10011000000000000000000000000001
10011000000000000000000000000001
10011000000000000000000000000001
10011000000000000000000000000000
10001000000000000000000000000000
10001001100110000000000000000000
10001001100110000000000000000000
10001001100110000000000000000000
00000001100110000000000000000000
00000001100110000000000000000000
00000001100110000111010100100000
00000001100110000111010100000000
00100001100110000111010100000000
00100000101110110111010100000000
00100000101110110000000000100000
00100000101110110000000000100000
00100000101110110000000000100000
00100001100110000000000000101111
11010001100110000110011000101111
11010001100110000110011000101111
11010001100110000110011000101111
11010000000000000110011000100000
00100000000000000100110010100000
00100000000000000100110010100000
00100000000000000100110010100000
00100100000001000100110010100000
00100100000001000010111100000000
00100000000000000010111100101100
11000000000000000010111100101100
11000111111110000010111100101100
11000111111110000001011000101100
11000011111111000001011000100100
01000011111111000001011000100100
01000010011001000001011000100100
01000010011001000000100010000100
11000010011001000000100010101110
01000010011001000000100010101110
01000001010101000000100010101110
01000001010101011101010010101110
11000001010101011101010010100110
01001011010101010101010000100110
01001010100010010101010000100110
01001010100010011111111000100110
01001010100010011111111000001010
10100000100010011011001010001010
10100001100110011011001010110101
01100001100110010001100010110101
01100001100110010001100010111111
11000001100110010010101110111111
11000010110100010010101110000000
00000010110100001101010110000000
00010010110000001101010110111010
10000010110000001101010110111010
10000011101010000001010110000000
00010011101010000111010000000000
00000011101110000111010010100000
10100011101110001000101110100000
10111001011001000100101110001111
01101001011001001011000110001111
01111110100011001011000100101000
01011110100011001011000100101000
01000001100010001011000100101111
11000001100010000101111100101111
11000011001000000101111100000101
00111011001000000101111100000101
00110001100000000101111100010111
11110001100000010111100110111111
11110001101000110111100110100000
00111001101000001000010110100000
00111111110000001000010110100000
00111111110000101101101010001000
00101110011001111101101010001110
10010110011001010111001010001110
10001101110001010111001010001110
10001101110000111100100000001110
10001110001100001100101000011001
10101110001100100110001000011001
10100101011100100110001000011001
10100101011101000100011000011001
10100010100011000100011000111111
11110110011100010001000111000000
00010110011010001110111011101010
01101001100100111001110100010101
10010110101000000110000000100111
11010010010111010100111111011000
00110111010000101011000010001101
11001000101111101011001101110010
01110111000000010100110011111000
11011111000000011011110011111000
11101001101000011011110000111011
11101001101000111011011010110011
11101001101000111011010011010110
00001001101000011001010011010110
01111010000100011000000100001110
00101111010010100000101010010011
01111001001011110101111100101111
10101100011110110101111001111010
11011010100110000001111000100000
11011010100111011100011000100000
11010011110000011100010011101100
01010011110000110110110011101100
00011101100100110110111100110111
00011101100011110100001100110111
00010100110100110100001101111011
11110100110100110101001001111011
11111011101111110101000100011110
11111011101100001110111100011110
01100101011101010111011101110001
00011011000111000001111000010111
01110100111010100111101101011000
10010010100000011111110101010100
01000001101000000010100011010010
01100010000100100001010111101001
10000101001110011010111100000110
00111110100001110010001010010110
10011001110111010100111000100011
00011111101100011001111011000101
00101101010000011111001100011001
11100001101000100001010111010101
00001100011011010010011001001000
01100001001011001011110110001100
00011111001111101010010001000111
10100100101010101001111111111100
01000011100000010010010000100010
11000001101100101000110110011111
10111000110100011010010101010000
01010010011100100011110111111011
11110001010110001001011110101000
01000101101100101100011100010101
01100011000101011101000001000101
10111010101011101000001111011101
00001111001101110001101000010010
01010110101100110000001011110100
00110000010101000010000101000010
10110111101000100010001010000001
01110001100100011110010000011000
10110010010100101100100111011010
10000000000111010100101100011001
01000010110000010100000101110000
00101100111101010010110100011010
00000000101110100001010101110110
01110000000010110001111000111010
11011010100000010101000010010000
00000010110011000000110011010101
11101010111100111100110011010101
00000101110100100011100010101101
11111010100111101001001001010101
01011000111001011000110100010001
10110110001111001000101111010111
10111110011110100100011100011010
00111000101010110100010101110101
10101011100010110000101110010000
10110010101111110100011100001000
11001011011001000111001110100010
01111000011011001110010110010100
11100100101000000001101010011111
01111101110111001110011000000110
01111110100100110111101110001111
11100111000011101001100100101000
01111100010010001110001111111001
01000101000101111101010000011000
00111101001100000000000110000010
00101100111100100001000011111000
00001101000100011001110001001011
00100101100100110010100010111110
10100000001110001110001011111011
11010100001100011111111000010001
10111111110110100001001100000100
00101101001100101110101010100011
01001110100010011100110111001100
00100001000111001001010101000000
00110000011101011111010011101010
10100110111010101111111001101100
11001111000010001101110100011101
11000011101011000100000010101010
01001010111111100001000010101101
11100001111001010110001001100011
00110111000101100101110101100011
10110010001010001110111110111010
11000111011100111111110010011100
11010011101010100100100000101100
10000011110001101110111000011001
01010101011101011000011100010111
01111110010001000011010101100110
10111111000000100000011101000010
00001001101101011110100001001001
01000101011001011000000001000000
10000000001001000011101101111011
00110111100001100001001111110001
10000101011100110101111111101010
00000011101101000001101111101100
10001010001111101111100010111001
00110011011001101000110010101100
01110000011111101001100110011111
01110001000110111010111001101011
10111010111100110010110101000000
00110001111010010110110011000100
00100000101011110111100110001000
01010000001110111110000011100011
01100101011011010110001101111111
01111110011000011000101100001001
00101101011000010001100100000100
11101111000010000110100100101111
00111001010101011011100100000111
10010000111010010100111100011100
00011001111100010100100011110001
11000011011110111000110111000011
00110000100011001011011000100011
01001011100101010111111101000101
01011011101110111011111111000110
01100110101010100011110001001001
10110100100000101110011101100101
11100101001000011000010100011010
11010111011110010011010110010111
10011010111000100100100110010001
01101001111010101100111011101101
00001111001111100110110010001010
10111001001100111101001011010000
11101000101011101100011011010001
01000101100011001111011111110110
01111101110010010001001100000111
00000101001000110000010001000101
00001010000010100011100111000011
00011000110101100011000010000000
00000111110010101000001001010110
00010000010111001011101100001010
10011100100011000110000001110001
00101111110010111010010000010011
01101111110111011111100001011001
10010101111101110100000001100011
00111100001010111100010100010100
00001000000001010011001010000101
01101101111000100001111111010010
10111101110100101100101100101000
10100100010101111010010110111100
01110011010001000001011010101001
00111111101011101101110110011001
10111111010000101000100100000011
11101010100011001010110100011111
11011010011001100001010111001110
01111110111111011101001110000000
01111110110010010001010011010001
10110101100111101111000110101001
01100101110010100111000010111001
11100001011101000011100101011100
11111100100001111000101000001000
11010000111001110001011111111110
10110001110111000110001101001001
10001111110010110010111010001010
10000100110000100101110100001111
01111001110000111011010001101010
01011011110100000000000011000011
11011001101010000010011001111111
10100111000111001010011011111100
01001110111101011101110110010011
01000110101000000010010011001011
10001011001101101100101001101110
01101110010000010010011001100101
10010001000000011101111110101111
10111010101100001100111011000111
00110101000010000010010010110101
10110100100011111001000111010000
10101000011111101110000001111001
10000100100010000011011001000111
10100111011110101110101110110011
11000101110100100001100011010001
11010011000011111010000110110110
01110010100101000000010010110100
01100000100011110101011110000001
10101100110010111111110000111011
01000100111010010110010100000000
00001001000001100000110011010100
11101100110110101101100010000111
00100000101110101001000110111001
01101111010000101011010111010110
11110011100110111101001111111001
10111011110010011010011010110000
01101101100111001100011000000101
00101011010110000000111001010001
10111011111111101000100001100011
10000111010110100011010101011101
01100101011000000111110111011110
01111000110001101111010000010100
01000110111011011100000100001011
11011110101011100101100000011101
11110100011100101110011100001110
10000001110011101000001111011111
01011100000011010000101101101101
10001101111000101011110101110101
01010111111100101100111000001101
11000000100100011001100101001111
01111110011011001000110000111110
10011100011000100000011101111101
11010111110100100010000001011110
10101011000100101000000110111011
01101111100111100001101000011000
10100110111111011100011100010101
10000010001100111000111010000010
10101111001000011000011001010101
00111000010000010010000111011100
10111000101110001111001000001011
11100111000000010011000100111110
00010100111101101110000010011101
00000110010000010100111000000011
10111101000100100010111100010000
00000001001010111111100010000011
11110011101010101001100100001001
10010011000011101101011111100000
11000000100001100010000010011010
11011010010110100100001100110001
01011001011111011100111100100100
10011110011000100100111000000011
01101000111001111000010011011111
01110100010011000000000010101111
10100100111011110111101111000110
01100000100100011010001111101011
01111111111001101111100110011011
01001001011011000101100110011011
01010010000100001001011110010111
10101111001100111001010010010011
01001000001111011001101010110001
10111011110111110000111000100101
01000000011101110101001100100111
00100101000101100110100101100011
10001011111101100111110010111110
11100110010101111101110001111010
10010001101001110001101000011110
11001101001011111100101010110111
00010111101101001001001011111111
00011110001001000101010101100111
11101110000010101101000001010010
00001111000000011111101010011011
10001001000011110100001001010010
00100010001010111111000011111111
11110100111010110000111110010011
11111000111110010110111001100011
00010001001001101101101101001101
00010001001101010001101001101111
10110011001101000010001000011001
01111101010111100111101101110111
00011101011101101000100110001110
00111111100001010010010000111011
01001110111010101011111000010110
10111111101110000111111011000111
11001011001011011101001100111110
00111111000111011001101000010011
11001010101110110101000011011011
01000010110000100000000111101100
10100101110101001000001001101001
10010101100010001100101011100000
01101011111101000001000000001001
11000101110001000110101001111011
11010010010011010010011001000000
00111111010010000110100100110101
11110111001011111111111000000101
00101111001001110000001011001111
11000101000110101101111111101100
11010000010110001101101101010101
01000100000011001000000000110010
11000100101000110000111101001001
11001011101001011001110110010011
10111111101010100010000111000001
10111010100100111000000111010101
11101001110100010011011000100100
11000011001101100010011010010110
01000001110010110111011100000001
01000111010010111011001111111111
01010111011000011001000110011111
11101001110100000101001010001110
11011000011010010101101011011110
10111110100101111011101000000110
01111001000111111110100100000000
11011000100111100000011111110000
10010110000000001101000111010101
00100001011101100001000010011001
10001011111111101110101101010100
00100000111010010111101011110001
01000100000001011001001101111111
01000110011111001101010010111111
11111011010110101010011000010101
11010001101010011111101101100111
11010110000010101010110001111001
01010011000001101000100001100001
01011000011110010111111111110100
11001011100011010110111100011000
00110100100010110011110011000011
10100010010011111001000100111000
00111101110000010110100101000111
01111011001000010011111101110010
11010111111101111001001010100100
01001101001110110101100011001111
01101010000000101001000010000001
01001001100001010110110001010011
10010100000111001001100001000111
01011000110010110101000010011111
01110101000001010101010110100101
01011000101010011001111011011101
11011101100001001010000111110111
01000010000000010001000001010010
01101111110100110110000011000110
10110011001010000100010100011100
00010101001101011100010111101001
11111111110110000001110111000011
01111000110000100110010110101000
10000010000000100000001000011110
01001010000000101000001010111110
00010010000101000111111101101000
11110111011111110100111110100000
11000000110110100001011101111101
00101110000000110100011101101110
10101000010000000001011011000001
00000001000101100001110101011010
11110010110000100101001100001111
11001001110001001000010110011110
11100000000100011000011111111110
10111101010101011101001000100110
00000010110010110010110111010101
00101000001011110001000101101110
01000100101101111010000101000110
01000000001011101110110111011101
01110010100001010110110001111010
00111000001111000010111011011111
10100001001100111011011011011000
10010110010011110100010111010011
11100111000000001011101100101100
00010100111000111101100011011101
01110010011110011000000110000110
10100000011011101111011111111001
11110111011101111000000011011001
11001101010100001001000100001011
10001000111001101100011100100000
00010011000001100011111101101010
00000000010000100011001010010101
11110001000010101100111000001001
01100110001011001010111011001101
01111000111001111110101110111110
10010100010110010001010100101011
00101000111011000101100011011101
10000011011000110100110110011111
00101111011101010000001110111001
01111100000011011110110000100111
01000101100101011001100010110000
01110001111001000101010111100000
01110011101110001101000110001010
00000100010000110100000000101111
10101001100100011000111101111011
01100000001001000100010001101100
10011011010000101110100010111110
10110110101001101010100101001101
01110010010010110101111111010000
10111101011010011001100001010110
10100011010010100010111101110101
10101110101101001011001000001101
10010011111010100011000001011101
00100011011000100001100110011110
00111011101011110000110111010110
01001101110101111101000011000010
00111001000010011100111011100001
01111010001011110001100111111011
10001001111010100111000000101111
11011001101101111111100111100100
11111110111000000011001101011011
01101001010000111010110001100111
01011111001111111101100101010110
01000111001010000000010001111001
00010011110101111111000111000001
00101001001011011001010000111101
00111010011010111101011101101110
11100110110010111000100000011100
00110101111001010011011110111010
01000101010001100110110111101101
10011101011000111111000110100110
10110111110001011000010001001111
11101011011110110001011001001111
10010011000111001001110001011101
00000100110011010010000001110000
10001101100101111011000000100100
01011000011101011001001000011010
00000000111001111000000111111000
00101010100101000011010101000111
00000100101000010100010011001011
01010001101000101111011110111000
00000100001110110111000000000000
11101111001110100101110110101010
01100101101010111010110011100000
00111100011010100010001001001000
11110100011110010100101110010101
11010101101011000101001010000110
00101010111110010010100000010001
01001000101011011011110110011011
11001100100010010001001100110001
01101010110100110111001110111101
10110001111000010001000010001001
10000111000101001000011100110111
11010010011001011010010100001110
10011101111000110110100100011001
00101111110011110000101100111010
01000010101011000010110011011100
01001100111101101011100000011100
01100010101110111010101101000110
10000011111001001011100001001111
10011001011010000000110011011111
10011001101111000001110011010110
00101000100110001000111000100011
00010000011111010001011110010001
00001001101100111001111001101100
01100101010001000011011101001101
10100010110110100001011100101100
01011010011010110100001001100010
10001010001110101110110111000100
11100111001000110000010111110011
11100100000001000100000001010110
10111001110000110110011001010111
01101000001111111010111110110001
11000101010100110010110100011101
01110101110100000111100111000000
01011010010010111000011100000110
01010101001001011110101101010001
10000110000011000011001001101101
00011110000110010011110010101110
01000111000000001100010000101100
00111101100000111101001001101010
01010101110000011000001100001111
00110101111111011001111000110101
01101000110101000111010001111010
01000001001100001110010101001111
01010001001001000001010101101101
00100111010101011110111100010101
11011000111000011000000110000101
01101100101111110011100100100100
11001001110001100100111011011100
00000010011001010010111011111100
11110110100101101111011001011110
01010100100001100100001010010101
11010100110000101011011111111101
01001101011001101111111111011001
00111011001010101001011010101001
00011010111111011001111001101011
11010010001100001111101010111010
10111110100011011110000100111000
10111000101000101111111010000111
01101110011111000111011011010100
01101101011110100011111110001100
01000010001011100110010101010001
10100101000011001001001011110101
01111010101101001001010011110111
00010110000100011000010001101000
01100000000101000111001111111111
01001011011100100010101101000100
10001010010011110000110110010010
10010000000111000110100011010010
01110100110001100100000001110110
00011011100111000000000001110110
11101100010010010001110111111110
00100011010011100100000011111110
10000001000111010011100111110000
11101111001100111001111001111000
00010010001100110011111101101001
01101000001000111010010110111111
00010100001101101111100001110011
00111011100100110100000010100001
00101100100111101110010100010001
00100101101100111100101000011110
10111110110010100111001110001010
01010100100010110101100010000001
11011000010111000100110100110110
00111100111010010111110110110111
11010010100011001110110010010000
01100110000000000011101101000010
01111011010111110010100010000110
00001100110101100001000010110010
10010100101011001111111001000010
11101100011111100011101010101011
00011011100000110010110010001101
10011011000000110111111001101000
00001110110010100111110111001011
00010011000101100011101011101111
01111111110000011011100100101100
00011011101011011000111010110000
11100011000110110011100011000110
10000000010001111000011000011001
10111011010111101100100111011110
00100011011111011011100100001101
00001100110001100111011110111100
00000010100110000101100110011101
00111000101100100101011010001000
01110111010100011110110011110011
00100100001100000111101001101000
11011101100110110011110100010110
11010010000101010100110100001010
00110111000000110011100100000011
10100111111001101001011010010000
00010110011111111011000010100011
00001010110010101001000101101011
00011100010001110100001111001110
00101111010010011101000101101001
11110010111000100101100110011010
10011110110100100010101110011000
01000110111001010100100101001010
10001011010001111100011010101110
10010000110001101100000011011111
10001011001001001101110110011101
01001010000000010101110000000001
11001001001111001111100100111000
01111110111010001110110111110011
00010110110100110010011111011101
00010000100010010100101101100000
10110011000100100010011001000010
10101011000011101111000010100001
11100110000001101010011100001001
01100001100011110101010000111101
00001010011110111001110110100000
11101011110010110001100001010001
00011011011000100110001100100100
00101010101110001100110011101100
01000010100110000000010101001000
01011110010101000101001010101001
11101000101111100001001110011111
00000101101011101000010010110001
01010001011010110111011100010001
00110110000010101010101110010000
11111010001001011011101011010111
00010100011001011000110111111011
00011001100001011000000110101101
00011110101101101100011100110001
11100101110111010101111111110001
11111101010100100011001110111011
00101000001100110011001110101110
11000011100101000000000000101101
11010001101000000110111001111101
10010101011101001100100100111100
10110011110110100110101010101101
01000001001000011000010011111110
00100111101010101011101011000000
11111010101100111001000111100011
01011110000100010100011110001100
01110100110100111110010111001010
10101111101100001110000101011010
00000110101010100000001010100101
00111100000010100111100110111100
01000001110110000000010111110000
10101110100101110001101000101110
01101011000100001100110101110011
11101000011001000010001111001010
01010101111001110010000001110111
00010001101110100101111001010010
11010100111100010010101001101101
01011000000000001110110011011100
10000101110001101010000111111100
11000110011100000111100111111111
01111010100001100100100110110100
00100001111110011111010011010011
01000111000011011010101111111111
10111101100000010010010101111011
01101111000111011011011000111001
10010000011011110011001011111101
10000111001011111101111011100101
10101001001101011101111010010100
11101101001100010000000100000100
01001111010011001101010001001011
00011100011011001011001011101000
11110110101001001101111100101011
01001001000000111001000100011110
01010001011100111111101001100001
11001111010111010101101000101001
11001110001001000000010101100100
00111010100001011011000111110100
10110011101110101001000101100010
01000101011010001110101010110011
10011000010111001011111001011010
01010000101111110000110110000111
11110111100011110011101110100100
00100110111100110000011011001101
11010111001100001010110010010110
01101110100101101100010000000101
00001011111011000100011110110111
01001110010010110111001010001011
00100110000001001001001010111010
11100100100000011000100100001111
01010101111001001100011111010010
11000100010001100011010110100000
10000000101111100000101100110100
11010000000011000110110010100100
10010001100111010110011011111011
10001110100101110011010111011100
00101010100000100111101000100110
10110101101101100011001110010101
11110010100011010001010111001000
00011000110010000100110101100011
00111001111110000110001000101001
10101110111100000000011001101100
01110010101101011000011000011111
00111011110011110010111101100111
00001101001001001011001101010101
10101110000011101101100110111110
01111110100101001001011000011111
00101111011001000001110100001110
00001001110110110011100101111110
10110110010010111111010011110010
10100011111000011001011000011110
01001000001011100111111010101010
01011010010001000111111011000101
00101100110100000101111111100010
00110100100011000000010110011110
11011110000111111011001110000110
01111111110111100011100001101100
10011101010010010111001110001011
10110111111011100110000110001001
10010110111000011110011110011010
11000111001111100110001100110111
01011000010011101110011101000000
00001101011101111110111001010000
00000011011010010100111101000011
11010010000000000001101010000001
10000010100001010100100010000100
11101101111000111001101111001011
00100110110100010111010100111010
11111100111010100100001100011101
01101110100110101010011001001101
10110100011101000010100100011011
00100010101001000001110111101110
00100100000100001001001000011101
11000000011000101011011001000110
10110001110110111101001111100001
00101110010011011000010101011000
11100111000100000010000111011000
00010011001100010001000001000000
11101010001011101001110111100001
11100100001101110010011001000111
01101110001110000110000110110110
00111000000110011001101101110011
00110110010010000101101111010010
01010010110001101101000001101000
00110000111111000110011000100111
10010001100000011010100100101010
00000000100001110110001100001100
01001111000111101101101000111100
00111110111000011100110101100110
11111001100100011110100110110100
01011100010110110000010110000011
11000011111101010100011010000111
01100001101101110101111010111111
00101101100011001111011100111101
11011000101001111111100000101011
01011000101101100001100010101101
00011011101111010111000101110101
10110101101010110111111100010111
10001011011100100100000001100100
10011000101101010111011100001101
10110010110010001010011101111000
00001111111010111100000111010001
11100011101110110000010001000001
01001111011011000000111011111110
11100010010100000111010110111110
10010100111111011001011011101111
00101101111010110000001000101111
01101110000101111001100111001100
10001011100001010000100011010100
11011000101011001010011101101000
00000011111000001000011100100111
11010101110000001111010011001111
11101010011111010001110000100000
00000000100101101010101101010011
01111110001101101001100111101000
01101001100111010101111100101110
00000010010010110110111001000011
10010111110000100110001110110110
01110110000111101100000000000001
01111110010011101111011111101011
01110001110110101110001011001001
01001100100111110101011100001000
11110110101111011001001101010001
00111001011110101011001110101000
11111110001110000111111010111010
00011100110010010101101010101011
00110001001110001010100110011001
00000101000100111001011000011000
11000010010010100101110100010001
11011000101011111101110111100000
11110100110111111010011010011001
11110000110100110111101100110001
10111011001000100011000001000101
00011001000010000011001010111011
11011011100110100010100000111000
01101010010111101011011000001000
01000110010111110111001001001011
01100101001000011011011001011101
11110100000000001000110000100111
11011001111010001011011111010000
11100100110010101001110101000010
11111101111010000110000100011010
01010101111001000100101101011010
10101100001111111100001110011111
01110011101010010111011100001000
00111000110110110111010101001100
11100000011011110101100111110000
00101100111110001011101111001010
11010000110001011011011010001101
11110011011101100001110110101100
10010100011111100110011011100111
00011101010010011110101100110011
01011001011100111000000111100011
10011100100010110101101101010010
01000001101100000001111010110000
01101100100101111101100101011010
11010001011011001101110101011110
10111010001001011011110110000001
10101101110100010111100011010010
00011111000111100111011011110000
01010100010101000011110110101100
10111111100101111100000010010011
11110110100100000100001000100000
01000001111110111010001110110011
01101000001001100100000001001011
11110101111110100001101111101001
01111111001010101110010100001111
00100011111100110001010101000011
10110111010100000000110100110011
00000101100100111110011110111100
10001101100000111111101111000001
10111001011111101101111100010111
00111100101010110001111100000011
10100110111111001101111010000100
11001100011110100110100001011101
00001000100100010100111010101111
01011111001010011011111000100101
01110011011110111111101011000010
01011011011001111001011010001010
01110111001001010111011100111000
11111011111010011011111100110101
01111011001110110011010100010011
01100010010011101001110011100111
10110111111000001101000010000110
00001010000000011111111001110001
00111101010000000110110011000010
00111100101011000110110111010110
11110111111100010011011010101011
01100011010111111100000111010110
10111111101100111111011100010100
10110011101010011111100100010011
10101000100010001111010111000101
10111101010011001110110111100001
10000011010101100010110110011001
11001110001111010101111011111110
00010101111101100110110101101100
10100001010111100110110010101010
00000111010100000101011001110001
10010110011110110111111010110111
11010011110100000100100010101111
10000001011011100101000000011001
01110110010010011000100100101011
01000101001110111010111111101000
00010010100100010111000011000101
00000000101100111100001101101101
10001010111000100011010100011001
01100110011010110110010110101000
00000010001101001100000011100011
11001011010001101100101100000000
11000011111011001111010010010000
11001001100001100001000001110111
01101111100000011001011001011101
11010110111011010001111001100100
00101011010000001101111111010010
11111110001010110110110000011011
11100010000101111110001101001001
00100100111001100001011110101110
00101101010001111011100000100001
10111110001101110100001010110010
01111000000101010111100010011011
00010001010101100111101011101001
11101010000001001001001001111111
00010110101001011011110101001100
00100001001011111100100001000111
01011001110110000110001101000111
01011011001001110000110100011110
00000110011000001000001001000000
11010111101000011011001101000111
01101100001111010011011000011100
00110101000101001001000001001101
11101011111001100000010011110111
10110010010010000011000001100101
11101010000111010100110101100001
11110011111101100110100100100111
10010010111111101110001111100011
00110010111010100100000000011110
01010100001110010000101110101000
01100010000111110110010101101110
11101101011001011100100010001100
01001011010001010100110011100010
11111101000001011100011010001101
11011101101111000101111101011101
00100010000001100011010011011111
10001110011010111100010001001100
10010101010110100100011000001001
00111110100101000100010011000111
00000111111101111011011000001000
11111011011010011100110101000101
10000001011110111101101101001100
01001000110101100110111001100110
10001111111011011101000000110011
01001111001111010111100110001010
01100100011111000100100010101100
01011000010111011011000000100101
01010011101001100110101010100110
00000000101001111000011011101111
00011111101111000101011011000010
10100110010101000110110101011100
00110001000011011111000001110001
10101111111111000110101111100111
00001110010011100101101011111100
11111001000111110000010000111100
01111001010110000101111111111010
01100100000110111111100001111000
11010001100100000011000001111100
00100000001000000011011111110110
11001101001010101111001100010011
11110111010101111111001111110110
01001100110110111101111001011000
10111100011000001010110110111010
10100001111011010000010101110100
10010010111110110001101011001101
10010111000010100010110001010000
01011100110101000001000010001010
10101011111011001011010000001111
01101000101101110011100010100000
10111000000000011111011101000101
10010010111100010011100001011100
10101111101001011100010001000110
10011001110010101011101011011001
10001011001110101101100111111001
01011100101100010011000110110111
01000111011000100101101000100101
11001001111110001001110000001010
10010101110000010010110101111101
10100001010001011000100010110110
00110010101000110111011111010101
00111010001010000110011111010111
10001110111001111011001101101110
10101111010001000101100011011110
01100111010111010011101100110011
10101101100101011011110010111110
00101000011100100101110000100011
11011100011001101001000001101110
11001101011001110100000111001111
11011101100011101000011100111001
10011100101001110100100011010010
01001001010100010010011001011000
11000111011000100100101001110001
01110001000100110000100010011011
01110101101100101010010011011011
10110110011110110101001001000000
10011000000100111011100101110101
01000010001011011011110110011100
11100101100110001000100011011011
00011001101111011100010101100111
10000111011011011101110110110100
10100010111011100010101001101110
10101101000110001000101111110011
11010100000111000010010110101001
10001101001111010011001100100101
00101101100100010110001110100000
11110010011000000011001110111000
00010001011001100110111101010001
10111100011110110001000000011110
00111001010010010101110010111011
11101111000110011101111011001111
01101011110111000001110001111111
01001100101001110010000010101110
01011001001001100100001111011111
11001011010000100110011100110010
10110001110110100101001101011011
00101011101101111101011000000001
11011110101101100100001011001110
11010110011011001010001111101000
10101011011111011111001110000111
00101100011101111100011011110000
11111110100101010110100100000001
10111011110000100000111101010000
01110111011001010101111110101100
00101100010101010000011000001101
01001010001100010010110001011101
11101111111001101010001100111101
11110010111101010000100111110011
00000011111110111111001011110111
11000000000000101101100001100011
01101100101010100100110101001111
01000000101110000101101111000001
10101000101100010100110001110001
11111010100010110010011100010010
01000010110010000011000110101000
10011100010111100101001000010111
00100010110011000010100111010111
01010011010011100001000101100111
01111100011100010010100111001011
00101111011001111101110010110111
10001011011011001010110000100110
10101111101011000010111111000001
00100001000000100011111111111110
00011011110110011100011001110111
10100001101000010010100101111011
00101100000010000000110010000011
00001100110111001101110110101010
00001100010100111011111111000100
10110111001001001001000011100111
11000000010000110100110010001110
10101001100011011000010010001100
01011010101000010000111111110111
01101101100111011011011110010110
00101010000100110001111001101010
01101101111111001101010100111000
11110100110110110111110101001000
11001101000111111000111010111100
11111100001101101000010100100001
00100011111011010111011010010111
11101111000001011001101011011101
10100100000101011001100100100011
00110110000100000000000101000111
00010111011000100101111101110000
00001110111111111100100101110100
10011000001010011101011100011110
11000101110010010001110110101101
00001010000001011110111100001100
00001010100100001010101101001010
00011100111011110000100010101010
10000101100100010100000101001101
10010101100110101011000110001111
00101011011010101010111110010100
11001000100111111010011100110000
01100011000000110111111001001111
00001111111000110111110101000110
10111001001001001001101110000010
00011001101010100000101001111001
10101111000101110001001111000000
01000011110111010111000011110100
00011100010100001000011000100001
11111100001100001111110101100100
00110111101011100000011111101011
10011010101000100001111110011010
10110001111001010110010010100001
00010100111000001001001011110101
10001111110010111010001100010110
01111110010011001111011110110010
11100101000000101100010110011001
01000110011010100001010101111101
11001011001001001011101001111000
11000111100010100100101110011110
00111101001001011011000110100101
00000001111111101000000101011100
01111001101100110011111001010000
10100001100010000000011110111001
00000111101101110110000000000001
11101100010110100110000010001010
11101011110001100001000000100000
00001001000000000011101001000010
10100011000101101110001100010010
10110110101000101011100010010110
11100000011111000000000010001010
11000100110000011000010110010101
10111111011111111100101111001010
00000110110000110010010011111011
00100111101101101111000011001111
00000111001010110011011110010101
10010101101101000001101110000100
11110110010001000110100000100001
11000010101101101100111001001101
11000100100011011111010100101101
10111101001000010010111010110000
11111000001000011110011011001111
11111100001101001010110110101110
00110101110010111010001101000110
10001110011100000111101101101011
10110000010000010010011101100111
10111100000011011111001010000010
01011001110001111101110100100001
01001011010111100111100000101101
01011000001010100110101110000001
00101011011010000001000011101010
01100110101101111110011110101000
10110110100101000001001100100110
01111000110010111011001101000001
01011010111101000100111100100000
10110011010010001010011110011001
11111011001101011011101011001011
11001000100110010001101010011001
10111011110111000010111011101011
10110000110000010011010110110010
00010010000111100101111001110011
00010100011001011000011101000111
01011011110011000000101101100001
00001101010000011000000011010010
01010010110100101000101010011101
00111001100110110110110110110111
10100010001111011000110100011001
00000100110010001011001100111010
00010111001111001101000100010000
11000100110101100001001110110000
11101100111000010000111100110110
10110001101011000110011010011001
00001010101001111001001100001000
00000000011100000110000000011011
11100110011000110101011100001011
10001001010101111010110101010101
01010010101010111001101010101111
00000100000110001001110010001101
10101111000011110000001111100010
01110100111010000010011010101011
00110010110110010000010001011011
00010010101011000010011011000010
10100101101000111101100101111100
10110100001010001100101111010111
00001011001011100111000000001001
01100110111110100010010000001010
01011101111010100010101011100010
11111101110011000101111100111010
00001100100101111110110001011101
01011001110100011000010011111101
11011011111000101011000110100111
10011111010110011010110110111111
01000011111111111001111010110110
10011001011100100111000001110110
10010100010000111000011100111101
00011011111100001111111101111110
10010000111100111000011000101110
11010010000110011100010101010101
00100001001001000100010100100100
11110010000110011001100010110111
01110100110001101010101010011000
10001001010100100110010111100101
11011100011011111111001110010001
10001001011101011010111100000111
10100111101001000111011101011011
00010011111000111000011110111001
01010111001010110001011011011100
11100101110010001011100011101001
00001100000101010000011110011111
11010011110000111000001100100000
01000101111010011010000101100111
01011010011100011110101000001010
01110011100011011001100011111001
00110101101011011111110101011110
11011000110011111100100000111100
11110001001110101111000001000000
00001000010101100101011110101001
10011000100100110101111001100111
11011000111011100101011001110010
01011010000011111010010000111100
00111010101110110111110000010011
01001110010101011101011001101101
01100111110101110110000101111100
00110111100011111111011001110000
01001110010111000111000101010101
11100111100110110011100000010010
01001100000001100010001110101000
10010001011010011011101010010010
01100011110010100001001011010110
00100100001001110100110111011100
10010100100101111011110011110010
11011000101110000100000101011111
01011001011101111110010000010110
00010100101000000101010100010010
00110010001001110001001000000011
10001010001110110101100011011011
10111101011000101001011100001001
00011010101001011100001110001011
11011110110000110001011110111111
11111011010111111001000100011001
01000101010101101110011100000000
00011000000101000010001101011110
10011101001000000100001001111110
11010010101001101101010011001000
00101010110111001010011001000100
00110100111111111101110111111000
00101010010011001110111101001110
10100000110110010011000111100010
01101001010011100100111101011110
01111111110111101111100100101111
00101110011000001000010001111111
01010000101000101001111101001101
00100011011010101000111111011011
01000011010110010011000101000000
11111100001101010101100101011000
00000110101010010000010001111111
10100010110100110101001010111111
00011100101010100011110111110111
11110001001000011100110110011111
10101000101001010010110110000001
00001011110010111011100001000010
01111000010110010010011110111001
10010010011111010010011000111010
10100010100100000000110011110100
00101010100011110001110111101101
00000101100111000001100001000101
01001100100100101001011010010111
01000010101101001011011110110111
01000000110110010010000010110001
11011001010011111001000001001001
00110000001111100101001101001100
01000111100101110111000110100001
10000101001001110111101001001100
01000100000100110011010100001101
10000110011011100001100100001010
11110110101111010100011100000110
10001100100101010111100111100101
10000000011100100111101010011111
01110101001101101111101110100101
00001010010111001111110111011100
10000001100111101000000110111100
10110101000111111000111110110011
01000110111010000000010101111110
01011110110110100011101001010010
01110001010001111101001000011111
11001011101101000001011011110110
00110110000010011101101000110011
10111111111100000100010000000000
11010000000011110011101010010000
01100011011101110101001010110000
01000000110011001110101011000101
10110110101010011010011100100101
11101010101000011011001110011001
00000110110010111011110010000011
00100010010101110000001110110010
01001001100000001110101101011100
10111111000010110001101011001010
10110100101100110010110010000011
00011000110110011011010100001111
01011011011011010101001000111111
00001110000111000011010000110110
01000000000000000111111110000000
01110101100001110100110100101001
00110110100011011001001011111110
00101110101011011011100011001000
00010011110000000000011010100011
00110011001100001111001100110000
01010010101011100100110110010111
11011101101001000100001010111011
00011010110010100010111110001001
01000001010000010111000111000001
11110001111111100010110000000000
10111010111101100010011110011010
01011100000110000001110100011010
00000010000000000000001111111010
10101100000001010101001111111010
10111110000000011101001100000100
10011011011111000000101001110110
00001001100110011001101000000000
10101010000000001010101001111000
10101010011101001010011001111000
00000011001100100000111101000110
00000001100101101001011100000000
00000000000000000000000000000111
00000000000001111100000110010010
01010001010100101001010011000000
00000110000111100001110000000000
00000000010000000100000000000000
00101010101010101000000000001000
10100010001010110110000000001000
10001000010011010010110000000000
00000000101111110100000000000000
00000000000000000000000000000000
00000000000000000001100011000000
11000000000000000001100011000000
11000000011001100000000000000000
00000000000000000000000000000000
00000000000000000000000000001000
00001000001010100100111011001110
01000100110011000000001000100000
00000000000000000000000000000000
00000000000000000000000000000000
01000100000000000000000000010100
01000101010000000000000101010100
00000000000000000000000000000000
00000000000000000000000000000000
00000000000000000000000000000011
00000000000000000000000000000011
00001010101010101010000000000000
00000000000000000000000000000000
00000000000000000000000000000000
00000000000000000000000000011101
11011101110111011101110111000000
00000000000000000000000000000000
00000000000000000000000000000000
00000000000000000000000000000000
00000000000000000000000000000000
00000000000000000000000000000000
00000000000000000000000000000000
00000000000000000000000000000000
00000000000000000000000000000000
00000000000000000000000000000000
00000000000000000000000000000000
00000000000000000000000000000000
00000000000000000000000000000000
00100010000000000010001000000000
00000000000000000000000000000000
00000000000000000000000000000000
00000000000000000000000000000000
00000000000000000000000000000001
00000000000000010000000000000000
00000000000000000000000000000000
00000000000000000000000000000000
00000000000000000000000000000000
00000000000000000000000000001010
10101010101000000000000000000000
00000000000000000000000000000000
00000000000000000000000000000000
00000000000000000000000000000000
00000000000000000000000000000000
00000000000000000000000000000000
00000000000000000000000000000000
00000000000000000000000000000000
00000000000000000000000000000000
00000000000000000000000000000000
00000000000000000000000000000000
00000000000000000000000000000000
00000000000000000000000000000000
00000000000000000000000000000000
00000000000000000000000000000000
00000000000000000000000000000000
00000000000000000000000000000000
00000000000000000000000000000000
1deg=44512
deg tmp = 15
52 bit k-distribution
k(1) = 44497
k(2) = 22247
k(3) = 14831
k(4) = 11124
k(5) = 8899
k(6) = 7415
k(7) = 6356
k(8) = 5561
k(9) = 4944
k(10) = 2562
k(11) = 2562
k(12) = 2562
k(13) = 2562
k(14) = 2562
k(15) = 2562
k(16) = 2562
k(17) = 2019
k(18) = 2019
k(19) = 1725
k(20) = 1722
k(21) = 1720
k(22) = 1716
k(23) = 1712
k(24) = 1712
k(25) = 856
k(26) = 856
k(27) = 856
k(28) = 856
k(29) = 856
k(30) = 856
k(31) = 856
k(32) = 856
k(33) = 856
k(34) = 856
k(35) = 856
k(36) = 856
k(37) = 856
k(38) = 856
k(39) = 856
k(40) = 856
k(41) = 856
k(42) = 856
k(43) = 856
k(44) = 856
k(45) = 856
k(46) = 856
k(47) = 856
k(48) = 856
k(49) = 856
k(50) = 856
k(51) = 856
k(52) = 855
52bit D.D:  19786, DUP:   34
