mexp = 44497, maxdegree = 44512
filename:resD11.44497.magi02.061107.01.txt
POS1 = 328
SL1 = 9
SL2 = 3
SR1 = 1
SR2 = 8
MSK1 = f6dfefffffffd3bf
MSK2 = fe9fffffbdff7ffb
deg poly = 44497
11100110010010011111101001100101
00010110100010001101000010111111
00011000001001101100000111111100
01100111010010001101001000001110
10110010110001001010100111011001
01110110000100111101011101001101
11111010011010111001101000110100
01111001110101100000111010111100
10101110010111001000101001111010
00010011110001011111001011100101
10011110100011100011010001001110
00010111001011101010001110010010
01011100110100100011100101110011
11100100101101101110010101110110
01001011100101000010110111011011
00101111100110101101110010111100
01110110011011010111000010101111
01100101110001001001101010110111
10010001111100011010111001001101
10101111110110001011001000010010
11110010110101101111000001101001
11010110001101110001011101111011
00010000101110100111101001011001
00111001100011010011000111001110
10001110111010110100101010010111
01010010010100111001001100111101
11011111101110011111011011110100
10110101010001100110000011001010
00011011000111011101111111001010
10100001010111100010110100100110
01100000010111111110001111100010
01110111011010101010000011100000
00100100001001101001100110111111
11100001001000000110110001101011
10101010110000000010001101100000
10110100101111001111111101000000
01100101101000011101110111000101
00000001110000001010111011100010
01100110010011110000001001000001
11110011001001101010101011010001
00000110110000100001010101101011
11111111011100110000101101000110
00111111101111000000000110010101
00011101110010100100000011000100
00000010101111110010011001011110
11000001010011000000011111000001
01101010111000110100001111010100
00001000010000111011111100100101
11000100011111000001100011000100
11000001011011100100110010000100
00101000001110100101111011101010
01011001101110100110010100010110
01101111000010001111011110010110
00100011000011001010110001000001
10010101111110110110010100010101
11110100110000101011111000001101
10101111001111100001110101000111
11000010000101101111000101000010
00100111110010000100011000111011
00010011110001100110100001011000
11001010010011010011010001001010
10111000111010010101111011010111
01011100110111111100100100111011
11100011011110011110010101100000
01011011010011000010010110001010
00101111101000001110110111010100
01101110100111100111000011100001
00110110011111001011001110100010
10010001001000110101101010000101
11010100111001111011001101100101
11101111100011100111110100101000
11010101101011100011000010010010
10000111011110010111111011110010
01010001101101111000100110001011
10000011000101101111001011011000
10011010100111001000010100111011
00010111011010011010111110100101
10001111010011010011100110111010
11110000111011101001000111010111
01001010110011110001000100110011
10110010011110011101111101010001
00110011010101001101011010001010
01100001111100110101010111111101
01111011100111101010001000010101
11111110000001111000110010100011
11100110001111100000001000001000
10010101111001000010101001000010
00000110000110011011111000101100
01111110110001100000101000101010
11000010011101001000001101001010
00011011101000110011001111111111
10110101000001100101100110000111
01100100110110001010101001101000
11011010010100011101100000001011
11001011101111010110111011110010
01101000000010110010110100010010
00111011110101011101100111001000
11111111111101010010110110101011
11100010100110100110000111001010
11111110001010000011011110101110
10100010010111010111000011100101
10011001101110010011110001111010
01010000011001000111000001010110
10000101110001000110010100000011
11100100000110101111100101101110
00011010101011011100101010011111
11000000100000101011010101110110
01110010001111111100000100000101
10000111101011001000011011010010
00011011001110001010000111110101
10101101110110010111101100110010
11110001001111110001100111011100
01011110011101101111110011110110
11111001010001010000111000110100
01001110000101110010110110111011
00001010011100010001100010110001
01101110111000001101010000011011
00110001111111100111101010110001
11111100001011010101001000000010
10001111110100100000010001110111
11110110000001111001000001110110
00001100100110000001101000001001
11000111100001110100110100100100
00011000000001110001000000000101
00010100101011000110010011101010
01000110010011110111000100010110
10101100011000111101111010111110
11100001111111001111001001010110
10110000011010010011000010011000
01110000110100011100001000100110
00110111110110101100000010001111
00110011110001100001101100001111
01100001110011101011011101000000
10011110110000001000000101011001
01101010010010001100001100101011
00010001010111000011000000111001
11100001010100111101110101101110
01100111111000111100011100001001
01010101001110011110110011011001
01111011111010100101010100111101
00110000010011000000001101101110
10101101000100101110001111110011
01010010110001001110010000010000
01110011011000101110010001101010
01111011010010110110001110100111
00101100101111100100010101110111
11110101100111011110010110001000
10011110111011000101001010010100
11101101100100001110001110001101
11110101001010100100110110101011
01110111011101010011110010000100
10000101000111100110011000011101
10000100000100110111110000101011
10101010001001101000110100010001
11010010001010000101011101100010
01000001011001101101111100101100
11101000101001000100100101101011
11010100011001111100000101110101
10101100000101000010011001001110
10111111110100100100111010101101
11111011001100110011110010010111
11110100110001011000101110010010
01100110111000110101000110011001
00111100000010010000011111011100
11110110011011001011110111110101
01110001101000011110101000000000
01110010100110101111010000110111
01001100111010000011000110110001
00110111001001000001010111110110
01001011000000011101010100100101
10010100001110000101000101001010
11011100000100000010010101000111
11010011111010001111100010100100
00111011100001011010010000101010
10110000011110111000111110000111
10110100011110110101111011101001
11000001000110101111000101010000
10011010100110010001110111011000
11111110011110000001110001100101
01101101011100000000001100110110
11101111001011000100001111000010
00011000111001100001100011100110
10001010010101100111001001001100
10101111011100100011100011001101
11101101101100011001111001011111
01011010001101001100100010101010
01010001011110110111101001101101
01100010000111001000000101000101
10111110111000010001101101110110
11110010010011100111011000010111
01111000100010011110011100111001
11010010010001110000010100101100
11001010111011111111110001100100
00110100110000001100111001001100
11110111011111101101001010110101
00111100011010001101101100010100
01100110111010100011111111110011
10011111011100111001111100011011
00101001100001000101011000110011
10000001000101110011100001101001
00010101111001100111110110111100
00111111000010111011001001101011
01110001011111000000001001101111
10101000001101011111100101101001
10101100001010000101010010101000
01001101000010101101010000000011
00011000000011011101010100100100
11110111011111111101111110101011
00010111001011010011100100101100
11101100000101100110001010110100
11001000111000001110001100010110
00110111001001000001010111110110
01000000010010100110110101100111
10000010101101111000110100100100
01010110100011110011101011000001
11000100111111010001110000110101
00010011001111000010101101001100
10011010111110011010010100110000
00000100000001101111100000100100
00000110111100001010011100100101
00110101111001000011010111000010
01110010010011101000101001000100
10001101000000110100010101110110
11110111101111000000111000110010
10110110000100100011100001011000
00010101010001110001111101000101
10010010111111110011100000111010
01100111011110010010111001101001
00011100101100101010110011110111
01010000001011001001000000111100
11110000111001101000011111110001
11010000101001110111011100000011
11011010100001111110000110000000
11110111011111001011011011011101
10011110000111001100111111001110
01111101110011101000100000111001
00111001110111000000010000011010
11010010001101011011001111011101
10100011110111000000101111110011
01100001110010100111010010001110
10001010010001001000111100111000
01010100101001111110001110000010
11101100010110011101101100110111
01001000000011010000101001000001
01001011010100100110101100000001
01010101110000111110010100111011
00110100000101111011111000010111
10101011111011010101100001000011
00000011110000010110010010011101
00101011110011101101111001011011
01100111111110111100111001110101
10111111101110010110001100001000
11011011011111011101010011101001
11110110011000110110100100001100
10000110001010000100000111001000
10110111011000100001101001111011
00000010011000000101010111001110
11000111111011001001101011001110
00010100100111000111110011011011
00001111110110101001001011011011
01011001000110100010111011001000
00100101001110101110101011000011
01011000101101010110000100110011
10000101011010101000010000101001
11010001000100100111000011100000
00001101101010101010101101100011
00101100101101101100000101000000
11001111110000101011111100100110
01100100110000110111011011101011
10101001001111011011110101010110
00101111111001010000001111011001
01101001110011100100001010011101
01101101000110010101001010011100
01011011001100100100011011100111
11001110000110111111001011111001
11110000010100010100111101110111
01110010100110010011000100010100
01101010011011000010011000000100
00011101101011011001000101111010
01101000011010011110010001110001
00101010001010111101011100011101
11111111100001010001110000000110
00011100111111011001110000101001
11111011110110000101111001100100
01010110001010000011100101001010
11011111000000111011010100010001
01001111001001100110110011111011
01101101001111110000000011100001
00101011111101110110111001111100
00010111001111110100001000011011
01100100000011110011011100111111
11100010011111100110110100110010
00111001110110110011010001100101
10011110111100100101111010111110
11001100101011001000010110000011
00110010010001110110101100111011
11000101010101110110001100000111
10000011101011111101100010011110
11101101101110000100111111001000
11010101001000001100100010011011
01000000111010100101000001111011
11101111010110010101110110001000
10011110000111000100110101000111
01100010110111101001001001111101
10010000000000011101100101001010
10001001100111000000000000000101
11011001000001010111111000001011
01100000000001111000010100001110
01011000101100110000100100001101
00111110010010101011111111100010
10000001101111111100111010100100
11101011111001011110100110011000
00011010110100001010010111000011
00011100100010001101111000100011
11101010101001010100010001101101
01001000010011001101001010010010
00101101011110111011110001111001
11100101001011101100001100011011
00110000011101100001101101111111
01101110111110111100010011101011
11100010110011100100110111001101
01000001001001011000000110011011
01111110101101011011010001100100
01110100011101111101000000000100
10001111111101100111111110100001
00000011100000000010111010111011
01010011100110110001001011001100
01101011010110110011110100111011
01110011010000001000100000000001
01011000001100110100011101000001
11111101100111100010101001011010
10100010110110101001111010110100
01011001001101011011000000110011
01011001110101000001000000010101
01101110000100000001110010001101
10011000001011001111111010111100
10001111011001011010111000111101
11011010010011101000000111010001
11010110001001001011011101001111
01000111011011010101010001101010
10101010001110110011000010011111
10110011011101010101011010110100
00100101110000001001001011001010
01100001111100111111011011110010
10001001101100101111101111000001
01011010000101010011011011011011
01001000101001100011001011110000
01000111101100110100101101110110
01000011000100000100101000011010
01000100010010011000001010111000
01011110011011001000010011011110
01000000011101111001101011100110
11111110001110001011000101101000
10011111000100101110011001000110
00110001011000010101101110010011
01011110001011010110001000101000
10100011101000101101101001001011
01111110001100010100111111001100
01111000100100010111111001101110
11011100110000001110101101110010
00101101000011011011000010010101
01010111001011001011000010011111
01011001001010010011001110101101
00010101000011111110101011101001
11000000010101110111111001100010
11110000001110110011111001011000
11101000111100111110010101101010
01110101010001010011101011101110
11111000001000010101011110001111
10111111101110110100111010011110
00011010001001000100001010010110
00110100001101010110001001110100
11011000001000010011001111110111
10011111010100101010011111111010
11011010011101001100001011111011
10100101111001110010101110010010
10110101011011101000000110101111
11100100010101111000010001100110
00000111101110101011001111001001
11010000101111011010010111000100
11010100111100101001001000101001
01101101100110010001010011001111
10011100001010001011011001010000
00111000000100111001000110111110
11001010111110101111101011101001
10110100000000000001001011101010
00011110111010011100010011010001
01100111101101100010001001111101
11100011011100101111001011101101
00110000111001100110011011000111
10101111000010111110001111000010
00101111011011110101011111100001
10000010100000001100110001001100
00001101100100110011111111110101
10001010100000011100001101111111
01001011101001001010111111000111
01100111111000111000100101001111
00110110001010001100110001010000
00111101001001110001101111111011
11010110100101110001011000010100
00011111101011111011110000011111
00100100000000100001000001000110
10110011101011001100001010111001
00100111110010101101101010011000
11001101011000100111010110001011
10001100101000010101010001111010
11011011110100110001001101011111
11010111111110100111000011001010
11000110101110101101001110111101
10000000010010110010101011000100
01001001100111000011001011100111
00110000010011000101100100111111
10001000001100100100110110001110
01010101111011010100110011101010
10110110010011010101010100010101
00011100100100101011110101010101
11001001100011110100111010001011
11001011100111100010000111101001
11111101000010100100100100001111
11111000011100001010010101111110
00110000001001011000111000111100
00001101110101100111010011110101
10100111010110000111111001001110
01101101010100111011101000101010
00000100001101001010101010000110
00101100100000001011110011100111
10110010000010111010111001011010
01111101011001101111110001111101
10100110100110010111000000110101
11011010100000110110101111111110
00101010011000000010000110011100
11111110010100110110000011000011
10011110101100101100000110000111
01110101101110100111101101001011
01001110001000101011100100110011
00101000010100110010001111111110
10001001110100100011111101100001
00111001101011101001111111001010
11110010001100111110011010110101
01111110100001111011001010011101
10111101111010011101101101010110
10101100010001101100000000010001
11011001111001001100101001001111
01110110010110111001000010101011
10100101011001110001101101110101
00001111001001100010010001001010
10101000001111100011001000101100
00100100011011001010100111001101
00101000111010010001000110111010
10100000011110011000011010101000
11000011001001010101010101010000
00111101010011001000001011111010
10111011100000011110100101101010
10100010001111000101100101101001
00010011000011111011001000111111
01000101111001011101100111011101
11110101000111111000000100000011
10100010000110000110000011010111
11100011000101010101111110110101
11001110011001000101001010110110
11000001111100110101111110010111
00110100011111011000101010011101
01111000100100011011111011011100
00011110101000100101011111011010
00010101101100100010111001110110
11010010011000100001100001010011
10100101101110111111010010100011
11100011000001001011010100101011
00000010000111100101111111011101
01110000001111101000001001010110
01110011111111110000011111111010
01001000100011100001001100001111
10110001110010000101010111111101
10000000010101111100001110001100
11100001001100000101110001100001
10001101110111011111110010010001
00000000010001111100001001011001
11011001010001100100010011000010
01011000010001111110110000011111
10101111101001010011101011110111
01101000111000100011011000110000
11101001101110110010101101101001
00111011111111101110101011100100
00111010010010111011111001110100
00110011111001101010100101001000
00011001001010110010001110001010
11110111100010110101110111010000
01000000010001010111000010010100
10111010000000000101010011111110
01010101101000110001101010010010
11111111110001110101011001000100
00001010000111100001001100110000
11010101100000011100000001111010
10101111110101111100010101101000
11000011101011001011100110100101
01110100011001101000100010001001
01110000100011000100111010000100
00000000101110010010010011101000
01110000100110000101110010001110
10000000001001010100000110011110
10110100101101111101011011010010
01110101001000100010111110100010
11001011101110001010110010001100
10111000010100011011011000011101
00101001011101111010010011000011
01001101111011000101100111011001
00100100001111111011110000010100
10010111100100001001001110010110
10111101100100011011111100111101
01111111111111001101111101100001
10100110111000110100100010011101
10110011001111011100101001001110
00011011011101000100110100110111
11101111011111001100100100101101
01010100001111101011010101001100
10111111100011000000011111110111
10000001101000100101110011011101
01001111110100100111111011011101
01101001011100101100000001110111
11100001000101101110110101111000
00100000111111000010100011100111
10000101111001001000111110101010
00011000011000010000110011111100
10101111010100011010010001011010
01000011010111111101110110011001
00100100000001001000110111011010
10101010011010111000001000010000
01010100010011111111111001111011
01101101101101100011100110000101
11010001111000001101011011110011
00110100001000101100101111011100
10101000010000011010110001101010
01110101001011001011011000100001
00001100101001010000100100101100
11001111111011001001010000111110
10000101000000011010001111011100
00010100000110111010001001111110
10100000000001011011000111111111
11010001000010110100100010000010
00001101001101011111011011111101
10100110100100011101111010010011
01000101101101001000000010010110
01010001000000001100001110111011
00000011010111010111100111101011
01010000000101111011011111110111
01111011110110010100001111110000
00110101100011011000110001001001
10111111100000011110101110010010
11011111110000111101010011001001
00110100101001100110111110110011
10000011100010100100100100111100
11010100010101010101111000001110
00111101011110111110100011000110
00011101100010110100100100000100
10110000100110010000111011011100
00001000110110100000111110111010
00111110001101101000111010101011
10100001000111010001001101000110
01010111100000000111111001110001
11011010110110010111000111111110
00001111111010011000110111101101
11111101110001011000011101101101
10010000101001001010011100110011
10111101011011101011101111000110
01110010000101110110100010010111
00010011010110011111111101001111
10010110010000011110111101011001
01010100100001001110110011000110
11110100000000010011111001000111
10001000100111101100000110101111
01110010001011111111011000101011
10100000100111110001000110101111
10001100100101001001101110101101
11101111010011001101111101010100
01100011000001000110011100011110
00111001011001000011110100110101
00110001011010011111100011110110
00010011111100111110011001110010
11110011100110100110011010000011
01010011101000000011111010010100
00100000001111000100101110100111
01001011000000011000100111011000
01110100011100001001111111010010
00111001011100111110100110000001
00011111110001110010010011100111
00011110010010110110001111100011
11011100100011101011100011011110
10011101111111010110111000100011
01100111100100000110101010001111
11111110001001110010010010111001
01010101011010001110110110000110
01111101000010100100100110011101
00010011000001101100010110011100
11100100100111111010111010011100
00100010111110011111000010100001
01000100111011001111111010011111
01000010100100010110000101010111
01111001000110101000100010111010
11100101100101000100110100100010
00010101001011100000110111010011
01001100010010000011001010010001
10110101001001001110110001001110
00010000101000011000000011111001
00100100000011111010110000110111
01111001111110111111000101100001
01011111010001001101010000010111
00001010001000001000101010011110
01111001111011011100000010100001
11101010011000110001010000001110
10110011011100001011010101101100
00000110100010100010011110001011
00010010011001011100001110100111
00101001010101100100001001011001
10111000011101001111100100101011
00111100010001011111011010101111
00011100111110011111011100010100
10000011101100111110101010000000
01011011111010100101001111101100
11011010000101011111001101110000
10100110010011101101111110010110
11011101101001011110100011010110
00110111101100000111100001111011
10011011101001101101011110000001
01001001001000100100101101101011
11001000100000010011101110100101
10011010111110011100101110000010
10001001110011010111100010101010
10101001111001101010110011101111
11010111110101000100000101010001
01010101100000111010101011011110
11110000110101111010110111110110
01100000100110101101010100001011
01011000111000110010011001100111
11010001011111100110101111011101
11110100101000010011010011011101
01011000100101110010011110010010
00100101110100011001000001001011
10100011110101010010101100001001
00101010001011111110110111000111
11111110111010100010111100100101
11001110111000100011111011011011
01101011000011010001111101011111
10100000000111010101000000011100
01001110101011011100100110101010
00110111011110010000011100100110
00101101000011100100101001011010
01011111011101101100011111100111
01000111101100001111010101101001
10100100111001111111000010100011
01101011010011001010000011100000
00111011110111101100001111001101
11100110010001001101101011100100
10000111000010110010000000010000
00110011101110100100001100011100
01001001000110001100101101111001
11110111111100111010101110001100
11111100011010001101100101111101
00000011000000011110000100101110
00011100110001100010101110010100
00100011010100111000100101101101
00001000011010001000100011011101
11110100011100110000100111110110
11110011100111011000001011001010
10000110110001111101001100110001
00110010101001011100010111101001
11100101000010110011101100111010
10111000000001111001011110111011
10011011111000101100111111110101
00111001101000100011011010000001
10000100000100101100001000100010
10010111011000100100101111101001
00010001001010100010110001011001
10101111000111111101001100011100
01111111101101100110010101010000
00110011100111111001110000000100
01100111001101010001011000111011
11110101000111110001101110001011
11110100001011000100101000110110
00001000101010001110110110010001
10010001101111001001101010010011
10101111101000000001000011101110
11101111111100101110110010000101
00110111000101100100001100111100
10011100100000000011001101001010
00100110010111101101000110011110
10011111101001010110010000010000
01011010011101111100101111110110
01101101101001111001101001001000
01110010100011000011110010101101
10110100000010010110111101111100
10101111101011001001010001010011
11011010011100000110001001101101
10101101111101010100101001001001
10010101110110001011111011110010
01001001110011100101111011000111
00111010110100000100110010000000
01011111001110001010010100011101
01000000111101111010111110000110
11000111001100101100011001101101
11111110010001100101011100010100
00101001010000000100011001001110
10110000010001000101100000110111
00010011001100101011101000011001
10001010100100100100111001111001
00100110011100001011110000010111
01001010111010101110001000011001
01100011010000011110110010010011
00100001011000100001100010001101
11111001011110100101001010101100
01101011100101100001111011100100
10010110011111011000001111011111
00000010001110011011011101001110
10110101100110001101110101110001
01001100111100001110101010101001
11101000010010111011100011110011
10111010101000001101011111011111
01000100011010001101101111111011
11111010100101110101101001011000
10100110111110000111100001101010
00010001101101001001011111110111
10111000101011111101110011100101
10100111001010011100110000110110
11000110101011011111000111100010
00010011100111110101111001101000
00001100101010010000100010100001
00110010101101010011111110100010
00111100101100000100110000100000
10001011000100010101000100001100
10010000000001000111111010001001
00111111100100100001001010011101
00110111111001111001110011010000
00110000111011001010100110001011
01110110110110010110100111111110
11000011010011110101101011111001
11001011000101110110001001001001
10100011000110010000010001110111
10000000101100111000110101110010
01010000111101110101010111011100
11111010011001101011100111001100
11010011010011011001011011110101
11001000010110100001011000011110
10110101100101111101011010100110
11111100001101001011100001011001
00111110110110010101100101110001
00000000001111000011110110100110
01001001001000100110011000101101
00101011100001110100001000111110
10101011101011111010101001101111
00010010110100110001110010000001
01100100001011111100011010100000
10101100001001111010011101000010
10111110010001011000000001101011
00100010000111011111101111010101
10001110010011110101111011000000
01110101010001001111000001100000
01110111001100011001100000010110
11010000001110111110001101000110
10001110101011101010100000001011
00101011100100111101001010111010
11000011001101101100101011011011
01100010010111010001010001001000
11000001110110100001100110001110
10001110001100101001111011101101
00011011001000110000101111101000
11000011010011100110101100011101
10010001101100000001010111100000
00111000011001001000001010011101
00001000011001111001001110010111
01001000010111111000000111110000
10101000011000001100000010101000
01001110011101011001000010011101
01011001011100000011000000111101
00100000000101100001001101010010
11000100010000001100101111110000
01010010010101011101010000000001
00000001100000110000101111101011
01001000000110101011010100110000
11010110100000011010010101111111
10111111010111101011010011011000
10000000110110011101001110110111
01111011111010000001000000110100
11000000100100011001111111001010
10101000010110010011001000110111
00001110100011011111110100010001
11110010001001001001110101010011
10001111110000001000010001110010
10001010010110100101100011100100
01011111110001001110000100100001
10110001110100101000010110001110
11101010001100010111101010101010
11001010011010011110100011101000
11010010101010111100001111000100
00010110101010100111001000111011
00101101100100111101111100011011
11100110010111001000000010000010
01100101011100011010001100011011
00101010110110011100011110101010
10001000110110110100010001010000
01110001101100000101110100001101
11011111101101000101000100110111
01000110110111100100010110111011
00000010100111111001110011101000
11111011011100011001010000100010
01100111111011011100001011000001
01111010100010000001110111001110
11011000011100100000111010010000
11000000011011001001101010001011
10011100001010001110011011101000
11010000010001001000101100011110
10011111101100101000111010111000
00101111011110010111110111010111
10010100000100010101010000110011
10010100010111101011111000011111
00001010010011011110000000110001
10001001101101101110100110110101
10010011001111001011100100010111
11100101110000100101101110010000
01000100110010100111011011011001
11111100101110011100111000001001
01110111110010100100110000010000
00111100001001000000100010100001
10111101100111011101100111001000
10011011101011101000101110000110
10010100101000110101010001101001
10100110011011011100100000111010
01010111001110000100011000000000
11110000011111000111110111010000
11000100110011001111110111100111
11011110000011000101101010010011
01010000111111010101011011110000
00000100100010000101101000000110
01010010000001110011110010011010
00110010111001111001000011010100
10100000010100100101000101000101
10010000000110010100111011111110
00000111111110001011100100011110
01001011010011000010101111111010
10000100110000000000100011100110
11011001010110101101000001010111
00010010000001110111001001001111
00001011101010100010010110000101
11011110000100000110101011110010
10111100100010101101011111001010
01101011101100011000000100000100
00001111111111101010001010001110
01010000010111100110000111101100
00011100111000010101100000011011
01110101011111000010000011000101
00110001110011001111001011010010
11010011101011100000110100101111
00010100100100111100101000110110
10011101000001101011011101101111
00010001110010011111111010100101
00011111111011100010000001100010
11110110010000110011001001010110
10111010000111100110100000101111
11111101000111011000111001000110
00110100111010010101011111101101
01111011111100100000100100011111
10101001010011000010010011001101
10111000111001111110110000010111
11111100110011111011101111011111
00111110101111011100011001101001
01001111000111100010000011010101
11110000101011111101100000111011
10111011011110110000001101110110
10011001010001101110010101111101
11011101000000000110111000011111
00001111010011100001101100101110
11101100111111010111011001000001
11011110011111010000000111011001
10101101010010010101101100010110
00110101100100111101101110100110
00100110101011011001111110001011
01110011011000100001011000001101
00110100001100111100000000001101
11101101011010100111000010000000
00101101111001111100011011001110
10011010101011001110100000001111
00000101001011000010011011000100
10010101111100010001010000001101
10000011010100100011001010110010
10100100010011001111001011101100
11010110110011111100110001111001
10111001010000101100111111110000
11110000011111000011010110011111
01110110110000110111011011000111
10001010011101011100100000110110
01010100100000010010100011000000
01011010110000000101111101010011
11101011101111000110010000001010
11001001100011000011011010011110
00001101010001011101100011001110
01001100011010000111000001001010
01001010111111100100101011011110
00110000111011001101110011111101
10000010011011111011001001001101
11000010011000100100111001110001
01100100001000001101011000110000
10111111011101111101010101101000
11000111111101110010101111111001
01101110010001100011100001101001
11001100011001010100010011111000
10011000001110000110110011100101
01010101011110110001101010001000
11010010010101110100110011010110
10100101001001011101101011011001
11001010111100010010111011010110
01011101010011111110111111111110
00000101111111110001111100010011
00110100011100001010000101111010
01110111111111100010110011110000
11010011000000011100110000100101
11011010100111101110001001001110
10011110111010001100101011100001
10111010100011100000010001111110
01001001111010010010001100100101
10010001101000011011111010011010
01101101011000111011011001001110
10001010000100101100110010110010
01010100000101011110110011110000
01011011100000011111000011110000
00001011001000111011000001100111
00001101110010011101100001100010
01010111001111111100001000010000
11011101101011111100000110000011
10000110101100010001110110011111
00100101111000000101111111000001
11110111100111101100111011001111
00010000100011001001010100001101
10011000010101100011111110001011
11100001010100011000000000111111
10011101011111001000010100000111
10001010000011000100000111110111
00101000110111010011010001010001
00111000010000110001101011100000
01011011100100110010111100111101
10011010110100110111101111011010
01101000100110100111001100010010
01111010110000110010001101010001
10000010000010001001001001001000
00101010001101111110101001100101
01011110101001011010110000100010
00111010011111001000110000001100
00000010101111011101110001010101
01100001011110001110100010110001
01000001111011110101111111011110
11110111111011010101011001000101
11110101110100001111011010101000
10111110001101001100101111010101
01000011001110100110101000010011
10100111100101111111110111010111
00010010010101001101100001000101
10111010011110110001011111110110
10111010110111001010100011011101
11000001111010101000011111100111
10011000101100110010110100000100
00011000111011101000100011011110
10100010100110100101001000010001
01010001001110001011111010011100
00101000001000101001011101001010
10001110110011110010011011111011
00000100110110011100110010110110
01101101110011110100111100011111
01100101001000010110101010000010
01001011011000110011011011100100
11110000010100011110110110000101
11111101111101110000110110000001
11111101111111000111011100001001
00110101111010011011100101101011
10011100010100000111011111110111
00000001000101010101101000111100
10001101110101001001001001000110
00000100011001010111100110111100
01001000111000100101101010111001
10110111101000011000000100000001
00010011110011111000010011011011
01101010110010001000111011111001
01011100110011010111101101110000
00110111011100100000111110101010
01010000101000100110101111011100
10111001100001011001100001001011
10111111101011010001010011111010
11101101111100101100101001100100
00110011011000110010100000100101
01010100100110000101000011101000
00000010011110101000100110010100
00101011011110111100001010000100
11111101000010011100100011011101
10110001100100101100000110100111
11010011011000000001000000011101
11000110010101110010110001011001
10010001110000101101001001110011
10110100001110111011010111010101
11110101110001001010100010100011
00011111000001010001010011101101
11101001101110011001010000011011
01011101010010111011000110010010
01100000011100000111100011010101
10001111110101100110011001111100
01110010101000111011011100100110
01101001010011111011011011101110
00010111111001100010101000010110
00000010100001111110101001111011
10011000011101101011100000111011
11101000000001011111000011111110
00011110111110100111001110110111
00001001011101111100001110010100
01001011110000111011010111011101
00111011001110101100011101101100
10110101000100011001111011110010
01100101110111111110100011000001
00100111100101101110001100010101
01111010111110011001001011100001
10011011010010111001000100001011
01111110011001010101001001001100
11100011001111011110000111100100
10100101000010011010100010111001
11100111111101000011000110000000
10001111101000101001100001001011
00011001010010001001101001100001
11011100001000100101100000000000
01011011111011110110001000000010
11100011100111011010001001101001
01011001010100100100111000011111
01010101110010111000101100111010
01010101010110100101000010000100
00011001110101001001110101101010
11110011010001101100010100011110
11011100000010111010001110111011
11000001001010111110111100110011
01000101111110000001100011001111
00000010101000100111101011001010
01010100001000010000101110110110
10101011111000000110011110110000
00001000000110110110111110000001
10111001001101010111000110110011
10111111110111001111100010010101
10000100100010011101101011010111
01100001110011111011010001101001
11111111011101010100011101000100
10100001110011001001001001110011
01010001101001111100110100111001
01110100000001100111000011111101
11000101100111010101000100010011
01001010110010111010110010011001
11100011101001110001110101110101
10001100011110000001011111010111
11000011100010110010111111000111
10110010111100011100000100101010
11011000101001110011010111110011
10111001111101001010010010000100
10010010111110100100110110010001
01101110011101100000110011000011
01110111100000100011100000000000
01000001101010101101010011110010
10011010001011110101011010101111
11111100111101000100001110011111
01101001000111100101110001000010
10111000000101010100000000100000
10100001001101101111001010111100
11111110001101001000000011101101
01000000011100101010101110110100
01101100010001111100010000100010
01111101011100000101001110111010
10000100011000010011011000100110
00001110000110111101100100010001
10110011010101011000110101100000
01110011100011001001111110001011
11000010101100100000111110010000
11111110111001110010001100000101
11110000101011001000000111011111
00100110010010111001011001001100
00011110010001000100101001011010
01010000111011000000101011101010
10111010011101100110111001100101
11011011101111110111101101010001
10111101110100010001010011000011
00000101100110101110100110111011
00011010111110111100111111101111
00001011000000011011111101001110
00100110000110100001010100000010
11011111001001100110111101110010
10001001000111011000101100000100
01000011110011100101011011100110
10010010010011011010110101010001
10110000101011100110001111000000
00110101010111100010000000100000
10011010011100010011010010000111
00110110010110001000011110110101
01011111110000110101001100101110
00000000101101001101011111111010
00010101010000010100011111110001
11001011110001110100110110011000
10010010001100001110001100100100
10110010010000110010110010110111
00100110110000010111011101101110
00100101001011110001100000010110
10100100010100100110111111110100
10000101001000111000101011110000
11011111110101110001100000111100
01001011011101010100110010101001
01010111101010000111101011010001
10111111000101010010101111010100
01111110101100100011111000011111
11011001101000001100011101000111
11011010010100100010110111100000
00100011101001100000010110000110
10010001110000010111101111000000
10011110000001110111010011101011
10100000110010000111011010001111
01111001100011111111100000010011
01011010110110001011111001111101
11000101000011001011001110101110
11101000010110010010011010111000
11010110011010100010011010100001
10100011100011100011001110001111
01001000011110000010111101101000
01101111110010011000000110101010
00000011111001001011011011000100
01011001100111110101101111001010
11001101010010101000100001001010
01001110110101001000010000001011
00001001000101010101011100111101
01100000000001110100110001011000
11111110001000111000010011111100
10011100101111001010111010000110
00010101001111101101110111111110
01000101110101110011000110100001
11110010010100100110010101100101
01100001101110000110101100011010
01101111000000111110011000101010
11100000111110110010001010111001
10111011010110001101100110110001
11100001011000100011010100010011
01101000000001111111010101101001
11001100000001110111101101110001
01111100110010011101100011001010
01101110011110010001100000000111
00100001101001001100110111010100
10000100000000011101101101110101
00011011101101111000001011111001
11010001111110100100011110111100
01101001010000100110010110001001
11011000111101011111100011100011
00001001110101101100010001011010
10101101100110011101111010111010
11011010001111101010111010110110
00110011111010010010110100011001
00111001010001000010101010110110
10010011101000011110000010100001
10100111100011011101101010101010
10111010100110011110000011100011
11001100100001111001101000101100
01101101100001000011000111010111
00100110111000111000100101001010
11001001110000101001101110100000
10111000111101000010011000100010
00110100001100011000010010110010
01100001111111110000101100000101
01100101001010100010101110110011
01101010010101110100100100100111
10001111001010000111001010001011
01100001101010100101100011011001
11000001101100110111011100100110
01111000101000000100010010010101
00111100001010101001010010000010
10111000111101101011001011011001
11101101011011011010111110110101
00011000100111011011011110011011
01001101011010011110100001011000
00001010011000111110110100000000
11011011110111011111101111111010
00111111010110010100111111111000
11010001010100000010011111010010
11000100011011010100011001100101
10111000000110110111100100100000
10100011000011101011011100000011
01000101101010010011110101111100
10100000001001010111100101011101
00010101100111011110001011010110
11000101011111010110001011100011
01110111101011110111001001011011
01110110100000111101111010101110
00011101110110010001100101010011
11001000111000011000000010011001
00001101011001000100101100100001
11111010010000010001110010111011
00000011011111010111001110011101
01110000001100111110111000001000
01110000111111110000001001010010
01001001011101011101110111110110
01011010001110011000110111011001
00101011100010010010011011010000
11100011001100000000000100001111
11000111100001010000000000111011
11101110110010011111000111101001
01011101111111111100110000000011
11111011101001011011000001100010
10110110111001100111000110101010
00111110000100100100101110101101
11001101100100011110111001010011
00100010111000111001111010010000
10101101100100001101011111100001
11111111100000111111011110101000
11011110000100010100010011010101
10110001110001110101010110100110
00011111100010111100101110010110
10010110101010111111001100101110
01111100110101011011100101110110
01011101000011010000010110111011
10000000000011101001101000110110
11110000010111011110001010100110
11011000011110011101011110011011
10110110100001110100010111111000
11010110001011101001101101110110
01001110110110111110100101101100
11010001011000001101010011100111
10110100000000100110011011101010
00101101000100010101001011001101
01010100110101001111111111010011
10100111110110110100111110001101
10001111100100011110010000100001
00000010010110111011111000101101
00001001000110101010000010110110
11010101110010110010011001100001
00000011001111110111011011011010
10001001110001101110010000110001
11011100100001101100101101110110
01001101001001110110000101111001
10010011001100110110000101100110
01001101101100110100110101001100
11110101111000010111100100011110
01110100101110010000000100101101
00101100101101010111001001011000
11010110101101100011110100100110
11001000011011011011001000100100
01111000001110111101010101100100
00100110010101110001000001001101
10000000010010010010011000101001
00001001001011111100111110010001
01010111010000100110011010101110
00110111000011110101101000010011
00110111100110000110011001101110
01101001101101011100100011111111
11001011000001111000001001111000
00000001111100010001111010110001
01101000100011000001000111000001
00011000000101101101000000101011
11001110101101000110000101110010
01000011100010100110101010100001
01000010010101101110110100001000
11001101011111101101111100011100
01010110101100110001100110010000
01101010111110011011011010100101
11111011101100110100010001000001
01000011011110100101101100010110
01101111101101010010000101101011
00101000101100101100000010100111
11100111000100110011101001111111
00101100011101100010000110010011
10110111010001010100001001101101
10000111100101011100110110111110
11110000010100111100011001110001
10101001111001111100000001001001
00100011000101001010110100111100
10011001010011100110101000110001
00011101111000100101101011001111
11011101110010001011111000110000
00000010110101010000110000011011
01010111011001110010001101100110
01000000010000001010001000011111
10011010100010011111110011100010
00011100001011101000111110110100
11110000111110010000110010000111
01110011111111000001101011010011
10101011001001111101011101101101
11110110110111001000011011100000
10111110110100101011101000000110
11001001110011100101010110011010
00100010100010010111111010110001
11010011111010010101011110001011
01111111010101101011101001010100
01011011011010011000001010101101
01110011000011000101100010111010
11000100010001100111011001001000
00000010010011011111101001010101
01111111100010111101101110100110
00001110110110111101010001011000
11011000000001111010000011011000
11011000000100001000010100100110
00101000001010100100100001001000
11010111010001111001100000000111
10011011001111111000110100111000
00101111110011000110010111011001
10101010100000101011011111001011
00110110000111110111101101100000
10101100101101101011111111110010
10010001101010100110001011010111
11011010000110101010100100000011
00001110111010100101110101001011
11011111111100111000001110111010
00100100100100001100100111010100
00010101001011010100011101101101
10001010101010000010101011101101
00100000010111010100110100101110
10010101101110101010010101011101
01000000010000010010010000000001
11101011011001011111001101100011
00001010101001110100001000111111
10110101010000110000010111000011
11011101000010010001110111001001
10000001111111100001100000100000
01111001101101001011100000111110
00101010101111000111111001001010
10111111001000010111100110110101
11111110111010000011111011001000
10001110101110100110010011011010
10100110011100111111011111011010
10001010011001110111101011000001
11111101110010000000011000010011
10100111100100110111001100101111
10000100101000110111110011001011
01001101100000001111011111100000
01000000001011111001000000110011
10111001101001001001111010100000
11011101101010000001101011101101
01001111101101001001001000011111
00100010100100001111111010000011
11101100111110110010101100110111
11011110111011001000110000011111
11001101000110011111101111010000
01101010111110011010110111011000
11000011011110101001110101001101
10101011010100101010111101101001
11110010011101000000001110110101
01001111111010001100010010101001
10011010100001010010011100111111
01101101111000000111101001100010
00101010101110110111111011001011
10001001101010011011010000111001
11001010110111100000110110101111
11100111011111011100010010000010
10110110011001011100000111111100
01000110110111001101100110110011
01010110000100000111000000010001
11111110001111001101111000100010
00001101010000000101110001100111
10110010101100101001001111000111
11101101111101010101101101011100
10110000110101010111100000001111
00111100000100110010010011110100
01110101110110010111000011010111
00010100000011010011000010100100
10101110011000100100001011001010
00101010011110011101010000011000
00001100110101110110010000111000
11010001100011111101010011000000
11001110001011111011000101101100
10011110001101111100011101100010
00010000110011110111100010001101
00100001110010101010110111001101
10111011010000010100101111100100
00001111000010010111011011111011
00010001100000000101101001101110
00011011010010100100110001011111
01000000001100110000010000101010
00111111111001100001101100010101
00101101110101010111110001011011
00011110000101011010101111100111
10100100110010010101001010000000
01000111110111000000010011100100
00101100010011110111001111111110
10000111111110111011000010011011
10001011000000110001110101000001
10011000101100000001100001001110
10100100001001011011101000011110
10111010110000111000000001111011
11111111011111001011000111101000
00101111011101110110011010000001
01100110011111011011110011111101
00010111010110011000010000100100
01100010110100001110111000111101
01011011011000111001100110110101
00100011001001001001101000100010
00000000011101000000101110101010
00111100101000011111111111000100
10111100000110011110111001010001
10011100100111010100000100110111
11000010101110101010001001100101
001100110001000001deg=44497
deg lcm poly = 44512
weight = 19481
10000000100000000000000000000000
10000000100000000000000000000000
10000000100000000000000000000000
10000000100000000000000000000000
00000000000000000000000000000000
00000000000000000000000000000000
00000000000000000000000000000000
00000000000000000000000000000000
00000000000000000000000000000000
00000000000000000000000000000000
00000000000000000000000000000000
00000000000000000000000000000000
00000000000000000000000000000000
00000000000000000000000000000000
00000000000000000000000000000000
00000000000000000000000000000000
00000000000000000000000000000000
00000000000000000000000000000000
00000000000000000000000000000000
00000000000000000000000000000000
00000000000000000000000000000000
00000000000000000000000000000000
00000000000000000000000000000000
00000000000000000000000000000000
00000000000000000000000000000000
00000000000000000000000000000000
00000000000000000000000000000000
00000000000000000000000000000000
00000000000000000000000000000000
00000000000000000000000000000000
00000000000000000000000000000000
00000000000000000000000000000000
00000000000000000000000000000000
00000000000000000000000000000000
00000000000000000000000000000000
00000000000000000000000000000000
00000000000000000000000000000000
00000000000000000000000000000000
00000000000000000000000000000000
00000000000000000000000000000000
00000000000000000000000000000000
00000000000000000000000000000000
00000000000000000000000000000000
00000000000000000000000000000000
00000000000000000000000000000000
00000000000000000000000000000000
00000000000000000000000000000000
00000000000000000000000000000000
00000000000000000000000000000000
00000000000000000000000000000000
00000001111111100000000000000000
00000001111111100000000000000000
00000001111111100000000000000000
00000001111111100000000000000000
00000000000000000000000000000000
00000000000000000000000000000000
00000000000000000000000000000000
00000000000000000000000000000000
00000000000000000000000000000000
00000000000000000000000000000000
00000000000000000000000000000000
00000000000000000000000000000000
00000000000000000000000000000000
00000000000000000000000000000000
00000000000000000000000000000000
00000000000000000000000000000000
00000000000000000000000000000000
00000000000000000000000000000000
00000000000000000000000000000000
00000000000000000000000000000000
00000000000000000000000000000000
00000000000000000000000000000000
00000000000000000000000000000000
00000000000000000000000000000000
00000000000000000000000000000000
00000000000000000000000000000000
00000000000000000000000000000000
00000000000000000000000000000000
00000000000000000000000000000000
00000000000000000000000000000000
00000000000000000000000000000000
00000000000000000000000000000000
00000000000000000000000000000000
00000000000000000000000000000000
00000000000000000000000000000000
00000000000000000000000000000000
00000000000000000000000000000000
00000000000000000000000000000000
00000000000000000000000000000000
00000000000000000000000000000000
00000111111110000000000000000000
00000111111110000000000000000000
00000111111110000000000000000000
00000111111110000000000000000000
00000000000000000000000000000000
00000000000111111110000000000000
00000000000111111110000000000000
00000000000111111110000000000000
00000000000111111110000000000000
00000000000000000000000000000000
00000000000000110011000000000000
00000000000000110011000000000000
00000000000000110011000000000000
00000000000000110101011111100000
00000000000000000110011111100000
00000000000000000100011111000000
00000000000000000100011111000000
10000000000000000010000000100000
10000000000000000010000000100000
10000000000000000000000000000000
10000000000000000000001010101000
00000000000000000000001010101000
00000000000000000000001010101000
00000000000000000000000001110111
00000000000000000000001011011111
00000000000000000000001011011111
00000000000000000000001011011111
00000000000000000000000000000000
00000000000000000000000000000000
00000000000000000000000000000000
00000000000000000000000000000000
00000000000000000000000000000001
11111110000000000000000000000001
11111110000000000000000000000001
01100111000000000000000000000001
01100111000000000000000000000000
10011001000000000000000000000000
10110110001000000000000000000000
00101111001000000000000000000000
00101111001000000000000000000000
00101111010110000000000000000000
00000000011110000000000000000000
00000001101011001000000000000000
00000001101011001000000000000000
00000001110101001000000000000000
00000001100110000000000000000000
00000000010011001000000000000000
00000000010000000100000000000000
00000000010000000100000000000000
00000000000011001100000000000000
00000000000001110110010000000000
00000000000010111010010000000000
00000000000010111010010000000000
00000000000010111010010000000000
00000000000000000000000000000000
00000000000000001011111101000000
00000000000000001011111101000000
00000000000000000001110111000000
00000000000000000001010001001110
00000000000000001010101100001110
00000000000000001010101100001110
00000000000000000000100110001110
00000000000000000000000000000000
00000000000000000000000110001001
00000000000000000000000110001001
00000000000000000000000111110110
10000000000000000000000101000010
10000000000000000000000011010010
00000000000000000000000011001101
11000010000000000000000000110010
11000010000000000000000010011011
00000010000000000000000010000010
01110010000000000000000010011101
10110000000000000000000000011011
11011010100000000000000000000110
00011010100000000000000000000110
10010101000000000000000000000111
00111110011000000000000000000001
10101011011000000000000000000001
10100001110000000000000000000001
10100001110000000000000000000000
00010101010000000000000000000000
01101010101001100000000000000000
01100000000001100000000000000000
00011101110000000000000000000000
00000010111110001010000000000000
00000010100111101010000000000000
00000011000101111001000000000000
00000001010100011001000000000000
00000001101001101110000000000000
00000001110011100000010000000000
00000000010010001100010000000000
00000000010010000110111000000000
00000000011001110011011000000000
00000000000001001111010000000000
00000000000010010111000100101000
00000000000010011101101100101000
00000000000010111011011110101000
00000000000000001010000110000000
00000000000000101101010010101000
00000000000000100100110011101000
00000000000000001010100001101000
00000000000000001001111111011110
00000000000000001011001111010011
00000000000000000010101110010011
00000000000000000010101000101001
00000000000000000010110100111111
00000000000000000000000101010100
00000000000000000000000100011101
00100000000000000000000010100111
00100000000000000000000000010001
10100000000000000000000001101000
00011010000111111111111111011001
00111101111000000000000000111010
11011110000111111111111111111100
01011001111000000000000000011101
01110111110000000000000000011000
01000010110100011001100110011100
01111101010010000000000000000010
01001010000100011001100110011011
01000000010010000110011001100110
01110101101011100000000000000001
10101110101011000100011001100111
10011110100010100010000000000000
00011000101001100010000000000000
00011001000101011111111111111111
11100011100011000010000000000000
00011001011101100101110101010101
01010100100001110000100000000000
00000111010001010001101010101010
10101111100010110101001010111011
10111011001010110100000100000000
00000000010101010011101010111011
10111011110001011001100100000000
00000000001101101011010000000000
00000000000010001011001100000000
00000000001001010001001100000000
00000000001000011011010101100000
00000000000011110111000010001001
11111111111110100101000110110110
00000000000000011101101000111001
01100110011001001001110001011111
00000000000000100101101010011011
10011001100110110000010100010001
11010100101101000010100100001100
01100000000000001001110100111001
11010100101101000011101101001111
10011111100001111001010001011001
01111000000000000000011000101001
11111110010100101101001000011010
00101100100000000000001100000111
10110001110101010101010110101001
11111000001010101010101011111110
11100110000000000000000001000000
11101101010110011001100110011000
10011100110000000000000000001110
11110101100100110011001100111111
00111011011111010100000101011010
01011011011111000000000000011101
10100111000111010100000101011000
01000100101111000000000000000101
10000111101000000000000000000110
00100100101111001011111111111000
00111110011000110100000000000001
10101101111100001011011101110111
01010011001110001011101010110100
10000010010111100100011010001000
10101010010110001001000000011110
00011111001110101000111000000000
00010101011111100000011010101010
10111001111101110011000011001100
11001001111110000110110000000000
00000100100111010110101101001100
11001000101010101101010101001100
11001100100110111001100100011001
10011011101110111001101001010011
00010011100001011010000111011011
10011001101111111111011110000000
00100010001011100010011110100111
01110111010111010010111011001101
11111111110100011111011100100110
01000110110001000000100100000000
10000000000000111101100010100111
00110001101100101011010001010110
01101100011011001000010010101100
11111111111111111001011110101011
11001100011011000111110010001111
11011111111111111111000001011101
10111111111111111011001111100111
11111011010101010001111110000010
11110001111111111110010000000101
10101111011101110111010100100001
10111011001101101001001110101110
11000101100000100010011000010000
00011110110010010101100011010100
11000111100100000000000000011111
10111101010111111100111111001011
01111111111111010010110101111010
11110001110001010101010101000000
01011101011111101011010010111011
01011110011011010000111100001000
00011111101101000111100001111101
10010011001001100011110000010010
11001101010010011100100111100011
10001011110110110011010010011101
00101101000001010011100100010000
01110110101111001101001011010011
10110011111001001001110000111100
10100001001011100010000000000000
00010101000101001000010100101101
00111010000111010011000100110001
10011001100100011111010111010101
01110000100111101111011011101100
01001011111011101011111001001100
11000101101100100011110101110111
01110111011001010111110100111111
11111111000110000010001001101010
10101000101000100011000010011101
10100101100000101010110010010000
00101000001101010001000000100100
00100011110001000000111000100101
10100101101101101111010010001101
01001010101001000011000100011011
01110010011110010001110010011011
11101110111011101011011101011011
01000101110110110011110011000100
00100001111001111001010011000111
00111110011001101011110111100000
10101111011010010101111100100010
10110000100010001001110001111111
01110010111011001001011010011010
10001010101100101001010111111011
00001100101011101000100110001110
11111110110101001101001010000001
10010111001111011011111101010001
10010101110101111111100010111000
11111111010111111111101011110110
00110101110111111101010100010011
00101111111010011001011100000100
11010000110000001000101110000010
00000010101010101101110111100010
10100001001100111101011111011100
01111110100101110000000000011101
01001000100111010010001000111100
10100011110101100100010001011000
00101101101010111001000000001101
11010110100010000001011101101010
11111101110000000001111011001101
01111111011010011010101011011101
01001011010001101101001101000111
11001000000100111110110110100000
10110100111010110111010010100111
10100111100100000110111110000100
10101000100000001110100110010001
10110100001010101010101100100011
11010100000000110100111100000111
11101011001111000111110100111011
11110111000110010111111110001100
01010001000111101110111010100000
11000001100101000000101111011111
01100100110111010111000011011010
11011000110110101101101010010010
01000000010000110101000101000101
11011000111011101100011110101101
01010010111101000001000000100010
01001011011001000110100010100001
11111001001000000100000101111001
11010011110101001011101110010100
00010110001000101100101100011100
00111001101000010101001110111101
10100010011000001011010010000011
10000010000101011110100001001111
00111111010100010111000001100010
00110101000000011100111011010011
01101011010000100100100110011011
00100011000111100101000101000001
10011000100110010110001000011010
10001010010111110011001010101010
11000001110101110010100110010100
01111001010101110100110001001110
00010111001100001010101111011011
11110100011111011111000011101111
00111010111100110011011000001001
11111010001111101000100001001110
00100101111011000101111101101001
10011100111111001010100010010111
10011001111101100101000011000111
10111111001111001001000111010001
10101111000110010001000011011010
01010010000000010000101101000101
11100110000111101110010001100111
00011011101101111111001001100011
01101010110010110001100101101111
11100101111001011111011100101111
10010000001110000100100000110001
00001111011010010111000001110010
11110011100000101000010101111001
10000100110011000011000001000101
11100101100000110001001011100011
00100111010000101101111011011001
01100100101111110101010010011111
01101000001010110111000001011001
00111000101011101111110000100010
10010100110000111011111101001000
10001111010000110101110101100001
00110000101111100100011101000000
11001001100100100010011000011100
01110100001011110000000101100010
00010110100101011101010111011010
11101110110011110101000010101000
01010100101011011111101100110011
00101110010011110010001011100111
01100001011111000010000010110100
00010010011101011011110100000010
00000001100101010001111011110101
11110001000110111000001011000100
00000011101110110000111100011011
01001100011011000010000011110000
10000011100110000100101110101110
10111101110110100001010000000111
10110101000110001101001001010000
00010010101100110001111101101001
10010100010101001001110100001110
01111110011000011010000011010111
10101001111110101010000011110100
11101000110000000111101000010001
10110110111000101101101000111010
01101101001101011011111000011101
01011011001110111010110101000001
01101110111000011010010010100001
00001001010101001111111011111011
10101000010010101010010001101111
10100100011010001110100000111001
11011000010001011100010101110011
11010111100111001001011101010101
10111010111001101110001001111110
11010001111010011000101011101011
00001001110011100100110001011011
00110000011100111011101100100001
10000101011010000110101000101101
11000001000000000101001010100100
10111011111000011100010010100110
10100111011010110010011101100101
00101101100100100100101110100000
00111101010101010000000111001111
10011001010001010000010001101001
10111000011010110010111110001011
01010110010001010011101011000110
11110111001100100011010111110011
00000101110111010110010111101011
11001001011101000101000111000110
11101101101100000101100111110111
00010101101101000001110101111011
00011100010011111000111000011011
10010000100000001100010110001110
01011101101101110010110011011110
00111011001001011011000010101001
01100011111110001011100101001101
00010111010001110100011110011100
00100101011010110101110101000110
00101001110010000011111001001101
10100100110000110010001100111000
10110111111111011000011011011000
00111111110100111000001111111001
01100111000110101011101000010011
01111010000001101000010001111100
11011100100010111101000001000101
10100011101100000101000110101101
10000101100010101110100000011010
00000111100000110011100011100100
01011101001010010100111011100010
11110110100111001001110001000011
00001100000000000111100110001110
10100000100011110110110101100000
01101110100101010011110101100100
11011101001011101111001111111111
10111101110100101000011000000100
11110111011110000101001110110011
11110100101101001010011111011000
00001011101001101111000000111100
01111111010010100111010011000101
10100001110001001001111101010100
10111000010000000011010111110110
10010001010010100011001101010001
11100101111111011010010010110110
11100110001111100111100000100011
10001001110010001011101001100111
11110101110011001110100111111111
11100000100000100011010101001011
01011101111011001111011101111101
11110010000111001111100111100011
01111101100100101011111010111110
10111001010100011101001110111011
01100101100001001010000111011100
00001000001110011110001110000010
00100001010111001001101011011101
10101000000101010101110100001001
10111101111010011011100001110011
00110101010001000000011111011100
01110100111001111010011100111111
00011011100001000100010001011101
01100000001011101101001001010001
10010000000011100110000110101111
01101111111001111010100101000001
01001110100110001000110100010001
10111101110011001001101010011001
01101111111111011110000110110101
00111111111101001001010010001000
10111111101000101001001101101010
01110010011011010010010110011101
01101010111100110011011000111110
01110001011100100011010101010011
01000011110101011110101111010000
11000010011100011001010101111001
01000001100100001010110001101101
10000100001101100011010010101001
10010110111001011100010000011100
11010001000011011010001011100010
00000110101011010111001010110010
10110011001110000000000110100110
01011000000001111001011101101111
00110101100011000101110001001000
11110111010111011000100001111110
00100101001110010111111011011000
11101111101101001001000010011010
00010101011110011001110110101001
10000001011111111101110001101001
10101000010111111100110011101000
11011110001101110010100111000011
10010111101110011101011010001100
00010001011101011010010110101101
11010001110101101100110010000011
01101100010000001011001111110001
00100101001100100010001111101010
00111001001000011110001010000010
10111110010001100111110001110000
00100011000001101011011001111101
11111111000011011111000111111101
00011010001011010011000001010011
01000001010111101111111100100110
10110110001010001011010010001010
00111111010000100010100000100010
10011000000010101010100100100100
11001111000010000001111110001010
00011111010110001000100011010111
00111100011001101101101110111000
00010100110001100100010111011100
01000000101010101110101101111100
01011100001000000100110010101101
10101010101100011100001100010100
01100101011111101001110011011001
11010101001010101110110111101011
00101110001111001001001001010111
11010000010000001111111001110100
01111011111000011111011111000110
01110001011111101000111101000101
11010100111101001110001010011111
10111101111110011000110100111010
01001110100100100011100110110011
10011111100001101111101001100001
10010000101111000001000001101111
00000011000000010010011111011101
11001101010101111100011101110100
00110011010010011001010011001100
00000000000110101101110101000111
11011110110110110100010110100101
11010110100100101010001110011110
10101010001011101100110110010000
01100100110100110010010110101100
01011011100110110110001010100100
11000101100110100100010100000010
11100001100010001001100100110011
11100111011111100111110000011100
01100101111100000110001010111111
01000101010110100001001110011001
00101011100101101110010101000011
01110011001010110011100011100101
11111001101000101000010111101000
10110010100101100111010000100111
10100110010001000011110100000111
11111101001010011000000010001100
00011010010010010111110001101100
11001011011110001111101100001101
11110101001000011111100011101101
00101111010101111111100100000000
10110001100001110000011011100101
00010101100111110011110111110100
10000011001100010001011011000101
10011001000111010100011001001001
00110011000011000101001101001110
01100000000111111001111110111010
00001101111000100111111000011011
11111011101010001001111001101100
00000110000000000000101010110110
10111001010100111100010101111101
00000001111100000100101001101000
01011100010111010101001110100000
00000011011111111000110000101000
01011000000110101101000001110000
11101100000000111111011011000000
10011111010101000101000111100110
11000000001001001010110110000101
01011100111111101000000011111011
01100110011001010000110101110100
10000111110010110101111101100001
01100001100011100100100110111000
10110111001010011010110101011011
10001111111111111001111001001111
11111110100111100000010110100010
01100111101010011110011101101001
11011111010000110101001110111111
11100010000100001001011001111001
10110100111111100001010100010001
10110100100010010100011111000001
10100101101110110001100101101111
10010110011011010101001110011100
00000101001011001101011001111011
11000100011101110010111111010001
11100010010111010011000000100100
10001101010011101010100100110001
11111001100110011100101111111100
10011010001100011111111000001101
01000111110100101000010010000100
10101101011010111011100001010101
01001000000000011001100110000010
01000010111000100010011110111101
11011010010100100001110111111110
11101111001011101000010100111011
11010110100110001111101011011000
00110000010001001001101101011000
11000111101101111011100111010011
10000010111011110111100001010001
10001101010111001101100101010011
10110101111010100001001000111111
10010100001011100100101011111011
00110100001001000000110011000001
11110110100000010010001010000011
11110011111110011101000000110111
01101011001100110100101001000100
01100000000011100100011111000011
01110100111010001100001101111010
11101001000101010001001010001000
01011111011111010011101010011000
11111111010101011001101101100010
10111001110010110010101100011011
01100111100101010110000101010001
01000110110001100101110010001010
11100100001000000100110100111011
10010011000010010010010010000111
10000110001010110000011000011011
00101110011110101011100010101101
11001110000000011101101010000001
00010010011111100010001100000010
01101000101011101110110100100010
11011110101010010010111001101011
00110000110010101110110111110010
11110101101101001010001100100111
00111110101101010100111010010110
11001011011000001000110001011110
00101110100111101011101101001100
00010010111101001111100010101100
01111001100100001010100101010111
11111111101011011011010010011101
11100110100011111110011010001101
11001010011100101110001100010010
01001000001111001011101011101101
00100100100100111010100100001101
00010110101100101011101001110100
00010101010001011111001001010000
11001000100001100111011101001000
00110001110010100011010111110110
11111111011000011001010110000001
01100100000100011110111000110110
00001001111100001110110100000011
00101001111001111101101001111000
10000101011101100110010000100001
00100110011011011001100010010011
10110010101101000000110111010011
10011101011001101111101110010010
01001111001110010100000000000000
00100110111111001000111001100000
00000001010110110011101100011011
01101110100111100001001010001110
11000011100110100110101001110011
11001100001111110000110001010111
10000111001110001001001011010010
00100000010001110001100111101000
01100010101100011011111011100100
10010010010011100000101001111001
11101101001010001001010011000001
11010110111100111001010001000101
10001010110111110101100001101000
11101011001001111001100111100010
01110100010010110101011100110001
01000001011010100001101100100010
01110010111101101110101000000011
00111011011110111001101010011001
00101111101011011110100111010001
10010001100011101010010001000111
01000001111011010100010000000100
00100010101001100110100000000100
11101110001110000101011011110010
10001011000011000001100110011101
00001000001001010111111110100011
10010110000000100101100111010101
11010100100010101111100001111010
10100101011001101000111001101010
10110010000000001011000000001001
10111010011010010101000011000101
10110100100111110011111000010010
01111111001010101001100101010101
00001011001011011101101011001100
00011010100000001011000100011111
01010010100000101100101000011101
01101010101100110000111100000000
10111011101100001101011011000011
01101011001001000101000010010000
11101110010101001001010101011110
01111101010100110000100111001101
10000101101001110001111101110000
01101101110110101101010001010010
10000011011011110001010001100110
01101110110101010100010000000100
01011111111110101110101011000011
01110001000001100000000010010111
10111110111000011000100000100010
01000000101010001101101010100101
01010010111110010110110111001011
00110110111000010011111011011011
01101111000100100101101000010000
10000001100100010110110010010011
01111100000010110001101110111100
00100100011111111101110000011101
01111011010010111111110100010101
01000011000100010011100011111100
11010110110111001100001001110101
11111001000010101100010001010001
01011011000101101101001010111001
11000011110101111000100000110111
11100100001000010101111000010000
01011011100010000111100000001000
11111101101101101101000000100110
11011001000110000010110011101000
01001100001100111011001010010001
10001100000000011110111110001101
01110001100111010011010000010110
01000111110111011100011001111000
00100110110101100000000000111110
01110101101010001010101111010000
00011110110111000101101011011001
00110000101101001001001110111100
00000100011111001010010000111010
11111011101110010111111100001100
10000000010110001001000010100101
00110010010001011001100010010000
01011010001001000010111111011010
01111010000111111101000111111011
10101111110000101000110101101010
10010011000011000001010001010101
10011110011011101000000011000111
00111101000001001000110011011001
01100111011000111101101000011101
00001001001001101100001111100000
00010001010110111010111001010011
10011000000010100011011000101000
10010110011111101000010011110001
10000010111001101011001000100101
00100001011110011111110011000110
01100101010011100111110011000000
01111000111101011011000100011110
00101010000010001110111100110011
01111111111011100100100110010100
01110000001001010011101001110101
11000111111010100110000001000011
10010011000111100010011110110000
10000110001110110110011100110111
11111010110000110111110100110101
01011110001000111100111010001101
00100111001101100000101001011001
10011101001011001101001001000111
01110011011000101011100101101110
00001110001011001010011001011110
01010001111101000100001000011011
11001011010010010001010101110010
10011001010010111111100100100000
00010001111001000000010100000001
10001001101001110101101010011011
11011110110001111011100111000010
01100100001101011111011100100011
10011001010101000011111011100110
10011001110100111101100001110010
11101000110011110011111100111000
10001100011110001010101111110011
11011111011011110101011111100111
11010111000110111101101101101000
00001110001110100010010101100010
00010011011010110111000101011011
01011111001110110011100101110111
00011011000010011010000101101011
00010111111101011011100000001010
10101100110101010101000001101111
11001111101011000100100011001010
10011011011101101000100110111110
01001100101111010111101010110100
00111011001010101001111000100110
01101110001011011010001111101110
01111010101101100111011110011101
00111011011101111001110010000001
01100011010100001100010001011100
00000100011010100111000101010000
11111010111111000101101100111001
11011101010010011110111011011001
00011100011001111011011101111101
00010100110100000001000011111001
00010001110111100110000010111100
00101000111100000111000101110100
01100111000100110101111101110111
10110100010000110110110000111010
11010000010100011011000111010111
10000111111010011100001010001111
00111111110000010101001011111001
01111001000111110110101111000110
00111000101100000010111100100000
00010101011011110010111101000110
00110000001010100101000110010110
00010100110011011110010011000010
11010011001101000010000011100110
10010111010111100001101100011010
11101100000100011110011111001000
10100110101111011101111110001001
00110111101011111000011101100110
00000011010010000000100010010000
01011111101101110110001111001001
10000101110011101100001111011001
00001010110000110101110111011101
11001100110101100001100111000011
00010010101100000011011001110111
00100111100110100101101101111110
10000001111110111110000111000000
11000001100110101011011111011111
01010011110100111111011000001000
01010001110100011010100011111001
00101011010111001111100100101000
11000000100011111110110111011101
10011111110101001011001001010011
00110110010001000100111101000110
01001100011101000010100000010101
01000000111001010110010011000100
01010111001000101000011000101100
00111011110100110100111000100000
00100100111101100100001011000101
01110000001011110110001100111000
10100111110010010010000101101010
10101100010110001110101000011101
01101001011100011101100000001000
00100111110010010000011110111010
00000101111100101000100100111010
01110000000111011100001101011101
01010110100100110011100010111010
11010111011001110010101011111100
01111000011100011001010001011011
01010010001111101101110110101110
00101011110100000010100101010000
11100101001000001010111110010110
10011010110000100010101010011111
10100001110100111111111111110110
10111011101010001011100011000111
10000101011111110001010001011110
10001100011100101111001010001010
00010010111101101110010111010010
01001010100001101010010000000110
11101110110010101000100101101010
11010100000010111000110001011101
10100111100011101111011010000010
01101101001100011111101011010000
11011010011011110100000111111000
01100110001100101000001111101111
11001111000011010110101101110101
10110010001101111111110100100110
01111111100111111111100000111110
11010101111101001001101101100111
11110110100111111111110010101001
00000110001010110100110010101100
11000110001011100100110100101111
10110010101111010011100111010101
10011000110011101000101110001101
10010001001000101001110110110000
10011100000011110011011100000110
01110011000000001100101111100100
00111000111110001000111001101111
00001111100001001111011000000010
01101000011001000111000010111110
00100001101100101101001110011110
00011111000110011001101100010111
10100000101110100001100010010100
01111001010100000101010111110100
10001011001001010000001110011011
01110100101111110100100111100110
11101000111110110110101111100100
01001010001011111010100110110000
11010101101000011111011010100100
11000011110111100101110011011100
11111000110010110100010010011101
11100011110011100010111000001000
00010101100101110101101011001000
00000110101010101001010110000011
00000000000110100010100010010010
01101011010100001010001111110000
11000011100001110111010000010110
11001101000100001100001110001001
01101000000000001110010011100001
00000010011111100100111010000101
10000101010010111001101000011011
01111111110111000011111011100100
10000001111101011000101010011010
00011011111110010100001010000100
00001110100101110010011100110011
10011101011110011110101010001001
01011001111111010111100100010110
11110111001100011000111000000000
11010101100111100011101001000101
10001001111100011111110001010100
00001010110000010010011111110101
01110101010110011010110001011010
01111100100010100011010110000000
10100011111110100110010010110100
10000101001010010010101010111011
01001010010100011011001110000101
01010011110000010101011001101010
11001001011100000101010010010000
01000011001100101111010001100011
01011011100110000101000111100101
00010110110110001011111101000010
01110001011011100010001101100101
10000000011000101110100011110101
10101111101101010011011111011001
01010011101001010111110000111010
10101100011100011100011100110100
01111101000111110100101010110001
00001001010000011000011110000001
11111110111001110010111000001000
00110110001010111000111001000110
10111010111000001111111111100111
01110011011100010101110100011010
11101010000110010000110100110100
01011001000100101000110010111110
00111111101000000000100001111111
00010001001011010101100100110100
01111110100010011110110001011101
11010011100110010110100110101011
00001001000111110000010011001011
11111001000111010110110001110100
11000011010110010101011110001001
00011011001000000011110110010100
00111101100100111110000101000111
00010010111011011011011010110100
11011110111101101110000010111000
00011010111000011111000100001000
01001111000000000001100000101100
10000001111101001011101110101010
11001001111000010111110011101000
01111010000111111011100001100100
10100000101001001100101011101100
00110100001010111101111001001110
00111010001000100101110110001110
10010100011010000001111000111111
00011110101100010001110101101110
00101110110010011100011111111000
01000110010101010100111011110111
11100000100100111000011000110010
10101001110110001111001011000110
11101111001110011010000000001100
10111110001100010010010010000000
10000001011110011011001111000011
00100111111000101011010110011000
10000101011100101100011011001110
01100001010001010111111100010110
11010101011101111010001000101101
11110111011100001110001101100111
00111001110110010001101110100001
00000011110011001101011010101001
10111101110010100010101110010000
11011100000010000101010101111011
10010001001100000010110001110101
11101110000110101110101100100101
11100101111010101101101000111010
00100011011110001111001000011011
10111011000011001010010100010100
11100111010001000000101011101101
11100110000100100010111011101110
00001111000101001101011011011011
01100101110001100010001111100110
11100100110000010010110000100000
11101011100001100110111001101111
01101000110000100010010110100010
01101001010010101101000000010000
00010110111011011101100100001000
10000001011110001101001010111100
10110011011000111011100110010100
00010110100111111110100100010010
11010011101101110000110101011001
10000001001110010011001101100001
01001010111100100001100001011100
00100011011111100000101011011011
11000000001111010000111111110100
11011010101001101111100101101111
01001110101010110011011011001101
11010010111000011110011010110011
00000011010101100011011100110010
10010110001010001011100001000110
00010011110110001000100000000110
00111000011001110110100011011001
01010101111111110111010101110111
01001100100001011110010100000111
10101011001111001110011011010010
01101101010001000001010011100101
01011101101100110011000001110001
10011000110101001011000100000111
01001100101101010100100100100110
10111110100011010110110101101100
11101111010000010001010110100001
11101010001011101100010000111000
00111010111110110001001110001000
11011000001101011011010101001110
00100101111001110101110101101000
11100101001001111110000011110110
00100101000001101100010010110000
00111101110011110101000011111011
01110100001100000111100000010100
01110110010001100111010000101000
00001010100000011001111110110100
00011110101110011010000100101000
11001010001010011111001000011100
00110010011100011111100111001111
01110001111100001000110111000001
10001001111100011001010101111000
11001001111111010100001011000110
00010100010100110111010010101000
10100011100011110110000010100100
01110111111111000101110011110001
10100001000101111001001101100110
01100110000011110010000100000111
10111101100001110110100011110101
01010011111010000000111100111010
00111000101101011111101000101011
10011010101100001100010110110100
01011011000011000111001100011000
10001011011100101010001001000101
10111001110110011001001001100011
00101110000111010011101001110000
10110011000000011111011000001001
00100110110110000100000101100000
00100001100110011110000000010001
10111010101011010011100100100000
00110010100011000010100110110011
00000011100011100001100010101010
01101010111001010010110110011101
10001111010000100111101111111110
11011100010101010111010011011111
01100111001110011001011010000010
00000011100101101110000110010000
00100110010110110000010010000001
00101111001000000000110010001100
00111010100000101111110001111010
11110110010010100111111101011000
00011111011111010100100111000010
11101001101001101011101100000111
10000111100110011000111111001111
01110101111000011111001111011111
00010100100001011100110010111101
01111010100000000101010000011111
10001101111111000101101010100110
10000001001110111010110101001110
10111111000101000110011110111001
10100001001000001011010101111111
10010000100011111010100101111011
11100111000011110011110000111001
11110000110000001100001010101100
11101010011001101100111111101101
01000011011101010010010101001100
11000001000011111001001110010000
00000010100100110100101000000001
10110110110111001010001100101001
00111001001011111001111001100110
11111100100100101111100111100110
00101110111111110000111011010101
00010000010101110100110100111111
10011100110011011011011011111000
10000111100101010111111111000110
10010011010110100111101101110100
10001111010100101101011111010010
10111011000010100110110111100101
01111011001100001110110111010010
01000111110010000101011111110000
00011000010110110100000000100111
10001010000100000111101110100001
00111010000110000011110100010111
00001100001111110010001010011011
10011001011111110001111011000000
00101011111111011101100000101101
01110001000111011110000101011000
01100001101010101001011000111010
01111110010010010101100010010110
11110010101110000011100001111010
11010011101001000011101111101001
01000111100011001011000111000100
10011000110111101101001111000000
00111001101010000010001110001100
11000110111010011100000111100011
10011110110001101000000110101100
01001101010010111110101001000101
11101111000100001001000110001011
11000100101101111111011111110101
01011100000010000001010000011000
10010111101101000111000010111001
10111110110000001101010101100000
10100010001001000101000010101111
10011110111101110000001111001111
10011110110011100011011000000101
11011000000110100101001101011110
01111111101110001010001001101110
00001100100011110100111110111010
11001010000111110110000101110110
11101111010010101101111011101011
01101000100100000011011001001100
11111101010111010001101110111101
01001100100011101111111010011000
00101011001101011101001001011011
01111010101100011001111000001110
01100100000111101110000000110110
10010110100100100110111010100111
01011010000010110101111001110001
11100011010011000100110100000100
00001001111101100011000100001111
01110001110011101000111011110000
01100010001010111111111111110000
00011011111011000010010010100111
10010010111110101100011010011101
11111101001010111110010111100100
10010110001111000110001110010000
01111000001111110000100101011000
00111011111010010001011101011101
11101100101101000000000011101011
00011110010111100011111111010100
11010111011100010010100000011111
11111111010101100110001001111000
10011111000100011111111001111000
00111111010000100100000110000011
00110101101111010000111000111010
00101101110010111100100100011000
11001011000010100001011000100011
11000000000110111001101101001100
00101001101100110000010000000100
10100100010110010101110100111110
11010011001001101000000011010000
01000100100101100101110001010100
01110100101100001100111011110010
01110111000011001001100010001111
00111000101101001101011011001011
00001110001111100000100111011000
11011011100001101100101001011001
11000110011011101011011000100011
10101110111100110100010001000100
11000001110110010011101111001110
01010001001011001101010010000101
00010010001010100010010000011011
10111001001110001100101010101011
00011010110001010101100101011111
00000111000100111001001010110010
11111000011110110101101101110100
10010010110110011101011110111011
10010001000100100011010101000001
11111100010110100000101101001010
11110000111110111101111010011101
10010110000110010101010001000111
10100010110110111100100101000010
00111100001011010001110010100000
11100101100000101110100111100001
01111110100011100001011000010011
01001011011010111001001110000000
01001110010111011101111010011111
10110010010111100110001010101001
11111100010001111101000001011110
00011111111110100100110101101110
10001011110101001011100100110001
11100010011101000100110110110111
00011011010000111011101101000101
10001011110100000110010111101100
01001110000110110000000110011101
10001111100110010100010001110001
01011000001001010111101100010110
00001011110111110111011010111100
00111010001101111001000101101101
00000110110000111100010111011011
10101011111011110011100010110001
01101100000001111000010111001000
10111111011100110010100111010011
00101110111000010111110001010011
11101110011101111110000011000110
01110011001011000011110011001101
01011010001111111111010101111001
10111111101111010101001110000110
00101011110100011000011010001000
00110111111111111101100110111000
00100010001101001101111111010001
11011011000011110001010110101001
00011000011011100101111011011010
00010000111100111001010100111011
11000000100111101000110101001001
11010100000011101100110100101001
10100010100000111110010011101000
01100001111000111110011011110011
10001001110000000011001100011111
00010100001010001011111001100110
01110000100010100110110010110010
01011010111101001110010011001110
11001010111111011101101000010010
11111010111110000100111100111000
10001110100100101110110011011001
01101000011011001011011111001000
10100110110100001010001100111111
10000010101111111001111001001001
10100001111010100101000011010100
10100010001011111101100101111000
00011111001001000110111101100111
10011011101101010010001111011111
11111011001111011111000101101001
11101100110100001011110101001010
00000100011101100100010100101100
00110101010000001001110011000011
00101000111111110011010000010101
10110001111110100100110100101111
00010100111100100110110000000111
01100011110010010101100110000101
11111110101100110100010010010000
10100100011000100111010011001101
11000110101011101011011001110010
01100000001111101110001100110010
01001010111101001101011100100111
01011001011000010111100100001000
01000011010111001010111100110010
10000101100000000110111000111101
10000101101111111110110110010101
11101001100110100100110001110111
00110000000110111001101001011011
00100100001111111100000001011000
11000110101110101100110111000011
11011001000101111100101100011010
11001010001110101101010011000010
01000010001110010110111010101010
00101100100100001101011010010110
00011110010011000010001111000100
11100010111001100111101010011010
11011101110111111011111111000010
11111110011001110110111011011000
00111011000101101110001011110001
01111001110101111101000001001100
00001001110000011010110110011011
01101101010100001000001011111101
00000111000101101111111110100001
11100111110111111010010101111011
01010000111000110011000001001110
00100110101001010101010111101010
11100000111100011010101111010101
00101100001101111010010011010100
11110110110011000000111001001011
01111100101001110111000101001111
01111101000001001110101100010100
11000101011100010100101011101010
01111011100011010010110111000000
00011111000011110100010110000001
00110110001111011111100100001000
11110010111100001010010110101101
00001010111100100011011010010111
01101011110011100011101001001101
11101001110101100100110111000000
10101111101010111001001000110100
11100101011100101100000101100010
10011001110101100110011100110010
11100111101111111011110000011000
11101100011010000000000011001011
00001011100000100100100010110010
11101010000100101001110011001011
11101000010101011010101000000100
00111011000000110110111010001100
00110010011010101010110001101110
11110000010010010100000001011111
00011011100100101111101011101111
10000101111001000001101011001101
01011001101010110101011010100111
01100010100001010011001110001100
00110110010010110101101000000010
00101001101100011011101110110011
01000100010110001010010110000011
10001011101000000011100010001010
01101000100111000111110011000100
00001011100001010010101000100100
01001101101011101001010010011100
11111100101111010101011101000101
01100000100110010111000001111011
11001001100001101110001100001001
00110011101000011001011011010011
11011001001110001110111100000111
11010011011011110001011100000000
11111000001101101100011101010111
00111010000010011001000001001011
10101011000011110100011001010010
10100110010000101110101111000111
10110000011100000001110010111000
10100001011001110110111000011011
00010011010110101010011110000011
10110111100011001101000000010000
11011011010000010011111110010010
00000101010001110100111010000010
01110010010010001011100001111010
10001100001101010001001010111011
10011101001100010010101000000000
10010010011101010010100111110001
01111010101000001010000000100001
10010001000111000000001110111010
00000100000100010000010011101100
10000001011111010101011100111010
01111010011111010011101010000111
01101110011100101011010001010001
10000110001000101110000111110111
10010000100101000001100011110001
01100111110011000110110110100000
00001101011110000010111100000001
01111010001101101010011100010011
11100000000111010100001111110000
10111001110110101101101000011010
10100010000110011000111011101001
01000011100101001101100111100101
11110000011101001100000101010111
01110001110111101011100000111001
10001101101011101000111000111101
11001110110100011011101011100010
10111100011000111110000111000010
01110111000110000001101101010000
11111010010000000001010001000011
11000100110111100011110010101101
11000111010101100111111111101111
11001000101101111011000000011001
01000111010101001100011011000111
11100000001100001110110101001111
00001111100111101011110011010110
01100010101011010001111110110100
01101100011101010001110010010100
11101010110101010110011110010111
10001100100111101100101010100100
01000000110011000100100111001001
00110000100001110010000011000000
10100101110011001101110000100110
01001101000100001011010100000110
10110110111010011110011011011111
01010010110001100110011010000010
01000110001010111110001111110010
11010111101101001100010001010011
01010000000101010000100111010010
01100011011110001000001110110001
01001000110011111001110001011111
00111000001110010000100011001100
00010110101011111011110100100111
00111111010011101001101011101111
00110000000101000111000000101001
01101001011111110011111101101111
11101111101110111000010111011101
00111100111101000010001100100111
01110011100010001001001011101101
00111011011011100011100111111110
01010100111101111110000110110100
00011001100011101111011111100011
11011010101000010000111110101100
10001100001010111010010100101000
00000010100110101001100001001100
11000111001110010100011011101110
10110001001100001101011100111101
10001000101000110000100001010101
01011001100010100010000011001110
01001110111101010000101001110111
01100001010000110010001100010111
10001111101010011100011111011001
10100111100110011101011111111001
00010000000001111000101001100111
01110111111110000100111011111111
11101000111111111111111101001010
10101010000111111111110010110101
01010101111000000000000000001010
00100010001010010001000100010001
01101001011010010001000100010000
01101001011010010001000100010001
00000000101000001010000010100000
10100000101000001010000010100000
10100000000001000000010000000100
00000100000000101111110100000000
01010101000000000101010100000000
01010101000000000000011001100000
00000110011000000000000111100000
00000000000000000000000000001010
00000000000000000000000000001010
00000000000000000000000000000000
1deg=44512
deg tmp = 15
52 bit k-distribution
k(1) = 44495
k(2) = 22246
k(3) = 14832
k(4) = 11124
k(5) = 8899
k(6) = 7416
k(7) = 6356
k(8) = 5561
k(9) = 4944
k(10) = 2563
k(11) = 2563
k(12) = 2562
k(13) = 2562
k(14) = 2562
k(15) = 2562
k(16) = 2562
k(17) = 2383
k(18) = 2383
k(19) = 2133
k(20) = 1913
k(21) = 1912
k(22) = 1717
k(23) = 1712
k(24) = 1712
k(25) = 856
k(26) = 856
k(27) = 856
k(28) = 856
k(29) = 856
k(30) = 856
k(31) = 856
k(32) = 856
k(33) = 856
k(34) = 856
k(35) = 856
k(36) = 856
k(37) = 856
k(38) = 856
k(39) = 856
k(40) = 856
k(41) = 856
k(42) = 856
k(43) = 856
k(44) = 856
k(45) = 856
k(46) = 856
k(47) = 856
k(48) = 856
k(49) = 856
k(50) = 856
k(51) = 856
k(52) = 855
52bit D.D:  18265, DUP:   33
