dSFMT-86243:147-43-3-4-16:fffffdfaff3ffeff-f3efffffffd6fbbe
generated randoms [1, 2)
1.54201791103886387546 1.79851273705224934396 1.90546353840240212385 
1.50882208579637300261 1.76817259833767925770 1.28213390267122195887 
1.71827651187277474776 1.19569757976550961054 1.69975234998297897171 
1.25058082107640333724 1.90540250417430878649 1.57962097572083726149 
1.51004490176413308511 1.88882946063081402777 1.56929456079969953386 
1.06687631845220409765 1.53190209720589942677 1.49368611048999921920 
1.17346649175521422492 1.71756753649001581152 1.35458435209383343256 
1.01153478089255544070 1.32525493406251548834 1.81136673743461651398 
1.48386844709193610470 1.67283616651977595779 1.99207168837280446105 
1.43931249958092077890 1.35652330728901526768 1.67780118275961753760 
1.95007699405601764298 1.47591800409683449047 1.95868185279252693398 
1.67828248437085214562 1.51528810083371778816 1.02117159953366565261 
1.88087630512118164638 1.49621759325785097516 1.17776468925197974613 
1.11687255116641437347 1.28602099869381159003 1.93302401588114203257 
1.20230839513037746080 1.98652671310721151698 1.90608222230004198394 
1.19273935636276506855 1.13091604954493685220 1.08774774445492083963 
1.49128021152072709476 1.07224503822839256628 1.02055478173313796120 
1.37351382063960514301 1.23267627177018335161 1.35278798048307180579 
1.25022786725470247404 1.94841765825378687715 1.25687591503917994729 
1.03913273144432882766 1.86888700957198938823 1.07310181626607370475 
1.00816071631945347598 1.16781168069079610561 1.50872958654330324713 
1.73624184678467252674 1.00674790569692085285 1.83467286214562230739 
1.14644664351931968582 1.05822981498474089079 1.31329694141480879388 
1.34602851856959260246 1.56272768931738426090 1.21325054925895670088 
1.21887317313628829041 1.43142184647555148480 1.42972372940642267203 
1.47534902842757675856 1.73492256278357070975 1.25011458990974277938 
1.17584551390926606018 1.47739294721310732150 1.99428813241022240277 
1.22156126246789042966 1.28196311341217250579 1.17753225079414036713 
1.69696939850698624852 1.66883024634391041729 1.42727322140611723178 
1.66569669397038189196 1.37715530354809367886 1.86392830641088225185 
1.25134248630256084134 1.65435112450800203554 1.87356520628582434718 
1.96890740615986548079 1.52963170291192707140 1.62968981453178951568 
1.06282572482934045688 1.66445249851846921452 1.60215936377079715136 
1.70790584635200715091 1.83164571724029912048 1.78174984130584590503 
1.36513269958595517828 1.75635131771116337340 1.17269145066605084970 
1.19834174180169172885 1.32180011734067970330 1.44651201364869219645 
1.10224899989839841830 1.10053236445973956492 1.34425732505894801605 
1.08802572528931174034 1.09961979523754838084 1.90324245856975338143 
1.84163653043015318467 1.26547380718269542044 1.69771727060821930877 
1.23284329871189668459 1.92548771530535578478 1.92818005082983834342 
1.13877925092196008450 1.58616742196636884010 1.08524116652885505019 
1.93047407108008139964 1.27835885877600929916 1.49916638289859349698 
1.17235806092807748335 1.22062912756857744334 1.52320223501168072744 
1.37958187703080126241 1.90433740821576780178 1.44585051502013195446 
1.01961315738223379235 1.86315711132736727684 1.29117577400114202923 
1.21127125213795250325 1.81050615813867854520 1.29526585263276650117 
1.10100679199311413115 1.63952822242848594847 1.89863732320410560916 
1.11434769932079147381 1.67830101795857422609 1.98886008595681729183 
1.61683231579025221691 1.17917029256774519297 1.12558189411134401681 
1.96051953522424193821 1.59604065685846818745 1.82877365075594444654 
1.62875728680126341530 1.42439388426409663246 1.51328640913236811549 
1.93248241242178608879 1.27482758707071797133 1.78073740137948743900 
1.25034548442726012318 1.58460849055452834833 1.08935307651423163300 
1.56502873356213867417 1.43810764254383038896 1.11560134980442327013 
1.71594628137159310732 1.18942499844202598247 1.84525786860488438812 
1.00791648532551536555 1.38851616330889982009 1.91384504896124596485 
1.60063238213469416493 1.85286640318423145857 1.30069884539457802930 
1.68714482776793373020 1.41983381255519347519 1.25528680301748218895 
1.22740511095158510990 1.70122985346676514062 1.08640983765613308165 
1.02736551064420256196 1.32825829426250985321 1.95994309012597489605 
1.46282629712533385202 1.67073384765295762655 1.01354950730187454155 
1.08137683261438266591 1.49584526266088801982 1.79928285798295006792 
1.25425747601626058625 1.57063429352343075784 1.33796634365026512192 
1.30053849051046244156 1.47065482569197247820 1.08326527363566227358 
1.63219304046867730307 1.56373048991510055217 1.00506267355559431032 
1.82662178242486716861 1.01345808877292831163 1.32446014758969932146 
1.01626670238291794135 1.62504716982596830732 1.41077710322615668126 
1.76980467217194470386 1.91592478696338974764 1.04919007284343268616 
1.78279242225689582568 1.02952746498161662458 1.51356658976588098753 
1.67397384656226844157 1.95530580029676470666 1.62560668387993945139 
1.65368005337452461667 1.60373175566022241334 1.41800205403535684034 
1.68378335296005321453 1.46007706800324910112 1.48866997017340874088 
1.41050564072782624869 1.85315819396733294511 1.94807575841299285280 
1.12199403965629196378 1.74300109091414467954 1.07441976701463182131 
1.63537231099545699031 1.07541948994827851749 1.23925739260347400617 
1.93216589280219364078 1.98595658764037308330 1.03937733116128749877 
1.29982790520605173690 1.51017593030612151672 1.38529474073693137370 
1.98805378855052850007 1.85789761788076801530 1.87285103107202188788 
1.73601880664714625091 1.00020575282235668624 1.69674440310838448021 
1.59518118304116152117 1.08024999781812525157 1.70178958101947364057 
1.93248759061335184661 1.72855765374051961736 1.71422644311380212301 
1.64593704036302335147 1.64433494730889018243 1.15861446281138280590 
1.67715344447501046865 1.17710939146222415275 1.95322328684984047875 
1.09859360771512037935 1.70537593847776247635 1.00339322326483459946 
1.16696325673878065210 1.06384629336662661636 1.84678839572756570142 
1.04352548986772997175 1.99948286267638541958 1.19761507057714822189 
1.06753332143806445309 1.83601022592031237757 1.95304055843594093211 
1.39858378077081368929 1.57134839012642291145 1.19142469141545204181 
1.03733612596953905793 1.19143249887692981304 1.61633478395045449005 
1.66565220642996303368 1.31813944075884736939 1.34787252466036977516 
1.49999875359570311595 1.39951022000677749446 1.61101821742121731340 
1.67173120661638630047 1.27306701703392244340 1.36510250749419204119 
1.74186551978301196186 1.17341641695175535887 1.18138309775368677279 
1.80205676820515048320 1.06006539379662090283 1.41660886914804984293 
1.14005702443677647828 1.62516374263651020016 1.73960363584706922957 
1.50141527707686139870 1.79242069801945724805 1.57137217461672951124 
1.09703927002913603772 1.40139787100268264908 1.79318375662585305363 
1.20304306661741300388 1.71987641426951132217 1.01592555356535774180 
1.95438355780361461278 1.94459163084599140348 1.45852655801880115582 
1.21281215998741553896 1.85394844200884256757 1.09624551379509704852 
1.31546491166287005115 1.75149082409498157986 1.51900805671619054671 
1.83216085979563203523 1.97402004772059980198 1.55968132744224874386 
1.85291714393840845077 1.37297803564497522544 1.11626002649677835699 
1.98267444649502344589 1.79704740279578478734 1.75555196493460896612 
1.13394978605441654196 1.01170658962903425859 1.12840571849253823444 
1.49099253851077295785 1.65502804529364322406 1.61556584705285111170 
1.71387126444490189847 1.07717745189189351152 1.16240483547564132927 
1.57185608363270090670 1.46472698829342129478 1.72989582437149924665 
1.17879315819692687128 1.43212841634868670582 1.02546694848605079997 
1.63852298827719877750 1.40426329886644518652 1.83081693764022612747 
1.14373288992971766653 1.67213583606451288155 1.59509610152341863021 
1.47119049630296361286 1.53183438097882285156 1.55689484703993796799 
1.22366981203555735824 1.75203072962794004219 1.97199669726454507312 
1.21163500729839057612 1.94155542166722949737 1.87093744827266417197 
1.49383232690310552293 1.97299071268167858229 1.22244477081190638934 
1.54064725142827874116 1.43423010161270214624 1.45287092694813657623 
1.75124953761693658016 1.51349879128370723436 1.70549242849568960523 
1.59015403091389173618 1.48295261796743238492 1.91371881536715604533 
1.13285541430931968598 1.96524503956579721375 1.86183071746128647739 
1.36260980625644645414 1.90843695342412189575 1.31531276297917854023 
1.39929169273784803629 1.81371344982633186937 1.11923586871628577555 
1.71291810665781318868 1.42813295030530595930 1.39016326597414141553 
1.42536646912612341431 1.22279093367834534867 1.13683969566678033658 
1.69795321778556540515 1.88291977457438086674 1.40823741292057635910 
1.29380959347464696840 1.51114979695010287486 1.72764298734824039983 
1.76656374897529855339 1.14820415667577790941 1.83428903886175453941 
1.33208582806244124619 1.88990045350877400310 1.69257699546216855424 
1.20214444639845119411 1.49759279548945567484 1.58138151966446671715 
1.73936897090936781751 1.10180736997697681367 1.12870467742188074212 
1.64574147680735971555 1.30450740498464412553 1.43989233049117104635 
1.49702720541494493922 1.46463455987571444794 1.30810323176204068574 
1.71283969944337699509 1.55869997577039764991 1.23155384250448562966 
1.74191284184893069309 1.28228409819508404333 1.27991229204095158245 
1.52141226808327201248 1.73031806148814659707 1.07495565592037212177 
1.78787834338837936521 1.94546067622523022322 1.18822066603587339628 
1.06722236923654478780 1.92246288335107662348 1.90063823328268544088 
1.73397804816950951157 1.74783065221665423472 1.27833366234065270994 
1.76833247755889355624 1.68918850678424248279 1.68214839136303373479 
1.98811544476008417170 1.94853768460240983629 1.75400850385164308598 
1.58390265790774908972 1.95744092461884644507 1.20171484488696989068 
1.95842519193471842343 1.69905608367384752810 1.90801310695338743884 
1.46845765611214273960 1.57586728772288964251 1.08980449837189863338 
1.84283222660079504251 1.98273164558838321803 1.76113877567096932530 
1.74753858523284621995 1.20386645185434337790 1.53920193794514759134 
1.79162288985703987976 1.47322395770263625536 1.38358603461610241148 
1.09691898569657597662 1.20285005546621048822 1.93509873203203364156 
1.94604608906167597659 1.98119369345925333548 1.91186996171718104343 
1.63183307991963166828 1.43150712800926860346 1.96726929381982240663 
1.82718518538113117167 1.12611677391627140743 1.87048649038438963288 
1.98358061498288607005 1.57550343828065697593 1.01368774076713741294 
1.72022278174817433438 1.24955830830462355507 1.78369307917876573910 
1.42832543224681018934 1.96268414023527415502 1.43613472969523159328 
1.53136239580057664789 1.37248831387364478296 1.43692822680911391764 
1.43206753882517490162 1.52974017679716789431 1.67676668974957632230 
1.07635012316338363192 1.00644332779313838699 1.20604466373316188132 
1.07702703443527725291 1.40449149835025477451 1.10136331583913826826 
1.37815161152101506303 1.95095106074643109828 1.85893876868767615740 
1.61792664613932313245 1.36373987141559949166 1.28746746336832718072 
1.40975978740073060180 1.04580782629295265806 1.83570724481423019903 
1.24153416725560217238 1.53676025769347091021 1.77395215297452590875 
1.37517181768235197126 1.74706507994820592344 1.79126230620861837117 
1.07431315987940112500 1.18900394903623873866 1.96729150087612514319 
1.71291907955179767420 1.71117717304057359584 1.42850261012909074410 
1.33860311007716537013 1.07971087988995995133 1.42021983798102957586 
1.82753614344766224242 1.16958675945855228306 1.67411659496202447350 
1.39068783183959787664 1.24229649092686300627 1.71454298180003528174 
1.73855976961186353691 1.90719858160414434955 1.37444213876726917256 
1.82860574957804522533 1.67090734364169768433 1.87990866981464677110 
1.63508534448847608900 1.39458438771135972978 1.01260756642664762062 
1.53617686556912880214 1.50462279531052267600 1.73041758726973471383 
1.29563108534372251057 1.62849716403743993709 1.64888726318901412959 
1.11445828021143933384 1.74524972600556682600 1.94420063422796829400 
1.19600552876153454207 1.43869897969245474911 1.38848153568183585449 
1.40952840318155181443 1.20252644293918442564 1.48196268843187550779 
1.59463258090447945747 1.35668126102419073220 1.35886742724819264971 
1.81889921184610159344 1.36147572522201976142 1.52270189626062601995 
1.67649987998563210212 1.57375905278016370303 1.01066303280534586229 
1.67229973497473549671 1.74219155791810331735 1.29669633390865590705 
1.19517423906065700656 1.05627724830222669006 1.90227376747211418540 
1.61816587706823100667 1.87076262397108283864 1.29381863955481390960 
1.93121873890581774447 1.46245108926777311886 1.45087566582972438134 
1.45237112743916596536 1.08420364608885599900 1.78387728868187500630 
1.14294463522803502187 1.53703054252594673024 1.08202736207837779681 
1.57840104614119791648 1.59366242182589856746 1.14121258933297142768 
1.45444616562478734600 1.44735947015518262582 1.19835086309784855096 
1.89320538872794652541 1.78307910412152992308 1.03541487292381884089 
1.53729674354354250987 1.82859958671217492920 1.57016872444908051065 
1.49074944206835269256 1.13263600478963466500 1.39674169792133828771 
1.03045677453804573886 1.62423473025166376082 1.91987259403295618121 
1.49962038587410595447 1.01406250959211030604 1.50096235720042781026 
1.02305831318826490062 1.09277420573437322737 1.20494529825609508755 
1.13361257685719540866 1.80493188814675309395 1.75325967292977602519 
1.94556891646602325707 1.31757943621147588509 1.46908327570465924161 
1.32950919454108307249 1.72102913789194400529 1.10856147544412664274 
1.19179968820524173623 1.77471486263158473307 1.50424843902572535903 
1.43606255074965827312 1.23304636193739902694 1.76633716454163747223 
1.44413334509372726089 1.58127822833031106420 1.87417726282663732462 
1.32730228878019351768 1.40766957986847573991 1.32184436803503801983 
1.00214673815328603190 1.25389552539738424741 1.63983837291120271296 
1.15512205988631233566 1.31761290015756449279 1.53522837447598936578 
1.41560915409090815054 1.19983538108965448465 1.24653506989083329159 
1.15904287254737581314 1.28444184458455445963 1.67405123727439919534 
1.51566622811995665998 1.63594705631134273993 1.23437492620821398503 
1.43920311053784288902 1.93357422631130670965 1.33326864992602844850 
1.68852191087565506322 1.20258267587922507147 1.68872729439976421162 
1.49019598651829587865 1.61976889893483400051 1.21656818477857830985 
1.50302062700886951419 1.84874396870767965240 1.25758293243818020102 
1.59879300431839310725 1.85422156721698128123 1.96570609538158458385 
1.74801391099424030529 1.41213439309846244818 1.78227380813974289886 
1.94305198608891460665 1.46222619222187555366 1.65053105288448498378 
1.95034653411496794462 1.28027687098926268305 1.18874370035185839001 
1.77341957695901109027 1.63038703328001077786 1.09401872843063663332 
1.61426620079318117185 1.55910999940949035469 1.22199162909050063064 
1.55101936241310700559 1.96568035975802746229 1.00288280202791701967 
1.57056132603216203059 1.03429478672282582075 1.55883372545914689056 
1.55048713262935700108 1.86910888041350164990 1.38960972907136004473 
1.34278022391792872803 1.80436480795355547180 1.37056823722829745904 
1.67129021014092149500 1.81050769174577452780 1.52584541987237343186 
1.80120757191054048363 1.61981904085040495644 1.90840498320969009782 
1.54439281049788501576 1.85669438107274720196 1.65459913023738525162 
1.85893803499988452543 1.61355274251317437617 1.41293372484532264721 
1.63739253327182665565 1.29202649128057744932 1.42184573165538807871 
1.08714628624330744699 1.79292544504077011602 1.89926911902972173074 
1.41236359980591985597 1.51230413306564903664 1.01881682169938847515 
1.93361726199342798260 1.36478438480712416236 1.63670140779878603432 
1.70395312944862120652 1.91529721139374653482 1.34382908340748041809 
1.07437356960087626589 1.35379027117325434482 1.61753476411743135621 
1.99994075994866427060 1.62138535852604070975 1.61382860305464803652 
1.75870081301798641960 1.37971539337812210135 1.81208424777743615230 
1.49109294222200738922 1.89271968436307136407 1.90635289053939982473 
1.77507105148700183861 1.18772746087480474131 1.51311674277827679092 
1.21341314479755024713 1.09440427402496931464 1.19819219462306425505 
1.44629552143086703708 1.76366189192093947291 1.69498131717175537503 
1.93817730283726619156 1.06652195456880849456 1.33621028876368486138 
1.51646089075283563297 1.26309096945447985050 1.50543876814679666865 
1.38483449455705986963 1.04981520607053346872 1.65792581285355766774 
1.61542724692824379851 1.29373031310555797191 1.09739456887720909783 
1.90357679920361611003 1.11199642322937575223 1.57837978239735754471 
1.77253829274244600889 1.56231533313796111528 1.41641925494302856059 
1.99126531333385980993 1.00486252995113201081 1.80448606434900660211 
1.28354373409371413928 1.28492556393413348559 1.74162221546930240379 
1.77417168530166535767 1.54299349532448037969 1.37735607631384970873 
1.25693533001581858599 1.78659482607466357784 1.18500841695497860506 
1.81804794303463412852 1.54979507050798170908 1.03500970989687712809 
1.62493231715030828077 1.92903934999552673091 1.27858350383548824425 
1.29084895305642843866 1.52578495640068001471 1.48160961441283678397 
1.46198939038449737815 1.70014085975454265487 1.36081696486557501835 
1.18472106203614702125 1.28593606877602817384 1.72860435529889899797 
1.57104215799949775700 1.28196517619496752616 1.51568082124523018095 
1.51156418803200254253 1.43769540592132294421 1.65781970056323446627 
1.16719156435402449112 1.04441088478326693512 1.44329669605584087755 
1.31353842747204541119 1.58433980967757115366 1.11598495833584765435 
1.60709168212335518078 1.91869975876852194574 1.87053150373128507233 
1.60479979535633621168 1.76233053196122457784 1.87355491703794418967 
1.00544210375338605168 1.18975832861053198997 1.31947290986659493406 
1.96385987888459845330 1.73495668506957478883 1.10089864308077878263 
1.70545769453235496194 1.07323576418848398717 1.66604872038494788988 
1.54376082966255978590 1.63059986563621972522 1.77045713274448734964 
1.24292446376343090897 1.72133286329773405043 1.08646612846685286513 
1.95582608022221049460 1.35924308908053337319 1.58673665312251288562 
1.57414253070522081046 1.88509124589580090436 1.74267490486019926976 
1.88418443611501462698 1.90567446203124601922 1.56409441946208804808 
1.72727196295013696314 1.33057288392373385122 1.25918375820176819957 
1.00619955876107725068 1.84608485036978264837 1.14950445214894947377 
1.77253824709484919531 1.87365340112694700458 1.26949407962273208561 
1.65680654500165203125 1.48429978041114085663 1.05911740261284159637 
1.01556964470575317172 1.38007574293053414394 1.65729162598790225047 
1.05218121085666727055 1.50619101483277550990 1.21450246425024310781 
1.64777136065895701833 1.23877725343120537183 1.31067675901371427649 
1.99353328489121284228 1.85668844442583691468 1.79151553001545105204 
1.04062678434769617652 1.76016032052207771486 1.94949597777438543567 
1.06855724378428540433 1.33814682846221422174 1.12497282943795062771 
1.31421392346836674037 1.68516446492828331216 1.16768438938307550501 
1.81008691668819188259 1.71985630967117453238 1.38618236562047747462 
1.82143928960210077506 1.87121633893116090519 1.55140853017261681757 
1.27250387944267395746 1.49626511507162862635 1.31426777405107908514 
1.48309143354359362910 1.34602903058905454259 1.71014636943105458045 
1.60583995052536665504 1.56815640355335306211 1.39289679238224106683 
1.85127612025388232908 1.14359308354261957064 1.91288048204174065958 
1.94012535747589387469 1.14964496060158816171 1.57485659102770614304 
1.36609711329437466532 1.66769349660309917915 1.00112800133499479927 
1.32398312834912590397 1.09969973550420552222 1.11669488366225411191 
1.48059364697323259108 1.36438046143032454260 1.87348867328910317909 
1.68157165625937166098 1.99223586052141721225 1.52904157808326557344 
1.94405863680276413952 1.67485820731806067663 1.75139060837631421741 
1.67509053863489665304 1.47093956073636600301 1.87660791460449938306 
1.76236360478181941502 1.63584471584434876235 1.24441824272645917837 
1.54517539464449282782 1.02305429727158037068 1.86230441656144174445 
1.51575413629328359377 1.79483007799587324094 1.80888819842053583109 
1.57408094474419324449 1.81904302854668120659 1.40739747069384324440 
1.69409223043877954495 1.80602517399790252206 1.86173294778481990264 
1.45755612636397935411 1.74072586243724214405 1.06453251265206261245 
1.79296781590395237771 1.31977908179241043563 1.43818531028138818506 
1.73034313640273595958 1.88984071595825353640 1.56517708000802735491 
1.77326793700267093534 1.97254375890218835998 1.34493999617419834891 
1.36076817251102144546 1.18536481177141461707 1.20669482512880477110 
1.60445842220199885730 1.98809864712695105737 1.31353969803038617137 
1.56057431348281450134 1.25095935758682119676 1.09310663246757999723 
1.73805319678598246824 1.89298812298611007776 1.51479478468263817348 
1.09190690487465413838 1.34798428372441181367 1.04993668268993478598 
1.06332025817202802109 1.97497773338013349331 1.21249997249745788963 
1.18923800683389524480 1.06722270746629832594 1.76170879082715758912 
1.85692191819396379415 1.94574070274539967507 1.12878151960518624541 
1.98134012906151735223 1.64365818659959450621 1.56798908857797392180 
1.89090975176068054608 1.50193652389747733800 1.66086975901513844711 
1.84271708797282340875 1.93284309310167778939 1.76101318899715786337 
1.56855906338867079342 1.20557656374385202547 1.76350751482801038073 
1.57628720192946292222 1.13072798376998995273 1.10149345607118442913 
1.13811638635933687347 1.34224253014840932963 1.71386265297980311395 
1.72022033822119735369 1.11465115969365058390 1.60221349708505633735 
1.21534231051018104530 1.02188913618432142272 1.83689118700332509881 
1.87620695898485068120 1.10328539798017311035 1.39537986302682393003 
1.66508165841582944644 1.88595349015688484862 1.97940607954009895053 
1.17224632295164665763 1.12432890466455215339 1.14886961777484675196 
1.44721904520436694952 1.16688530625167574684 1.93828106454531723379 
1.58499433266461098313 1.92772490311037625332 1.69935367293311823111 
1.52293112514977924121 1.81594378309967652285 1.17828083113419146422 
1.09917798642152453326 1.39841483336909733204 1.74320040822398980573 
1.78495498058984902734 1.24695533507106315341 1.65944165800870901961 
1.16828750516186796737 1.63257115832687804691 1.50518715540601832892 
1.07356365122567010140 1.25235230217490101090 1.69843851140887425188 
1.74397413319408656207 1.04314981408780460548 1.47567080742624812117 
1.44478711122782321752 1.29484650001937762198 1.12448458090616720817 
1.89237178454410281958 1.63249164307259042594 1.65905619860545949784 
1.78404391477028645419 1.66515044761971853227 1.25441173005026618270 
1.31979685807268887210 1.01103521300279064477 1.46511263808264291519 
1.71945240831264989367 1.66114966945887010397 1.64600670807117688277 
1.67539144728653899286 1.77125248287332937025 1.53612034015013199095 
1.62301097882880540624 1.39561130673089972554 1.78526052454102446276 
1.16653643138390794576 1.19026287446159440009 1.84390575404013734584 
1.41506330258999990512 1.18019612453387345852 1.72005032692375925407 
1.76261996916498842047 1.27637827572033146772 1.28093062840977411909 
1.47165484736949325750 1.59558578130449291166 1.72604668481430101323 
1.68582663518165687400 
