dSFMT-44497:244-9-3-7-16:fefffcfdeffef7ff-ffffffffd7eff6ff
generated randoms [1, 2)
1.08029273640718770366 1.10180645903608165348 1.16748533617801064644 
1.47534809829055824082 1.71377382559939261952 1.26285193796064532101 
1.16469685988297499968 1.87091572116603743758 1.56633472584814503747 
1.56205699473093906349 1.31091457722043980283 1.46634739311922035476 
1.63205769395399280519 1.59401895023691841935 1.43309909394749390721 
1.30967932190021185690 1.44811217034338501897 1.54203457059711812605 
1.35582337862166424358 1.80505420522227777447 1.49525672339878834549 
1.44237442848947772234 1.99490560476596767714 1.70119330104967270145 
1.92583492915092269193 1.97457974472160691093 1.35240753979812189378 
1.79790386174527916374 1.05644256780732481715 1.44410087094089734094 
1.71763738189796333344 1.35987321992836429629 1.00746973223594471492 
1.55398813828001691739 1.36774659896644901202 1.23646369702684055802 
1.08881710056301139744 1.45609687830113276874 1.41820466522693910960 
1.28666974456353266909 1.66990438270226815298 1.01357445322350159245 
1.12163992278902946431 1.86634897265565569136 1.66863179274978601363 
1.87757831639933070456 1.87328701654527818299 1.03375465711368463850 
1.53628966441312009295 1.91462723926527766949 1.57092106816321930296 
1.84863797964075238234 1.49684548795638572294 1.15994266287228553480 
1.60076448650727742873 1.87957604871782812950 1.47898078799399734784 
1.52962636820272113169 1.68845069776782796822 1.27605522574100738176 
1.25274488198416533713 1.70704957169697446595 1.86689086861743436252 
1.75424219447118479032 1.06568764091243983749 1.65439091156994932952 
1.30449647153304404412 1.05189711218156811690 1.35900263781991870182 
1.40176426456540537124 1.49827481066066603432 1.38612258171155011688 
1.32470560403674220140 1.57723524719612173683 1.61259481387776926198 
1.83374432443203483345 1.87106893176575606041 1.89187717543674271958 
1.49387255629741200202 1.36897777544017285045 1.52683367601471875474 
1.00290492676011799844 1.29788942509798421732 1.09927646506651921499 
1.64588850310196632698 1.43523404157863287978 1.60202231851904586257 
1.11705793342961734460 1.77836230028396435898 1.20106182004431061294 
1.20219781418549676033 1.55156570128372628403 1.98126605849179693308 
1.27720815796015174648 1.78424382580322760106 1.00821195956484510603 
1.78833028782334135798 1.39614533351904812619 1.62288143428857001282 
1.20420235156662203124 1.07561792254786436906 1.76828722575637353742 
1.83363331612244273572 1.39554087185844166719 1.04011895655872033117 
1.65064146440703329866 1.90831091496729743362 1.91645049421896596087 
1.00990690051630305213 1.07238666163381179963 1.25979967423631689094 
1.08254221848237586201 1.07127045106531260110 1.75347695829559291347 
1.25469973424067804402 1.59844472978106200145 1.13401963318865228736 
1.02647552124787311278 1.30797380053880774042 1.53396604036237271806 
1.52164257082844955882 1.16571027740902977143 1.94483983093098045103 
1.27740518552032722432 1.39441532171775883775 1.08338511497717737697 
1.47452900889624571867 1.08289263811918501368 1.27432433931082278455 
1.18943673685667272721 1.86843538126149733003 1.56674568844965600434 
1.53330045063941922123 1.50926581411057902926 1.03515231768434978754 
1.76069728279049186881 1.64794729817200447108 1.13053921010373104039 
1.10363427150119597364 1.60620429981200008029 1.42833020681705180621 
1.52293203213025796217 1.53044677401117001914 1.36756851176365312739 
1.47269671654185829723 1.80087548881159320580 1.28771373446638737192 
1.06817899466311039269 1.16690959178312425593 1.76548272923096516429 
1.25795614395653809758 1.56636195208078432550 1.97060718505255794142 
1.94622293018760950112 1.68547587925759989602 1.96272772366136094568 
1.95153324324365229359 1.79247628284947158050 1.77344049632903200120 
1.94311185349981219161 1.62522095943283972908 1.01907097815104163985 
1.01288870479906800703 1.61366268698052017783 1.87984655988408810856 
1.80144097218805998573 1.75559823038055329292 1.99392770608949221334 
1.15289015135162409287 1.62817151085484868034 1.25004490502483789349 
1.19935344599870274962 1.84211607152152323508 1.95537169762979123888 
1.89452787094163488391 1.52924488473147457412 1.21645342286217905681 
1.09485778072343320488 1.87317063233269220923 1.99838382415021009741 
1.33008582853788670519 1.89245575741982507978 1.66460506114235196051 
1.50083112892927372783 1.87989857278431804488 1.31293785896444181738 
1.69324183607506473237 1.25538163117413059666 1.53427841969240330577 
1.83869550604356013501 1.65671933426216244634 1.99566984518203360821 
1.74107668495822420773 1.92344908541723058626 1.38735895635767492173 
1.25362504590947687610 1.14312138618782954680 1.18095398205384127799 
1.57704599173854531635 1.36575381859194178169 1.27327882693385285862 
1.08461955980659929821 1.32290074376061661532 1.17148030124628643733 
1.50132464397274101309 1.75973339190218958095 1.86632084620452309842 
1.34972449489698553826 1.51383614409121669553 1.74412535166837856515 
1.68999093370950803639 1.02250513161998957123 1.74731285588576712442 
1.10131857494021034860 1.96005734426178679364 1.84235455997381181170 
1.12126779716751756588 1.36192104207512931779 1.87313645608720569236 
1.64720857868759273934 1.18418531609877830668 1.57064194806322721121 
1.20134666343053941873 1.42208914566794497603 1.08278201304471877187 
1.04643084509980521801 1.12384353931566538520 1.21599051464271079581 
1.96020204096448003028 1.36013207775443634162 1.71567758509163081904 
1.71991625975362016909 1.09631003281948147254 1.89166287875117244965 
1.06416583232158612482 1.20071472343235430280 1.51520276486637395230 
1.92631314320768098902 1.73628948436145580381 1.67533987378379523037 
1.44754111624340886522 1.95585070734508592594 1.14346704208559679650 
1.30125007974765716234 1.89970028544371904999 1.84554930374057435394 
1.47571469716872960554 1.85866548607109449698 1.33195557110691309433 
1.40027747035472271975 1.79333060015942580279 1.62550174561196958400 
1.54549046119200506055 1.64256341530490845848 1.10169338465132105043 
1.21713959079263589480 1.72563331134623609842 1.63136713662209476006 
1.61026962479611701617 1.09451586667560807342 1.56853308150847547964 
1.96391895720769760203 1.47234183854146705173 1.41854955149131800596 
1.15849439813021248824 1.95233211538299533672 1.74206970126042848257 
1.40592999132521345729 1.22358044823311051807 1.20121523723282774831 
1.35473753365325233489 1.74586980580331774249 1.42260855644305550527 
1.17564818528036130196 1.59763117242782093363 1.50894283701248865803 
1.68082784413770625065 1.82293955065254542625 1.53916556883235400299 
1.06168026197997700244 1.26437889530929714610 1.39088155325377083038 
1.21885701292914871985 1.49578491054804585403 1.03657539533454046143 
1.87656122864769714376 1.24683443748321032274 1.43459306307017797621 
1.94205755754879727526 1.40162626758331620991 1.28296602030798601035 
1.14960428552347426745 1.53379864913841812424 1.36830545865488595325 
1.46015033328101062615 1.69455071104427035245 1.17242620375928185972 
1.46114826674039233190 1.31160184434388416008 1.37090616783604124507 
1.14722758499216581640 1.32315677933565667423 1.92118271572829368843 
1.43876292983852205332 1.75779823207023366827 1.37409457570215431943 
1.74527736886212014866 1.56166267662909286074 1.14046738083311116618 
1.17176156408573950429 1.43620818006656891797 1.18279353512981622032 
1.85441455694023127343 1.02221247110486301857 1.49636591354052450598 
1.35705633697579597374 1.84124494588486409263 1.39623413242135030465 
1.50006872225608001159 1.47412789491402729247 1.65662433027711930578 
1.89316347520778904823 1.04757469004922243450 1.06269755149719014042 
1.19980728873928876865 1.75136882107225622107 1.65914571249609776871 
1.15920175491886956465 1.89004457833187000659 1.76151231583330858399 
1.50523714549330600576 1.31019329513713644886 1.72242875288902652642 
1.40098406539851882968 1.21949196138766602360 1.09296673108251485296 
1.93218919926506949025 1.57710300286653559709 1.99170638649969444778 
1.59244584802646249599 1.74022525996481003396 1.33820164648975703514 
1.37134238539752972841 1.75988747974559989196 1.91718450147415464535 
1.91206097304064726039 1.05845867414227501335 1.55957132492171512972 
1.29342204079058809008 1.06080837824983698070 1.10371535351408955883 
1.68819060667252318630 1.03852978169664078578 1.33842634804569482476 
1.63845885411486014149 1.56189188225837916058 1.84863115601857397330 
1.95491310145502228401 1.65498831245293964720 1.71083677109508269787 
1.52917635841470689329 1.66655672316743030947 1.97143565207310422771 
1.89989659689506917850 1.46104412668110161810 1.60717316098149387571 
1.00300416169609629691 1.24443771411733306032 1.61843736904721668957 
1.42830887137126616437 1.50702961967598847437 1.08996626732652135416 
1.90152818451973737446 1.11335493383084171981 1.71008624779061979559 
1.81695940855732129826 1.35070602884636747909 1.42147510722010506079 
1.95427317351173779336 1.93002748114604538721 1.20555680168602896707 
1.26603619565985781037 1.51875641655702797728 1.70288003706943902316 
1.56479260172323519917 1.88001491322869185296 1.50166154245891303454 
1.65815694847013705981 1.24864252815457810186 1.90982097167265241211 
1.19733041654820926425 1.05457997609603815192 1.81774526016549220486 
1.93747654817577963371 1.78964224173768515769 1.19227096700327650503 
1.03258686510125530233 1.06778030635053533537 1.38790506137130642550 
1.53168461072452499749 1.88535835030661003131 1.36220053470571489385 
1.97727281383777020451 1.47105928961405063582 1.62140818278434695188 
1.01999662675727065242 1.05879025769905932286 1.33422607699904172129 
1.91958881481458454310 1.50832629450629251977 1.04926446247931104416 
1.26975948459500109777 1.05914845818470704231 1.51842833562153489702 
1.95070937179470327294 1.25524624127274875285 1.01287028330635497930 
1.74991806181235198814 1.55771108160649829344 1.11319314999084251205 
1.38058189509392392758 1.88121719320013891519 1.11743943675416113059 
1.93946197276683096611 1.37409283295697726146 1.22146478664056501451 
1.67954151472644763743 1.43238532008698138398 1.17207185793632295834 
1.35804873375254242518 1.81382152097691440318 1.63444428881982339874 
1.68485098024353030510 1.54014257427397804889 1.08987461469868640584 
1.31649661257773198386 1.15078619099212198229 1.63500302685462828300 
1.39840104591012859281 1.06405990940450068116 1.07566069689650989361 
1.90120394914613988213 1.59487156141050490099 1.75181984733648321573 
1.98099502424659457134 1.69732596159204041086 1.14205127478923929019 
1.46508006755602626647 1.67113084643761089509 1.17972244388237412771 
1.78174161772211592236 1.63962798548284416356 1.59624362863272772906 
1.23600099274949060124 1.63524201575271010967 1.95477365016823378951 
1.95630590062746012592 1.22341696826315082802 1.04279602642419222391 
1.94879053130799162474 1.27599222282718738342 1.70513534921647291753 
1.98782590753541854589 1.66179388045236398064 1.07958750656571145221 
1.55860389325125292537 1.94685134285546856958 1.94058961580061417607 
1.20412685965678378786 1.09530083023049673585 1.72770437218320704886 
1.03061826700389924660 1.60908906713428923041 1.35000297345658948345 
1.95382831346409302498 1.79514591252450994574 1.56325494776222306825 
1.25372099495100153277 1.60582555810691585130 1.13413378614712501147 
1.86682816671887152893 1.75811185977249118118 1.22227122967591372849 
1.92374207479668668519 1.17606215074455344727 1.90516925203529297050 
1.88360723813137465044 1.80785619469025715667 1.90429038803692951554 
1.77567297523835621043 1.46623150836308702161 1.68728450191626233590 
1.48454038634144991349 1.68130904620062304744 1.89392801255667997395 
1.01343573802402553419 1.29566950008554271356 1.28385001961430322837 
1.70894021774057525143 1.93905652835532738010 1.88735714816850097542 
1.61365444875958075066 1.91271894812298159927 1.00899073557678420343 
1.66462175084465568986 1.26162708595547456980 1.31473451430872545487 
1.18420083214199300947 1.75727420451612159624 1.08604832472854440084 
1.73724009076539487317 1.65118018034130242810 1.86024719206261157645 
1.88749581443037306450 1.02080907118998198690 1.52332872776490457767 
1.37219745983313923254 1.92754838702570396869 1.82883017313668494452 
1.11438319129841545418 1.11339141486498660605 1.40450604225466513242 
1.64076402083608718918 1.89919731374811262548 1.32523516124819540352 
1.16457694449569126860 1.80292515116345519743 1.31234529371337149684 
1.02297667187987917359 1.71280962339545661521 1.55456326474428241369 
1.52566711862767778740 1.74197196360028305762 1.96506010391341967569 
1.18810476609730164554 1.59909904407439196206 1.99698898973216643071 
1.48138215576703746734 1.88580390561238497860 1.80314599496889371721 
1.94126364182988808693 1.81014849643313957550 1.92919951303210535087 
1.16726224133657607851 1.03234906713830576486 1.85593551803126421973 
1.92154983880080920677 1.87928236305510809601 1.20650620568094701923 
1.77236671949249791069 1.37394232044547548455 1.46501357902399531596 
1.43796591034001042253 1.30598738806585590311 1.98177287792091316732 
1.42644211692978784001 1.68291488310626213831 1.39994567157260685342 
1.14446329133617363816 1.68264748823454057813 1.22009173235422929693 
1.08126859829735377794 1.06791434534575713222 1.24335457228244306016 
1.40483685417316861432 1.79379500637576172473 1.88968296974513805253 
1.93038019195715659926 1.91465352310110947798 1.72158474156616003725 
1.34062469495196090463 1.47838003586311939053 1.93644328689974920543 
1.01527849619963439487 1.77512150507822119572 1.76814109116015472090 
1.79224769796140348532 1.27283425411016670736 1.93499256155055099349 
1.29536287808644368091 1.52493667368390828365 1.67567558341189215554 
1.05127050555461165615 1.01501307176805943833 1.77806117462977364418 
1.98848630958259797730 1.30959306775804340539 1.42627648698745979061 
1.50546747649899193000 1.02775944041104438931 1.65951544066547307388 
1.74163218032800282131 1.05342902931321513726 1.79347906526892852952 
1.82292679424869574767 1.58323442945462566911 1.62080170836015025060 
1.80118847381679447750 1.51483764484534821904 1.72378251169551477417 
1.82341242073443932092 1.04981215689871665298 1.28320819819952114393 
1.72542829715378132072 1.65900279976027009710 1.72206521187773131665 
1.43005879525733403668 1.41588801051578649925 1.16854217857751097043 
1.89360096284178425208 1.78536632758311997193 1.64704637019884692073 
1.71056338951186193142 1.84461853636865447115 1.19287599697599744353 
1.84175396288695902847 1.88877503702627769222 1.07528038495072530978 
1.83099703341066288864 1.08066200395039513360 1.94961904480840164666 
1.37627422577095459566 1.92907635417269562872 1.07304193746861353809 
1.49747698137911045002 1.24277711451002326193 1.39828694685326637703 
1.67648756468616499937 1.21252018299195429840 1.04366084578003115446 
1.74477550568152350863 1.43365721276370949866 1.38944353629716355059 
1.87155099209296937879 1.31334932179939656294 1.64870979454962052202 
1.84759875443572241238 1.49690889553650685606 1.72890174787784567378 
1.42760043566201400012 1.80644007947771378930 1.03020514347220037976 
1.06411329127417797480 1.90860350645385046242 1.00052891834190416098 
1.26077633027573310365 1.51476661306635995707 1.22677420589182339938 
1.06520768362311746280 1.79391183694236677759 1.64416761025126878515 
1.53891315106753334696 1.47765682491790850683 1.18747394590706756290 
1.86291210637325233002 1.88723534882292498516 1.65067096109421895811 
1.86207742581329860343 1.09510183551938844460 1.84767905920058184144 
1.53695324536820332462 1.61396691983152673622 1.17847127854656230639 
1.39229251488797833858 1.55399324356474166642 1.08225020919205849879 
1.84426606481822763506 1.25719718253109524753 1.64671869368961720781 
1.93410935548375961801 1.46186977381084348693 1.05994371811143284212 
1.07061589358328212995 1.15861635539231455638 1.24395991192073851472 
1.76341360879175179655 1.48456436987534257099 1.70697203674126729567 
1.50835305946495412677 1.20487722663971053016 1.22584153923156868871 
1.53619365955895559317 1.38572342780385526773 1.79455070449097342511 
1.57650407544733250909 1.92542489476864364661 1.34976666713253701246 
1.36001727886295498138 1.29151958244241393814 1.03844085878070679918 
1.28445308542329872381 1.69758670560250246595 1.89033838542192600407 
1.64056408359479455328 1.71677452079989412148 1.56687751453131007828 
1.88674377820903993452 1.24345358185050280930 1.21293570956789631410 
1.93569320410323086890 1.35351455269328746489 1.35313498055289627153 
1.04926216936949345815 1.84567829088991475217 1.35077024433744496967 
1.96490531613896712848 1.79755886467109804450 1.15954009646997735494 
1.70526255668731052673 1.37396479484489120182 1.52137434463238085947 
1.45019627290545338738 1.05572863913918113532 1.35418995492756133459 
1.52590542791368544151 1.89464117347400362590 1.93001965527523755561 
1.47024420670492661500 1.26322381051993248846 1.63277066223555844537 
1.54802649359459643108 1.26194457576306517943 1.79714254371081416650 
1.53543472960107840741 1.48656424982127077783 1.14761969575011013589 
1.77722947806398123838 1.20039566935433517081 1.60966823727049224146 
1.93058583478907030972 1.39953698666541903606 1.63407464274490510370 
1.61830234289632790556 1.53120282815515373898 1.65459146272229684627 
1.29825680356539985283 1.31998617014212960008 1.71644187429411454460 
1.93809243001490560943 1.91842975480790012277 1.83120300223995902122 
1.73139286765999012019 1.91320516347272984170 1.28981894927371798509 
1.89994781738442819474 1.02842497408661870395 1.43336542803682109870 
1.42903829423656114628 1.01260975038610068211 1.44251405884052430473 
1.73860338339544973074 1.39057252108735318608 1.67748037002411432006 
1.85026190148403646418 1.92248932318417864451 1.17188826468680584725 
1.77073286571290910985 1.07338974501385719940 1.26268401043025257913 
1.31561497608743804832 1.29967861092422087843 1.78194669544852923870 
1.28944864762909983114 1.15384895477955540244 1.18341887782574861632 
1.20395641836748223952 1.56644138119672837739 1.88247877163815591217 
1.07133516224666380801 1.47384715933549670375 1.53576029994659646327 
1.47846823081712885894 1.84957326491561713233 1.96076500149125787509 
1.35190976625368675101 1.13128957624893189404 1.08183378817908515401 
1.44641261695405831667 1.61655128949702131536 1.22250914378032016216 
1.68700223202807042533 1.42841698484174361994 1.68592272872927440019 
1.03802530400085935014 1.33968250322081283699 1.05336801670453517055 
1.53428744066038125204 1.58092935557551750314 1.90213187732048782941 
1.50677028029691539857 1.61767583707619722055 1.72299496297474830087 
1.05102037629460509649 1.16421853384321138947 1.39470973746553239536 
1.76094806150738958372 1.10843391412483671665 1.34873770364125267207 
1.04638996333293654573 1.23673627472523617321 1.48740976270671199089 
1.78809044751080215008 1.64244513744694820012 1.88934186607281673353 
1.19820807159960707189 1.33397463108157299239 1.74215636474321722282 
1.37539450355987491470 1.89980419373393227822 1.66489142544868040652 
1.93928101032548583227 1.06840210649843414537 1.36433391306648643670 
1.82292634018861554601 1.05230857516885434322 1.26797172255574985833 
1.94598934183708838219 1.69535592620942399122 1.54344981336572928399 
1.48784229437644999194 1.83127838817207555522 1.78703819633961535907 
1.06715015313464012259 1.82741912322863364615 1.24132386879666123392 
1.16130119423714384119 1.57089283832069726010 1.08531930897558481774 
1.56122124965186537260 1.11101221324125853940 1.60875702215813198848 
1.06713523873438442813 1.34743230264469615598 1.55871816323531819926 
1.10090221226013706968 1.07632443797449717238 1.31360787139502366294 
1.80674478527421711327 1.85681006709498785945 1.07205483298493020605 
1.06485892866276121715 1.62696646295265945348 1.79772915806041422293 
1.76314787130120387282 1.96388957587134527216 1.01225412468678488409 
1.18622141769308830916 1.41546400998201793442 1.36705683330724681035 
1.93042203861351979732 1.22110294579480682664 1.40424967353340157672 
1.93862392857151943915 1.80398977417378403310 1.24898557576029345384 
1.54277268430841951741 1.37477334785075200330 1.84634129815078273928 
1.55673052597607819436 1.05147656008288081786 1.59753646757087186536 
1.50406476072623207507 1.58207405545462287400 1.71372443329635948395 
1.04619696931178363108 1.79328786730340383748 1.98861522765434406423 
1.64663286999863522908 1.38950962488944917972 1.34336314177388937985 
1.80581063640587613506 1.88529460949343130594 1.97149521731204879771 
1.71923485703494827170 1.22214734941926450595 1.59858315985381560509 
1.77639013628809294687 1.03932955932634496499 1.30003917365602150724 
1.27384268985480919589 1.36578369984256298153 1.64208352548503588864 
1.21523984985011357374 1.61604665976850947473 1.07401932223766416463 
1.81683498793521369663 1.68772754588517837071 1.33851284498667943978 
1.06362503245271255992 1.07177887183877440513 1.45363856993258044881 
1.52809307906541502753 1.94376401986267488553 1.55379038009600822789 
1.30077173213853769518 1.43323117869195848506 1.60108282274524471589 
1.96106156975830159261 1.64418866237628180649 1.69806458862429687784 
1.60624611903165059879 1.32249513361912085507 1.28823335869648669672 
1.68991047539887562223 1.53530726828624586311 1.61969084976848032298 
1.49825909131600032431 1.74610760256322716799 1.69413967240609486531 
1.50198432768162137840 1.01472169300115733215 1.94818082517522372932 
1.97580121357378613034 1.62163662398731878156 1.96795092612791688857 
1.87781551674391922191 1.63351029466117214639 1.00679467051727211668 
1.27453293944590884124 1.32651694437142242400 1.19759012149076449205 
1.29920366902082284888 1.07777076753560163702 1.87150454452879744238 
1.99289842435795105935 1.87597619761054268395 1.56313517085021058683 
1.23487639914333269253 1.87717214139124810579 1.15145433889662940352 
1.83758980130927485064 1.65019020357160695056 1.02511653973434357923 
1.46237327776680436919 1.38025826087261993536 1.20613704904512908378 
1.66053983045698405618 1.36280770894607683452 1.28858088303887474702 
1.98523453678839723047 1.92352133287614224244 1.79278276775661149500 
1.39629390761836247314 1.18900096583327541389 1.52364984482296383916 
1.70871124442041510960 1.98952701912354790181 1.17924373950316896398 
1.78451932171906912927 1.47555477717999128373 1.20888420887510350532 
1.42167987793628447513 1.55612583048260533225 1.70825550870220554955 
1.61399887864219904188 1.76602015077954588307 1.43750844006340816605 
1.44630286612843317329 1.81627880495536930816 1.70573326939035929684 
1.39644939129795520039 1.48002444661913390433 1.74563966209789422912 
1.22792673533045681999 1.55578801445560044314 1.98607157196286454592 
1.96279327803410574838 1.76857609581428665280 1.71518443250152352597 
1.90001316052357127617 1.80122146287850615209 1.46080962101824018973 
1.42257141295474354159 1.03081676046676973257 1.18096114253309547593 
1.40063602764832029202 1.22261994350998737247 1.42058210029209130987 
1.48957563667147807607 1.83231128194600212389 1.26463993517217510032 
1.49225748653674283872 1.79620620359478966321 1.53255275440939708886 
1.27324291816167178837 1.59943071850471785211 1.90408621359713348120 
1.78483211228477545163 1.44269677067823165473 1.36582961000547520314 
1.04847255869985489518 1.30266021182725832972 1.81232740729166419413 
1.74395369052455184722 1.83925171905611217760 1.67763062678495966651 
1.71590177539839916498 1.29932573552183461274 1.79958014234027063871 
1.60658796908736811737 
