dSFMT-132049:695-15-5-4-8:dffffffedf53ffff-ffffeffffbd35ffe
generated randoms [1, 2)
1.24078621612136474894 1.34767153338984391198 1.60943194586261406620 
1.81833687519513209629 1.84134149469691932310 1.11209944281625361384 
1.41858124432868581977 1.72755539813225222900 1.79165705862441382301 
1.44870728875354615184 1.87574880987343273198 1.27955570728864564956 
1.02723319766130605224 1.74270893569205376217 1.56863986025458479467 
1.88259448156116659945 1.71205466779069781502 1.16435079765249782646 
1.32766035637471579989 1.11874781997369110442 1.45399493038013827295 
1.93686658126461019869 1.50013184595596515969 1.57397793074017311454 
1.58658897820706878967 1.44474466262397327476 1.80473366383919420208 
1.69099715389950100430 1.99723096570354097246 1.67907898977717628952 
1.15771888825669599932 1.58185712716680515477 1.78652245824506361593 
1.73250915336651867271 1.61437981672475872053 1.36015734611931526921 
1.58430473993878595529 1.29096794092591027336 1.80302391433866482373 
1.16682931844776915931 1.88226094037483959731 1.66838852512175850329 
1.29690793536865656144 1.19036071320301339860 1.44034236662532699746 
1.19133777824409370361 1.73129790423960461254 1.50998003487587362237 
1.59518121894509046221 1.07459653535206389741 1.61002807952361726151 
1.58623143072015260202 1.79654429428072770492 1.12008350521045629833 
1.52999279005592780933 1.41470816212297489933 1.57491984517367389351 
1.10374286316138703334 1.20752041450886582474 1.77644615859879029252 
1.42251339819414934773 1.68944688544508236916 1.19370674354092853875 
1.58143843778876846962 1.95165043670056448377 1.94881952152159998448 
1.18114081369244883213 1.30642936414966381875 1.63867388115239265289 
1.84751010808963100907 1.12282317217598825998 1.93436759590264228947 
1.33430851746752154874 1.09760386048110225587 1.95665980640472692009 
1.02351289292448033308 1.19608521256918609588 1.71579170525046831308 
1.35195242964844064559 1.99146375480777115818 1.13345801324352279948 
1.91537192681840395814 1.16573663431553842251 1.57517338888634883531 
1.85348711200925464482 1.66059847286134476541 1.27259748865044652888 
1.11787637145905227598 1.00524052084174986277 1.81242144297647267415 
1.51393489183748286564 1.12033288795449137432 1.22828268415164876259 
1.55279144736331264909 1.78876991692182318872 1.81558614108840044032 
1.12724769720889161917 1.29778291664748191003 1.08442420362015323754 
1.64021864373637682455 1.88613740971431576021 1.05606890177496604011 
1.26246162531302341669 1.30256207372948562551 1.67058689869647558623 
1.26612948033050343177 1.29536906634835191632 1.91380689840800810586 
1.97632100508499308766 1.16116022776925897908 1.50481816006003077391 
1.52292643630629553897 1.72886796128961450769 1.38703369399517106864 
1.66394567618406541420 1.50594395994308127840 1.79575795086545197954 
1.25393720099859540262 1.83514221137541722051 1.97621005717930686707 
1.27554498893276901939 1.76168594567372371884 1.73710673320970898637 
1.68039216511285260935 1.83697326041347697156 1.28381175684313775243 
1.48373224726056651690 1.62547258007808004265 1.37971032974120100256 
1.58949113467863734073 1.95403135511565495541 1.62485695357490000923 
1.79603065724859556340 1.40827834214744673780 1.83458938342410915467 
1.80354547488542338307 1.35663786762683624687 1.77414245003025805580 
1.01195639506936796437 1.86915883457273279689 1.32043212572893242651 
1.89734545042581181917 1.77084872595732645273 1.59832791752636005356 
1.88840680182771514239 1.58188066168633545416 1.04012737262555177153 
1.22386555632877080946 1.72448211331717393691 1.80480708069854323128 
1.25583741762451794877 1.60409547092443127703 1.85371278962275032320 
1.11162806085290233327 1.94441190510354289245 1.15411823995724605041 
1.61329770224871316131 1.29813286453566623102 1.48524497109946596041 
1.36683094673819494069 1.92859154128669829653 1.71365994784565933706 
1.52423362630797121220 1.05684153480034193073 1.67996959936427781024 
1.88788122717581186016 1.81776478996488610740 1.61406531037315392751 
1.58955890913629938055 1.36914392568857090637 1.28399442408993724740 
1.58736116578429009571 1.51729545280366195925 1.03872667689395847823 
1.72475249621289883351 1.86466123064492195205 1.52095826233565389884 
1.51754589334511802434 1.53007845282299070888 1.74536595716337061823 
1.30418968906189558510 1.62572079714543682449 1.56813072520478047345 
1.04496727814714041038 1.99036242491587000991 1.52174091971096347997 
1.12749961071193349760 1.72634903663021654907 1.61284902981086286644 
1.49231317480424419131 1.94237851400949579350 1.96052480924414318508 
1.99324253030735998315 1.58479476496885807180 1.55449764196067574673 
1.98867142795370233088 1.74858116491709725260 1.79894716836427659423 
1.48252570879036182916 1.33212703881629690450 1.20607789652840291517 
1.10993550074629787616 1.67993427072293211033 1.88494379496849484568 
1.64634747668983538738 1.32396837546792811580 1.80646346009888780770 
1.06842439688608337178 1.86913335899948718222 1.70914567978137044157 
1.35339764999619216468 1.59048765431509608881 1.29957723418557469230 
1.34405267951963480755 1.80911694029293301789 1.00422252277293955203 
1.24565778328745313530 1.13332106150475286910 1.22963184263950764397 
1.42844312850539312265 1.43556587561914983375 1.00427238583035682851 
1.05803853418572590961 1.13368937338488051658 1.95521183316204716363 
1.76679754194242799592 1.71327065400698130837 1.54246740400048021336 
1.73642258799312210193 1.33300450013375204605 1.54812081762154485354 
1.96872091209133914802 1.12693306466506215635 1.22406102540520467237 
1.72279250463652311431 1.84576852396649737642 1.78698850287011268279 
1.99785911914668234957 1.22375083674655016353 1.07232155726871147827 
1.11342349339755997129 1.35437059411189708591 1.12075255220390412880 
1.67797483885015363825 1.82434076483264262514 1.07434112868949172004 
1.40791576313377775342 1.18848069201810546680 1.22421125779029993375 
1.54116468523052296824 1.48252167002825774311 1.44170365330642424873 
1.26203864188497960619 1.54106021009845139957 1.94375033200185964866 
1.92843048256507532123 1.90661912252100185228 1.46448480243175516158 
1.84153189996379484938 1.79060365799909293472 1.20133282079529268849 
1.75615258348592684357 1.09159888729305132316 1.91446269914583688809 
1.91997124780401984268 1.54616289257874539587 1.12578330781742885769 
1.79381574054782055860 1.07164492944054923207 1.79737198503882233958 
1.73123165643679532977 1.60703821086047526911 1.75098678758670556199 
1.91198142970531370644 1.81544809336548551570 1.20179824973340299010 
1.21457080469287803659 1.60941716653061361875 1.68216704984411369317 
1.66231458864382486418 1.21929757575250774515 1.85451930463862812992 
1.07487546187569793510 1.60759584596950166890 1.96211348344306268920 
1.85858611343915258729 1.27008118596037777870 1.76365908791237124831 
1.23421157762819255765 1.60774406123165491955 1.55508447854952835954 
1.12483015467144364941 1.71576312294317445684 1.10661424492396109898 
1.49197569876798397104 1.86730101298541373289 1.82588366812993774246 
1.27279069418713097761 1.25539994257814702117 1.83354037359200328083 
1.58846976140841977809 1.35268766200418322221 1.12733393510640289570 
1.57374057926091959203 1.57674863893745365040 1.38156847161232487764 
1.02102709329180596498 1.39309551089440186722 1.03181788480477631964 
1.96239915670632281142 1.30657178374241911278 1.98243008074775106664 
1.24057903035363836786 1.60805791833643274558 1.57368995513507781148 
1.75335359837180737586 1.56447253943990527425 1.65901950530595754252 
1.58016066994480852692 1.76593687965287937658 1.75200646020760864019 
1.68830891805374538883 1.31201847091954837410 1.26870680116760037315 
1.65711847622580865647 1.49718400123366768284 1.57263871814854194753 
1.95950426082173678743 1.38694066142376115636 1.16877897376600725643 
1.09595849430360514631 1.39493312434153948765 1.44939735425252713696 
1.30596491498179423374 1.30344106520268021576 1.55972194503284056211 
1.25827248830618865227 1.07168291806191740001 1.32513772980638888654 
1.59453055341297078584 1.99978533054163465366 1.46531319114705782525 
1.99542726127098002387 1.01392410445785929873 1.55082847184688454867 
1.96960940032957254608 1.82134717424384984241 1.10518376266788287410 
1.74653820699632023050 1.75953384037625726322 1.98700017727321887051 
1.90443222632151809570 1.20816200749832369787 1.82323473356745924256 
1.69886517907661538374 1.60294271932022769356 1.31785038643563834349 
1.88908714117188059056 1.37883962291577555348 1.40053987249820943717 
1.68006320173850132171 1.90507565775716702916 1.04370746653143431359 
1.62857008154447613357 1.57021767274838741635 1.08874757854365378229 
1.43971925415155199701 1.64436749828022499287 1.71909178053441702438 
1.90350414633282105648 1.56387362922882777738 1.63090967922429563863 
1.32125754583679233534 1.25891855222939086367 1.63442399823318540442 
1.43056616317771134739 1.13551360402740075806 1.33745650477708877268 
1.57860832864018196808 1.86095000697428902825 1.72360921687050172579 
1.59022063722133655261 1.83758944301756610429 1.69297642181825191976 
1.48043540696803521683 1.93890927009384372859 1.11424744353904836558 
1.85662025080035286706 1.26591992332510883124 1.52036699787161277975 
1.71209968969085268853 1.48190947438715303619 1.68912779532626222689 
1.08048933541619418541 1.06287635785919487574 1.33764346368543440846 
1.01349474253019566916 1.97742364554884009209 1.95543419151583308668 
1.63128184235754880582 1.73246936666621564882 1.76369040623509021337 
1.65543590095736092849 1.74130379377453259337 1.31805057928641078391 
1.02250298376207582329 1.31648221745772731062 1.45351416315827064452 
1.78614024774748569868 1.97694802483331466547 1.53988667921042110542 
1.67730567048360112992 1.49001637738923653487 1.20931002982352464592 
1.66199369876435598670 1.28918090135212004554 1.31345327210011775243 
1.70750315127044682839 1.51489192384930948521 1.61751953142252324902 
1.41969285712958170897 1.34917130188774270216 1.81009791979372458570 
1.02491787257008248879 1.90370549324408133707 1.25332789080029716189 
1.15055179568806975610 1.88274846674910545374 1.60448038195798692307 
1.18313710085435386254 1.94590491093422901514 1.79667375344674717930 
1.88671765988625228516 1.23006496486609928631 1.24025658933395965811 
1.80037178095098804320 1.75468200655578931979 1.35767381154629251938 
1.40430638143689079378 1.08039120904001095802 1.93166493371147640623 
1.65229130465412810125 1.50263806294714141742 1.61295372984757379164 
1.91507109278978715494 1.99923517597330158146 1.90448534028838012411 
1.05022519593743202115 1.62755197976358867429 1.39363490968543857207 
1.19452237247404235987 1.81373228279884779468 1.94838435895450112767 
1.22434027461962702255 1.17373818697578768955 1.15276793800645660504 
1.22514032572326958537 1.61099310221756852890 1.53057668619565556689 
1.52343011145895212977 1.86162917894833279675 1.88231081285137236137 
1.56089356650758359635 1.25595137579114801696 1.13546680294840895975 
1.93533165689789266040 1.92668735002202917705 1.49807792644330728393 
1.94057878586768239870 1.42312879758823696008 1.32316851819797332013 
1.78278310314167742767 1.23804341735655998313 1.52383934108748486658 
1.88277449817217523709 1.01949692155989923847 1.67806862215299568142 
1.20639620140964409778 1.47376125710416472359 1.71011438775211321861 
1.24439701514611100741 1.68483817446146311170 1.17941778397840746351 
1.99619639016263272779 1.65692896617846985308 1.58667791344156539068 
1.45367446048611426157 1.66639305215531452475 1.59958018305478266718 
1.57571379260056931848 1.00728086953167239592 1.03132593462397781359 
1.69019340122779060387 1.23711023881663884083 1.25363401033334675994 
1.87426814925496776354 1.32298676654302793665 1.11387073480711973339 
1.15473642711083135382 1.98121666785427730240 1.36668786458752355983 
1.77405440547472736945 1.56294082701211767272 1.06217051271043549932 
1.33182037132269859292 1.15362921143649144184 1.35500746836227148329 
1.85256479648449290387 1.92919765277630617106 1.06742986261671357617 
1.87713910212326773319 1.32008200362306826747 1.40468467510457606373 
1.13620748413457461901 1.33413785291555142543 1.85688276980110789083 
1.25424294093985966292 1.05186336870478269745 1.79705516713552793107 
1.55745900643892665194 1.98032901953796747208 1.64802068800162371254 
1.58751974512403970508 1.79894999338872318972 1.94228611861944200356 
1.03859695645135197140 1.08561437137511029860 1.12466964238810840371 
1.04810091673243843680 1.46963334729388139799 1.56523286665570826592 
1.45548775657954965190 1.82567853665005475072 1.53803655884223133832 
1.90980339477141813909 1.72630182458669567680 1.31081638401625122370 
1.62277627347067121555 1.05127604742287350525 1.63941928270090153674 
1.97837908930228945081 1.85002535486863584069 1.04734971121856035303 
1.35588582472445873250 1.04907972535559279592 1.37103734830511636567 
1.75035653908476018792 1.07650970258430422888 1.25208924787420072811 
1.14145555814942412098 1.81167910017416522450 1.12980414121904049196 
1.56760923267496954381 1.84582662679995523902 1.55552913004094373051 
1.40938962074048768081 1.88735128044389299795 1.92363068525688185595 
1.11379137408329209613 1.65299699473956884788 1.98973060161265813406 
1.37101361548258382506 1.98936257914563774385 1.61731186891448031062 
1.69829537296378973998 1.49261057603757496537 1.72042374255796715055 
1.02317959034730510126 1.18111552010776144073 1.36025266931222521549 
1.80517827650946149909 1.57264947826223266958 1.26820365795325673552 
1.77478499848555015816 1.53776819267868480878 1.49571828279366259018 
1.77254411544027701275 1.47090810916165093403 1.32579742239486764177 
1.68380869275747335756 1.90191312810270263256 1.71285184134497869834 
1.36641625040651715217 1.56822025904313822053 1.30876757758303918777 
1.51863630704498353552 1.80229941504679880282 1.81946862432631872863 
1.18356572551567595930 1.88857941308901211563 1.80281702474199612141 
1.53985813665635618008 1.16012591598940506543 1.86536956449003143987 
1.10750643270751947256 1.25492650585858256385 1.56697138249583733938 
1.57058598374484348348 1.76504679942185926933 1.22810093343816140177 
1.48653283194886332019 1.58336202412895477032 1.58930754375506810838 
1.88156374732442022157 1.13869597012217949050 1.24596560512433240930 
1.87583408066471091225 1.33028448710651669984 1.04183154710549130684 
1.66726258990886688771 1.20134597805775000801 1.02950386767544355138 
1.01483499454183379029 1.34950824680802416999 1.12518220673046753788 
1.33200762767252389729 1.64089193637660968328 1.28471962257357352755 
1.74735884503908600607 1.94463558331933272783 1.88941841898725138016 
1.51216056118816677412 1.52641045282411491613 1.86181640185823038536 
1.36536319666110417259 1.15790390938758203099 1.30172691825824071721 
1.32674490659149468819 1.90566385725114439964 1.46578313322361730719 
1.35010954324786358605 1.98707793862038073485 1.22053129409568250630 
1.58435757096848517378 1.82759060079093038631 1.77844859818109624072 
1.72136617024658855613 1.28775301480129922282 1.49599613391440522392 
1.56456515442671895144 1.50480118141060459358 1.20125719325766167067 
1.15405446728865590522 1.48686275810360157834 1.82222529400810540068 
1.94487587976782116961 1.77887549105894771095 1.57927582730903792729 
1.61016640114291864627 1.11372333012167423760 1.26269761134278279968 
1.79189448815077168042 1.35379390267572685680 1.28714475277060413916 
1.34417347478268722760 1.42338930815119857343 1.97212161456733303666 
1.72723135974422903338 1.87571532826417808337 1.95656197240194029696 
1.47643698551083968340 1.54407812797631649460 1.18155746706489939157 
1.76619050208441930039 1.45167444320597049945 1.67163651412830760457 
1.37490262248924532962 1.04547870523765462636 1.20794297972651354378 
1.99494147906138241666 1.28570557647873773277 1.09527901745263855915 
1.75364366929648407556 1.93074788743383596312 1.68590431907385784882 
1.75123972777299496961 1.53130977904474874229 1.86415140027632331154 
1.73071692884772843080 1.52277570789310789934 1.40803303927928968875 
1.55795090392240798138 1.75097042076374354025 1.66209295878533236390 
1.42348417406051530598 1.04280165838184690763 1.58569774194095947095 
1.10428102094410229839 1.90671552316779480130 1.24986661550578248558 
1.53125852330763501108 1.08651968488480821229 1.76628790065827301348 
1.56941650845999913777 1.72695969998332188311 1.81279811343008789848 
1.67123543919337680386 1.09124144264083944300 1.87682091721371469006 
1.61497456604841138628 1.59542547775595333626 1.42224545461237950050 
1.42158354426378163993 1.67579190738005445738 1.93013103403287633597 
1.89630694542196542862 1.97870004044345293437 1.15618471097877240084 
1.04298968976481942761 1.68267265850278713302 1.61603316425300791437 
1.00933718561140217673 1.31361442500712133352 1.64420087163560224575 
1.29263340823339301089 1.06479865088915959248 1.09306945214609996242 
1.13879839989232589659 1.96307732490722486318 1.14273749087544218561 
1.67098230538445058357 1.21646665451359670129 1.01111812254930821808 
1.88508552104950721784 1.89697688840279132805 1.17496618039252243015 
1.26596756631991858022 1.10672191985604739806 1.88952122708177672195 
1.67154924717475505958 1.33313553389519912074 1.37305867345384680078 
1.98856488238661466283 1.45571424151207562403 1.60472648278192875360 
1.93720655793139884260 1.25822293256954931273 1.47100494813289817131 
1.29916870754179680780 1.88084228075374282341 1.96194946227767297309 
1.24673906156409786128 1.81922908159744434187 1.26116565506544331399 
1.11163367914690214278 1.81279102519477519628 1.09668734431498715587 
1.88500095967655600937 1.24733324691348768098 1.16982122727099135950 
1.84922517186620782859 1.11341357076937219617 1.38996742391704430908 
1.63238642615975626526 1.40849838906170332642 1.35467501220582886567 
1.56263604704302738746 1.32110671840414184430 1.62813566708805845806 
1.77966354180231789428 1.02593541446640212911 1.59114972403318422067 
1.40813683789836119331 1.27028842898849325671 1.55103870005370203522 
1.26144465323907839505 1.60585249583370082149 1.84696496377739838302 
1.81774495172942840426 1.74523227366199318311 1.45441846119842743690 
1.18553528743534464240 1.22615892402699477870 1.76627585587726887439 
1.32782386074296843148 1.80957746853348067084 1.44505218252201683704 
1.47888569747240383734 1.96429602668802472110 1.55423753800743136289 
1.18845866422023194175 1.92698354039823605000 1.66509781266730483296 
1.21354962545863975798 1.91922006774591613620 1.85750363479477442752 
1.20478209334503194583 1.42581374166093977074 1.69487146684685008324 
1.59945301859304178649 1.12641995693039742577 1.45005883874316365834 
1.30588862486685175490 1.68115816282629459977 1.79233951244751898990 
1.02550480304982483126 1.16413676689965606137 1.68624129159190094818 
1.07139957637663507661 1.05080298230057023190 1.68503837424639235643 
1.30509228483037209578 1.92555036652072919523 1.78393210641670485472 
1.74152628859685365548 1.80655370032125883739 1.32039087123488263487 
1.55294441368294977579 1.80025461875587433624 1.83727767713177536635 
1.91757990087564911263 1.61305967221693813407 1.95064964014684893989 
1.95839062511221828622 1.44002008196170083743 1.68905196639341714793 
1.27787870025103300620 1.79292127396559775043 1.76848908024923257010 
1.46090390419203819405 1.13143472658786503615 1.48793046684311236483 
1.81893455698962203115 1.70940163745077011725 1.31812115940754415178 
1.45807002341208891139 1.48883345313784820618 1.68506702653233131350 
1.87954143690730446359 1.09564389089603597682 1.45576461576875626491 
1.95118982600228041413 1.44720449803031470104 1.18437106248828971644 
1.64181016434328719278 1.29338642950575710699 1.53677544485365413784 
1.45854982212347250581 1.20729379289277982679 1.42702064454748578370 
1.88294853261874894912 1.48758314852495820979 1.75711539170208896898 
1.46969632492862567474 1.51101153190305792506 1.62120267012133334461 
1.52486934666910012304 1.92082090051524723151 1.55829756283711007292 
1.48116980364981487561 1.52791183222493609506 1.94118309137855127311 
1.83208812730445247396 1.55768397594751517587 1.13903902807540213793 
1.84542574876566467523 1.78918194075770276008 1.57905725552441511539 
1.49953013806086943305 1.58892588770850307078 1.34097382798936193282 
1.01132930449341262857 1.43043134159576279529 1.94257881596258341617 
1.17111240963354434896 1.38515351315609480665 1.37037877799199891982 
1.49909468826480618553 1.33304989325732137218 1.49788016192654560577 
1.16495369354631095327 1.35794336592007036657 1.89738191500042208126 
1.22035563640689415088 1.79187385491100648061 1.29952661289869730865 
1.47380882682032843256 1.64833196247775060073 1.33878695401394320896 
1.67804128928130991127 1.68665370768524924827 1.87946699295323438328 
1.65737130672063237569 1.45007464851004685968 1.78002619829787045447 
1.63886893326673388493 1.85386554750636278754 1.89454406101485317571 
1.69266037012708991938 1.77015240011061214531 1.63079466516820459354 
1.19615913552197938863 1.89323936903440293023 1.31116462868231486993 
1.65310457123128440315 1.65174901626127579313 1.28695990649747193935 
1.43509212706268041160 1.15919745750539626705 1.87889231180562155110 
1.17037807788507230988 1.58857383503339710806 1.72963619749038954865 
1.05737944340879108651 1.77846335792976972812 1.35634613282805038814 
1.88454308796117797620 1.44390822333870483263 1.79518745864846440696 
1.59295041558143490867 1.65226806919518254269 1.03200379371389439065 
1.26742345596563565913 1.71392302996361833856 1.73894770854329761001 
1.91334336593057718900 1.35133437325019079012 1.35394394222960956498 
1.14706751684668928348 1.87859043400646652522 1.73066262762696232436 
1.55567365239843047320 1.29427733519498144865 1.57148811678954980486 
1.81364852580271085358 1.27287361414140343108 1.21591647854730133815 
1.02099855007763862247 1.14854624896216228613 1.93791634991006156419 
1.41732451976553308626 1.96757404841552063779 1.04176880083884504380 
1.85807048077937264630 1.90400506113377243622 1.31450136369072456688 
1.92767324885963020620 1.31492092634888146918 1.21156687575862864747 
1.31805702074127628620 1.95096051057147668040 1.34527639580864399882 
1.47734961164903988440 1.85840121713247219404 1.84153655817305783593 
1.20524598596232435099 1.85811662972457236620 1.55585729813307649394 
1.06962626366356450269 1.85816473103806023559 1.29335094654977256212 
1.25036145320232150446 1.50767280562645944464 1.46941713962338171839 
1.13007581279338653601 1.99794876773357943378 1.03759749354643338037 
1.77975846172567941927 1.16021288205544981231 1.86523716191599486791 
1.59014463946983664044 1.63112609253617590888 1.60769314806941898688 
1.95774210373498958049 1.44965186242082366697 1.60368285756994710667 
1.69961043514302745372 1.50199786703626991802 1.16240117548274435322 
1.27738299588728998479 1.12668037498086381909 1.39768290891199398196 
1.65152094769770907412 1.57723179177819350372 1.38347160158012383313 
1.53345860049701521177 1.44927109748780713616 1.87465190171385609474 
1.87253168821621418516 1.44646081721683428256 1.87131751797582590591 
1.92392369564504983614 1.14912033549184000591 1.40514949959541213254 
1.21928292119017767092 1.70745796553865569756 1.76058339870256852500 
1.53485298767250522012 1.22812580341056443167 1.28958834188539439580 
1.00943311744084529558 1.68895987131143532345 1.48149396024773305491 
1.45049497987981568237 1.46882799352841497686 1.86366110466681678126 
1.23927301166033343449 1.52347921643786166079 1.26724092091146856021 
1.44022651665921763708 
