dSFMT-607:2-33-1-7-24:ffcfeef7fdffffff-fdffffb7ffffffff
generated randoms [1, 2)
1.83065994024783984528 1.88883058575213902408 1.91818713313831046285 
1.91148962141350176047 1.44743302042373422900 1.98481548478257474599 
1.80991287905347508769 1.93238492830531249922 1.64713013831133592291 
1.97504801146440112092 1.49609453923882695925 1.28752976612277536539 
1.72087240027109644736 1.34365119657574183520 1.94420141931997791929 
1.51004101233908683000 1.19816023199467003302 1.97771793849280208555 
1.43235421064086421161 1.86515111988148385436 1.66183557733220488295 
1.91991682371512739635 1.01616181411697548143 1.06123687664247445817 
1.65702020166580266114 1.51596829563301804811 1.17033781701186923030 
1.49808363250392728716 1.37394403812807719412 1.77602401304916202029 
1.64824795381931155092 1.80938403345287701640 1.65884942712248872887 
1.62422636177812917957 1.79328219319289905442 1.41815007445088081539 
1.97418489846639566565 1.64645482368954088059 1.84732027355947003855 
1.80911862790603739093 1.66704822189475065919 1.28641166305324250452 
1.15520408831798149230 1.68221329793222595939 1.57380175326919369283 
1.74627461998249611241 1.23175633562767350426 1.75425788499838941625 
1.37358059875664650917 1.24585868389886122998 1.26332969669934236379 
1.64378492683520893713 1.99173966122142931390 1.69577507743647748484 
1.30403636092993768791 1.78828632824672273394 1.28202076385192875740 
1.38901843706318861571 1.31683773235909451493 1.18636789372137663179 
1.52160039822821979705 1.69567069744681697685 1.80147418859303565242 
1.31048334757117368454 1.76753655822375521645 1.01331649934080969544 
1.03582021417895653315 1.91302531301581768552 1.08588241453055900365 
1.49853826567477543819 1.56569214328924877222 1.19471362682610382500 
1.22044292962296796468 1.41807107848418101348 1.62807957246816692454 
1.41458865131357591771 1.97341432359565027710 1.33595286490380904532 
1.92456014164596900251 1.99650434897800721501 1.22764932931579084929 
1.98694930324261820331 1.46436118434969619884 1.39931707161394469630 
1.20285449620841333740 1.92480755916022605589 1.75475137774764333720 
1.24253215601145816649 1.47286052506018272368 1.54345785557980286207 
1.72525938097332742771 1.16759785292434625781 1.82882885428191821475 
1.03218005906925935911 1.38494742580964658174 1.36516979298105778362 
1.22926052311572497899 1.02688532297949852712 1.72492050753718828560 
1.94226091706462566933 1.11019425082768496971 1.87623634802926519960 
1.21524266559538163257 1.62446286535100781201 1.38533404555803807412 
1.43974113084668009499 1.76679673447262564068 1.80728325562543146177 
1.74064802623007941484 1.29947537190079764891 1.55437770616020132231 
1.03312859494995068488 1.68012469022305022115 1.26140491242272800854 
1.25199801868575777419 1.30863886300777254590 1.96910453787490991040 
1.99156423488221534512 1.37264823346790820757 1.16213228768845944217 
1.25529705698659954649 1.97662242586331582395 1.20342679556216358705 
1.12923878111269315738 1.30315176853037195670 1.30405291264260037032 
1.18222207399909939873 1.99828354648992512210 1.97943144916840640946 
1.84096550393877000928 1.40404068154867855966 1.08146142006151757542 
1.96906840814337802392 1.31313462693419857885 1.48078118207738240741 
1.76748948398874405896 1.85455166959094652768 1.05227757587509618276 
1.27826690644582097178 1.86738646661018670159 1.93086566754524846523 
1.52917153794031257519 1.84286987963099124777 1.18550759686398676784 
1.76992956153959180021 1.52103770854549047442 1.73498644023270309766 
1.68563664190828843559 1.96959232735539013781 1.18505923331321327829 
1.46522006651773573083 1.89538664704676440564 1.52570526209645396243 
1.31321097688488341859 1.28705742705001990878 1.23791035140161898020 
1.66962736769608643961 1.01961938645622196553 1.94380419890138189665 
1.88426989303255854047 1.00769123065267152128 1.21364829089097425729 
1.25389351243614988185 1.20936405525558510199 1.28115126405305468360 
1.17495695125835530881 1.11607865434313757724 1.52786086536604925890 
1.78245506815599519257 1.70968540130695068058 1.11940520434974843944 
1.44960921094063754921 1.77946322231640996492 1.66335170199090276455 
1.69181074953378596248 1.25523340720896814382 1.98662190892264867159 
1.73245091746239565644 1.29786526008540992194 1.73539166067036054741 
1.04394708083060883119 1.93781377350286199146 1.74037847081307450736 
1.61115352820077895046 1.51836228704588083183 1.47289469302501152548 
1.05274052093789305395 1.78067523247834369471 1.19568512453171238441 
1.39963777975560077493 1.48934428832149490241 1.30104863746583299111 
1.70169893327377819148 1.49004789869127063362 1.44535065566966203221 
1.19588291914362199186 1.34135488853991735603 1.73863612946443413243 
1.80525475862120510229 1.61897915776421053025 1.02388663410160951628 
1.27713358893468398314 1.58151569482142284606 1.13815539837422852187 
1.89276514355297087455 1.05954218564900126687 1.18800390343370265711 
1.96637040293037035354 1.69707862827275191009 1.40332775938675990979 
1.95696409265589732485 1.11959655586279116513 1.17891553298785423110 
1.17675304623159227013 1.21727031696199183841 1.09134241419472077794 
1.99530183495665847104 1.98012447019962900541 1.23332669652180215714 
1.81627357892185270494 1.02373694899164746630 1.35250787984383080698 
1.26376910997391234126 1.82905229264940127898 1.56085158338012508494 
1.75546462270412240159 1.79002582393882136991 1.51815299868814723716 
1.32087607921380767451 1.51437529010717497613 1.44486851740433741575 
1.19557432102184590939 1.55365420581618196572 1.48975643962348169858 
1.16273165949595869151 1.67526355913055757796 1.97508451589615052768 
1.15944919247870559253 1.45339344345974619266 1.70378322930302283922 
1.87194883997810146425 1.26726345544038077051 1.00252609091452060674 
1.11303350419273017202 1.92605508022197313700 1.85447505762671593921 
1.84642528671921923866 1.53091743045567119097 1.00080643602751528931 
1.89896095555781108111 1.18804924323001648290 1.04168986595436807718 
1.66263057075335285440 1.32931137392578002654 1.62927051923230048480 
1.70429441819315630191 1.06801154265827413781 1.73301740169395457336 
1.90386620811181206392 1.56538025437574157550 1.14880072521610010483 
1.99839814258594627994 1.50769139929498319219 1.26108166687186806776 
1.47976823144380009722 1.17945305924633658812 1.18618853822507586138 
1.40854012805941186670 1.94676739406065646421 1.03484908100258454766 
1.73728249172426019165 1.89490710056779221304 1.48621438820108586754 
1.03581353619228955232 1.30471315008898658405 1.56832352693401566590 
1.19748665237531426442 1.93030717114409933188 1.81580690461943383696 
1.17713321071468635104 1.51071244954157268836 1.40098803032873653329 
1.38247643179644530420 1.58477237255973757435 1.26154824292863332325 
1.96467541739119599953 1.20220116153497702527 1.02832482100372990530 
1.91812005587978728904 1.62513977220561089965 1.87801927315072481051 
1.14677615295937740392 1.04692985840069940906 1.68599137473802684895 
1.43213162021620687980 1.74173972569289636780 1.30466796746592117451 
1.77813297753526433631 1.61644928400123633061 1.49780279112678038622 
1.19447991961529731419 1.39346048603359062845 1.34087225412316479733 
1.24764152751553591969 1.49696973586333625938 1.04324781391490395421 
1.41381629483549131621 1.52506935282218170080 1.96396971616629589796 
1.82802137359573690922 1.73279169436379398839 1.00759961297343547670 
1.97693471967232992093 1.58968303279832046115 1.71973008614324229804 
1.80127891496691372453 1.79404309440839337952 1.73936561539997192050 
1.18418527485633395813 1.93271346442619096351 1.20083337350934593601 
1.73349851464887216856 1.79984751214862304103 1.30519572582475174016 
1.12531543803616984611 1.69708599176467211933 1.06298475723620233779 
1.31482064375299056991 1.18031945390711690003 1.86359991194637508727 
1.91095452547549338185 1.92611146879068684257 1.95376426776314615630 
1.50537039918409520922 1.08182955324024177024 1.70319940508286760128 
1.84395923208889267464 1.86217245238473605440 1.99988526397643240351 
1.79984402577347690766 1.07606306060715506412 1.19714337011426263935 
1.33341386413201479222 1.69862814914857018778 1.32183295463133831937 
1.36793706324543706820 1.12318084310414301186 1.77492508399533210905 
1.61933970193021381512 1.77026435667714965305 1.71964824455146469973 
1.30552511714905272733 1.67211924496497021941 1.22258704705225507148 
1.11410050084895129174 1.13622334178398176618 1.92119924724905444258 
1.06921614575591772400 1.35878001072976917207 1.73305730412456271416 
1.45775253054012376985 1.20095996546964256524 1.76638797486491072597 
1.61670599592921937493 1.29669058764533939865 1.11825695111319411978 
1.52029857431146098179 1.60278048153135532772 1.93621697963529304509 
1.03674675299458707300 1.40484008246768321548 1.71076811192835709363 
1.11006865689654121709 1.83401186155602724526 1.27970575234613948012 
1.81876436984459255441 1.43518735611054482071 1.58197806129593443458 
1.88224412956930065022 1.95675033729703873320 1.97539260203920119530 
1.96391189965499424197 1.87050539056381515124 1.15402576047092697564 
1.94170403008958492030 1.46554974865783460558 1.81020898312983002931 
1.00786752599357964932 1.37715827838469895283 1.34645987875060524352 
1.50690493942704284436 1.50803591689635618778 1.38767390378095023529 
1.75320583641299565514 1.79816864118523400684 1.17204812292008897501 
1.05817237082532766834 1.18714343350998774440 1.20045518285125973890 
1.41486641863600537405 1.82498971218772498837 1.56753623942661235446 
1.78208441269171080634 1.12344170322660241723 1.62806286768272645560 
1.02011024197941568836 1.65640578450678366274 1.85830142927878427805 
1.30075577542938636277 1.41178430801211107770 1.02040699234430332076 
1.81223536913494998046 1.73361815294445520408 1.42884011854154624466 
1.49677608961851982272 1.93307161208008881914 1.63095787964228366995 
1.04483666487159920777 1.39212107557129338709 1.20291486959687010661 
1.98268670153344039875 1.44854907591908821374 1.08182919080508765930 
1.91713336580158633105 1.97792337418363617374 1.47996455197671372694 
1.46119107212548193786 1.34061300208702371961 1.75440731773688396444 
1.47300411485684246138 1.22946427793153389985 1.62239173972818750968 
1.62107078753537048321 1.62814242319160373818 1.20596015551268331834 
1.78552168685241441359 1.74816918440570279181 1.22238127841314270228 
1.63539364674002096756 1.15857070368608106037 1.56191302957668143314 
1.98608048299352168975 1.28180277990746760430 1.34154532868600329110 
1.72611327542093095921 1.42841239034010669684 1.43333512932037776544 
1.18451660984707918267 1.02290104366701584127 1.94060462667871203024 
1.87180887167827103568 1.45847930279717230562 1.81906966448366258504 
1.79595355859105842988 1.40805591153262965598 1.64009518964189560108 
1.83018160822343567418 1.14161607479881799243 1.27929404477263908291 
1.77608239861394534564 1.24847007974282964149 1.23127162665313560908 
1.05261016134166740521 1.81815427615511548964 1.49537201519218898582 
1.07417426660558201768 1.84883687722280409815 1.67442283632040922470 
1.70780251807648064677 1.63147920449109773422 1.26394847030977031110 
1.93661323056505518814 1.72035610394302951320 1.27392859863733076686 
1.39564087957130666950 1.06339419177667049432 1.93057446240366070711 
1.38985419919451591575 1.90067523264510662706 1.18471022816811633049 
1.59872063705421241231 1.89534169182780254381 1.37401326087603670167 
1.03964814149279383138 1.95072658258941844522 1.30130015975309953902 
1.38239252661202627337 1.95034748512760192085 1.44799987867710155953 
1.40541533754616043694 1.63979063150089454659 1.32893358618881762823 
1.93007885468588380462 1.43273331214812960077 1.98449784702029230488 
1.60156699610601238604 1.54525187493264115624 1.82644565156674842932 
1.09358666841031015871 1.75373232515330457204 1.97950889084707704058 
1.14393497507455021989 1.72116964659127491544 1.50887458179947175907 
1.39671999629135967780 1.36529947668675211148 1.36590272465425366377 
1.91641310000367171007 1.87698267968359866487 1.70216774804645809560 
1.58809094719197485546 1.52563411755279010329 1.28120450191894619252 
1.39108202510693490517 1.10972971396779795938 1.88249401516756043051 
1.36095238489483283395 1.54945881776336857882 1.61555124478134448651 
1.34457984343864556109 1.12254506109030161021 1.96332784185865016902 
1.67434964580551137736 1.44686330430227605426 1.63517213379287307262 
1.11786745029860745682 1.89874264390441060968 1.50041159448107408458 
1.54373609097967445791 1.06379229516957640733 1.18483481134511992039 
1.80669506030252402518 1.73373369953701450541 1.84309436556887118464 
1.39499699123159448533 1.90097808969472703566 1.00542799242908542645 
1.47281610823092279361 1.42595979923682203427 1.33100241806942465317 
1.33169555437784969953 1.55411525800213579096 1.11622197164919634282 
1.24901788463961671560 1.22527710381247478821 1.50334148244393395188 
1.92933530974906575217 1.38789883402546276869 1.61961461002143680687 
1.13227399137281703467 1.96717302554711492846 1.54416919138378849752 
1.81366175560486819762 1.25317104668661061240 1.93596030645376293577 
1.11555649170442361395 1.90869104148974311208 1.29359493887803367329 
1.22518337070386595933 1.61124064996102900338 1.99152603008789430561 
1.24904567715823433538 1.01671574391283048300 1.62064284647265832717 
1.08080264585935093002 1.59524813589619274268 1.60673413643847573518 
1.05393567012531086391 1.04122130028376025379 1.77006541937541150844 
1.98299211660426832893 1.64290222362574578341 1.11114510229932217378 
1.86637470996698406900 1.83030616905160092855 1.49386268341251193803 
1.36039015467677093518 1.64821712817236565307 1.55380042905718962487 
1.27861126822671011816 1.79013092715446786585 1.87173233317484499771 
1.88683557892909714582 1.18475722044526232679 1.48990984036579421357 
1.48070989623523541212 1.15025800076970541319 1.14668910643460963961 
1.39096154345002664954 1.50286456315419059138 1.56475113767596152314 
1.52537263208235907008 1.13807154598360349418 1.63055375501126520454 
1.08930251283813039898 1.86739776025605719312 1.63821268081413795592 
1.52095200254770501758 1.81744394554566079947 1.09987972767804920160 
1.62054863331105436508 1.67750881989730515897 1.85231691164259348881 
1.72216744315499736828 1.21080264259131298310 1.23863943328047487746 
1.01949810219057024341 1.86664552336876266025 1.36047263797648376737 
1.33251907285527892988 1.80490194698901285086 1.09611829256449833103 
1.53405211238848560029 1.24284843304525205454 1.15132357179879774023 
1.38812479578328518137 1.65029529425783705321 1.50678440447038619610 
1.08768467297161453011 1.52513453896710649005 1.93341815403606220869 
1.27593236900062301231 1.98809895367706657154 1.01002310003621054157 
1.99716721499284299846 1.92128690021229742158 1.75539824394822541187 
1.89593958913400961741 1.88014054312769451904 1.69499732591381402358 
1.47062554667032263644 1.37732471445486925887 1.03858387238619842563 
1.27244804450765047754 1.87329115981258254031 1.97336237688240068167 
1.66597640728531160015 1.11950942600665559468 1.31083415201496555902 
1.41613556352162706098 1.21658440522058164390 1.05506434098644930053 
1.41828666488569998805 1.34534822178071378218 1.97805463446120133320 
1.99190426138691845104 1.88103621086960481890 1.05946597918646423508 
1.02127189773549975627 1.97729495977093039372 1.84758888722003633553 
1.16706259160306369260 1.85503920526101340194 1.93856707487557300418 
1.15576542647955915477 1.78962457128504848214 1.94908402997711460714 
1.23140167805695521785 1.13908701027966019481 1.35258401052782994967 
1.10838563432038617051 1.24508218532711611992 1.37342495082506510506 
1.49503095370001770625 1.75980536756736394288 1.66020851549202119735 
1.24833834721608849527 1.90480309075889997494 1.17800446511301015740 
1.67314324582041495937 1.74922783054891994858 1.98896423122204413225 
1.67776247950928847352 1.65299897775670112665 1.51396880475213979622 
1.93943336943665434191 1.36283558548449379444 1.05371500915247806596 
1.56908738293496807792 1.82391101833716029468 1.93945374216647858923 
1.45215534003339441504 1.23963633427285913058 1.70717748943290525965 
1.60296104133533323655 1.92324275922353304935 1.02125733225484105482 
1.34893049878818782616 1.93652901920688291781 1.32445237883038813287 
1.14954968568314419564 1.84114289345145221155 1.86980666218867952466 
1.89994470167798579219 1.23107338727900916808 1.63682769490466961670 
1.38475517594992836301 1.40722846548425351010 1.66991931823682593361 
1.26803120196694196764 1.42055740030889388059 1.19197479079057733209 
1.02498521584867585688 1.91849226960261853847 1.72572855301793137706 
1.86447814852062632163 1.45750832650935158163 1.80307974913151136676 
1.54667007829852987122 1.47706731188505480112 1.09866988637795404138 
1.11361082836089186898 1.46470764438982148370 1.35825463526846568207 
1.65620081892039849869 1.85544423975468997234 1.43685790371722266201 
1.07014965336829059872 1.24292520071714895913 1.95290312020535727910 
1.91535394305099448964 1.59800995025133563132 1.09353059180110645521 
1.51151839412272859242 1.95725630193764899012 1.27021698965110463320 
1.81730475415038594811 1.68252554120397190829 1.27463320179845718272 
1.08651227339337830280 1.23577611887229377174 1.28253284669240685822 
1.40103851885280028533 1.48667284968394519673 1.63019587633502149870 
1.32651805637356368095 1.93187182533845436261 1.66883499079261321540 
1.70124006089585044776 1.52272830551450644165 1.94970238962335895572 
1.40494226968237279074 1.90166930078966323059 1.72363074491517065390 
1.72113387587293353853 1.99953528814151559878 1.39325474516102087996 
1.04916399143416971818 1.00743877226427303029 1.58341725917574160931 
1.57778493287373433596 1.59037941856488473924 1.30006298462016078865 
1.53328841464352394475 1.17115832661347396559 1.77752822294497203615 
1.13604631689014912155 1.58474433471194631196 1.45544112760583610466 
1.36566149831139327375 1.50132360776904838495 1.16901854083875611501 
1.75049708714992902081 1.99910819664421768316 1.41519585802790848206 
1.85495498220404675394 1.95751286611975050533 1.88634723910898149946 
1.65112890167746373393 1.46099214505643493212 1.29712386231479648302 
1.69538791662694365847 1.59002982250004332165 1.22950716859157993532 
1.96360838479409616220 1.93118606795260006059 1.90340159046443657687 
1.19339742810154847419 1.87828162244779139911 1.69353345101656516114 
1.31355846250825902821 1.67380840497160132685 1.63699443361800578423 
1.09014994253625974174 1.99780428808174637112 1.15015644669493655172 
1.12789514936881407614 1.56349358408736538451 1.68307588243825723140 
1.78075862477547453011 1.47379456004333997399 1.14520947763585123624 
1.67935598234022132047 1.48868591455443599614 1.76278177596996687981 
1.56112514577862593335 1.18590703008897779824 1.92763153360450845142 
1.04256048876177875862 1.00994495459023814199 1.28579927993850406942 
1.28215099168098101146 1.76418601524116391843 1.53051602860359725611 
1.57521708297910145724 1.14656745925699787847 1.49845373609479692867 
1.91807599024644903629 1.06113009479346476205 1.43319849712647595652 
1.23787265947688429613 1.51146115852152385095 1.49456522213327858140 
1.13927898515618553077 1.33633370789555949720 1.19015905709751623753 
1.13969173241684051945 1.16012843713801871992 1.18630249980750623884 
1.68927418950781293994 1.76197172132857571292 1.98517617441512950194 
1.52321978630002341504 1.84172494866199376595 1.35964758241735506061 
1.92844020916726721637 1.70285622426102412064 1.85722162886217234679 
1.80698841145062472080 1.90763859010051284315 1.29803442139118918597 
1.80994468205495429025 1.07330672690929906921 1.22282965227223172633 
1.70856301998715531809 1.08116843953720165317 1.01558778850494446644 
1.91229938415664868501 1.62540582338386219163 1.26662799876711451574 
1.35066494529704472782 1.20547856695983335307 1.13153408010767897451 
1.22320398893863591105 1.43090218793898049654 1.43001774995736274931 
1.38937437495205529103 1.58833772603128275946 1.87777174573261107504 
1.50024664470307134145 1.41267866894907556663 1.54649821123711195270 
1.71100543385908521188 1.63186922395675315656 1.08294095637133902521 
1.12933934333034957653 1.52314791036646135503 1.34924955606710450517 
1.51406957524938023951 1.75284369475748369460 1.02721765333713688229 
1.68385505538077495657 1.12330280892014422456 1.43784663882912244759 
1.72257394688022547058 1.81060738334469362165 1.02701033323266388564 
1.11122845729691532846 1.22109954629747652355 1.10536304734119550375 
1.03168962769576322280 1.03114876601129878964 1.32602523628961388447 
1.42743820383904962412 1.76643329516601266249 1.64521025259515463190 
1.26977252208542457090 1.68936089910978703976 1.30403871710562757613 
1.19032414904152528123 1.97377181348272823236 1.28294050044052276860 
1.52361455486116970093 1.94964920722088597138 1.32970997280168612420 
1.58487233163875962383 1.39384554857671250083 1.67285892784068979111 
1.21708682336177909100 1.18841168223064919118 1.77470338902299151762 
1.85064411529524797118 1.73735388433933191088 1.09385048860178279995 
1.32423755167977397207 1.58531859336764147095 1.81460952862011959397 
1.01130967733999610481 1.18434601181437759720 1.17697254817590524212 
1.15415938687113550642 1.87742996217237556600 1.07774840943891891953 
1.70492315400518412716 1.79545114409524542154 1.68214472363436251534 
1.20039218257164015391 1.77958267073153986182 1.31726913185321747868 
1.62130974818212081345 1.15136135889309532132 1.19088905769967934312 
1.72033092729652792308 1.06796071758686950126 1.51473621908796873825 
1.47731732937573512210 1.89257954744236034372 1.68993572680665038455 
1.95559710162806643652 1.58039279863966020123 1.45758800766826213113 
1.09159679007049592592 1.60264254267011341248 1.53447860599325491826 
1.60904245320284844389 1.91358075942251448787 1.46697453070452810131 
1.67055292142295308544 1.80040799528453843159 1.49881248990097537543 
1.23985565461386415542 1.27122731906377350874 1.23015894090992761178 
1.96907304977311170546 1.90001754350787743775 1.65666649264393250895 
1.56181418618894585215 1.74783919113644659049 1.74205351792029250468 
1.36449985356608149978 1.10669947285780967405 1.84736065171244123739 
1.14057118859248651788 1.88536309018796255366 1.81075425975759274344 
1.46521304251078277048 1.38404497030872319918 1.64931633597184501561 
1.01748864203418354357 1.10615106368006133053 1.39526530203809029373 
1.34882535898765798521 1.48413308622421524774 1.07119579588656543834 
1.46545188675189219651 1.10225333111185053170 1.54501962084149080390 
1.41225719006480798789 1.15445120742299156547 1.90309646986928160395 
1.88448141273979397070 1.18209451856170821848 1.24832680745299073877 
1.51100246877675092882 1.33771100634012607422 1.52284270899412166322 
1.55433445967728545156 1.03169791319837100829 1.90945826297114695791 
1.53370113030124088915 1.91153894979112815022 1.87599758306625252757 
1.98482957049935682114 1.32868182204056939355 1.21892187282503328127 
1.01698855205616789377 1.95034981649755434496 1.39394282958494430957 
1.62724036218413514732 1.30206900190583141352 1.75166727026312063487 
1.87223439426112658879 1.32641833591469660014 1.94664571100282457472 
1.81681827010488983198 1.35759480132426268995 1.88713265330732160585 
1.95426665530402954296 1.04071950246596300893 1.00150231645367093769 
1.05496310181215369184 1.96227730017507284721 1.81891307785198419467 
1.02162320009336582416 1.12251997329393904401 1.02368943796821065817 
1.67852296760925923103 1.64516648763541817324 1.71442522532465591034 
1.76537392625495015430 
