succ = 2
deg = 19937
POS1 = 97
SL1 = 31
SL2 = 1
SR1 = 13
10101101100111101011111101010000
00110110111101001110100011110110
11111011010110001000111111000101
01000001111011101000101111011000
10110011010100000011100001111101
10000101001101010000001100110110
01110011001011101011101000000110
10101000001101000000001011101010
11111101111110011011001011111100
10100100100110101100110010001100
00111010111001011010110000110100
11001001010100000111011010001100
00001100010001010000001111001001
10011000101110011110001101011110
01100011110011111110111011111101
01010001011000110010100001100100
00100100001100100010010110010111
01011110001011010101011101010011
00011110011111111000010001010111
11101011111111101110011110111110
11101011010011110011101100110000
00101001101101110111011101101010
11110100001010000001010011100111
10101010111011011101101110101111
11100000111110000111101101000100
11001100110110000010000101111000
10101001110110100100101011110101
00001001101110000100100000001101
00110100110000010001100100111010
10110111011000110011100101000000
11111001011001000011110011100100
10011100010111101010000010001011
10110100111011011001110010111111
11100100000100110100101001111110
10010101010000001101111110010111
00001010000000101000111100000110
11010111011101011100101010011010
10110100001100011110111100100000
01100001101000100101101011010000
10101111111110010001001000000001
01011101111101101110000110111110
11001101010111101001111100000110
10100001011010101110100110101110
01001011001000100101000100110000
11001110001111100101010001100011
01101110010111000000111011001010
01011101000000100111110100110111
01111111100111001111110100011000
10000000111100010010110101010100
01011010111000000110110011101110
11010000000000111110001001000100
00111110111000010011111101101011
00011111010011100011001101111101
00101110010001111111011000011111
00100001100111010011100100010111
10010110111010111110011111001010
00010010000001100111100011000000
11000100011100101111000010100111
10111101001011101110100010101110
01101110010100001010100100010010
10011011111100100000001001100001
10101011111100101110001001010100
01100000001110100110010011011101
01110100101011111100000000110111
10010111110011000011111000100101
01111010100000000000100101111010
10100111010111010100110101010001
10110000011101000000001110010111
11110110101111000001001110110001
00000111111110001101010000110111
00011011000110101000100011001100
00010000010110111001101101101100
10111000101101110001000111000010
11010001010001010101000011110010
10011011111111110011010001111011
10110101001001101000001001101010
11001111101101010110000110011000
00011101000111111101110100011000
01110110100000100011010010110101
11010010111100010101011001100010
10001101001110111010101000111100
10001110011100000010110111010000
00101001100101000000100101011000
01011001001100111001000110001011
10011101000001001011011011000001
10001101001101100111011011100111
00101110101111100111000000100101
10010100000101001001101000001110
00111011111011110010100011111111
11100100111000110001111101101010
11111001101100001000011010110001
01100101110100111010010101100101
00100000000111010011111101110001
00010101110110100011010100110000
00111001010010101101111010000001
10101000010010001110010110010011
00001010100101100000101110010001
11001000110110001011011101101100
00101000001100101001101001110001
00001000010111010111101010010111
10000100110100101110110010010101
00001111011001010110001111001000
10111110001111110101101110110111
10101101110110100101110110110011
11010010010100110101000111010000
01000010010110110111100110100111
01011010011111110110000011110001
11101101110011010010010101001001
00100111000110011000010001110101
10001000110111110101101010100100
11000110100011100011110111000100
01011111111011110101010101101111
01100100110101101011101110110000
11101010110011001011101000111110
11000101011110111000011111010101
10101011100011101111000010000001
00011111101010000110100101111101
01000101000111001000010110110001
11110010110110111111011101000011
10111101010000000101000101011111
11110001000000111011110010111110
00011011000000101010101100100011
00101100010100010101100011100001
10000110110001111000111110100100
11001110001000101100100010000001
00101010100011001001101010100100
11011010000100011010010111010001
10101001110011111111001010100000
11000111000111111011011000001011
01111111010111100110001011010011
10010100000011001010010011010101
00100010000111111110111001001110
11001101000001001100100011100011
11010110101111100011010010111000
10001101110010001101110101101010
11000001110011101011010001101100
10000000001111101100111001100110
10111110000110101010000110010011
00001001111001100100001100100111
01111000100001110100100110110010
00010000000111110100011011010010
01011001110111110000111111011010
01111011111101010101110101000101
10110011101010001110110110111010
00110000110001100000010110010101
10111001011011010101111110000100
10101101101110001011011100000100
10101101110110101000110101000100
11011110110100100100010001111110
10110011011101000000011001010000
01110110011111011001010011111001
01000000001010101011000101100011
01001101101001110000010001100010
10100011010010000100110010010011
00000000010111111110110010100111
00100111000110001110101100000010
11111000011010000000011001110110
01001001000101011011001101101101
11000000010101000100000101111001
10101000101100001001110111110011
10010111110110100000001101110100
10111111011001110000111001110111
00101110101010111011001001111011
10110000110001001110010001100100
00101000111100101100100110000111
01001001001000011101001101000000
11010101011111001010001110010100
00110000011000101010010111110100
01000101010001011110011111101010
11111010001100111000011001110000
11101011101011111101011011010001
11101000001101001010000010010011
11110111111101010101110111100011
11111101000110101001010011001110
01001101110100110011101001100010
01101010001110001100001000111010
00000011011001001001110101101000
10101010001101011101001111011000
01110111110100010100010010000010
10000110100010001001100111010110
00000110000011101110110110010100
01011110110010110100111111010011
11100100110001010011101110111100
10111100101000110011010011110111
11010010010110110100010011101000
00001111000011100101001100000010
00001100011001010010110001001100
01101100001000010001001010101000
01100110101111111100001101110010
11011001011011010001101011100100
10100100000110000001110010010011
11000001110011000010100001011010
00111111000010101001110110001001
00011001011101100110011000100100
11110110110001111101010001010111
00111011010101110101111000110000
10011010001001101111010100001011
01010110111010010001000101011001
10110011000100010101000000011001
01001010010101011010000010001011
10110011111001000010001101101100
11101101101001010011100100101111
01011011100000010011111000110010
10101101010011011100111100011011
11011010011101011010111111101011
10111100101000001001000000101111
11001000001111100011111110101100
01100011011100100010111000111111
11101111000010111100111100110010
10101000110001011000110001111110
10110111111001100100110110010111
00000110111100000110101011000001
10110100010100101110000100011011
00110111010001110000111000010111
00011011111011101101011110010110
10111100100011111001001010010111
11111101101111001110100111001001
10001101101100000011011101100010
00010100001110010110011001000000
10110000100000111011010111001000
00110000101101001101010010000111
00000011110110010011101100010000
00011000110011111110000001100010
00010000010100011011101110110000
00110000101101010100011101111101
00010111110001110110101100111000
10100110011000100011100001001011
10011001111010100110101011010010
00101110110011111001100000011100
11000110110110000100011101011011
00010011011110011111001001111001
11010110011111011011010111001100
10111000001101001010000001100101
01011000101110111110111010111011
01110101111100110000001001000101
10010000101111111100011011110111
01010110010101101010111001011010
10110100110100000010100111110101
00011100010011110100111001001111
01000111100100010111000001101110
01110101000110101101010110000111
01101101111100100101000110011000
11110000001100011100011010100011
00101011000001111011010100101001
01000000111000100010001110001110
10101100100110010001111001000000
01010000010001000110100011011010
01011011111100100000001101111011
00011000010101110010111011001110
11110100110000001110010101110101
11110001101100001100111101110101
11010111110011001011001010101001
00101010101001011011100101100001
10100100011111110111010111111100
10111111001110010011101011111010
11010001000000001110110100101001
00011000010111000101101111111100
00001001110111110000110000010011
01110100110000010110110010110010
10011010100011000110100011101000
11100001001110000010111001000011
01000100001110000000100100110101
11010000000000001010011010111110
11101010001100010101011000001111
10011001101101101111001101101110
11000111101101101011101010101111
10110100001010011101101100110111
01101010000010111110000111010100
00101001110001111011101001000001
11101110100100000111000100100001
01011001011110111101001101111011
01001100010101000101011100111100
01000111010011111110111001000101
10100001000001010001101100111000
11010010011110011111001100010110
10010010011101111010001111001101
00011001001100000011000100111000
11011100010110101011100110100001
10110101111010110111001100111111
10010011111001101101101001110101
00101100111011100001110000011001
00100110101000100110000101101110
00011010100100111000010111110111
01110101011111100100010010111111
00010001010101000111111110010110
11110111011110000001001111010000
10100111011111011111011011111110
01100110100010011111101100110001
11101111111001100111000011010000
00001011111010011001100110010111
10101100110101101001000111010101
00101101010110111000101111111110
11101001110110111000111110110011
00001001001011011011101111001010
10001101001110001110111011011111
00011101101000011110011000100001
01100110000000111001001111011010
01101100111011001101111010011000
01110011111001001000100100100100
11100100010011001101000110011100
01110100101000110100011101101000
00010011010000001011010100110110
01111011010000110000101011101100
01101000001110111010111011000101
11100000110001110101100010000000
01101101110010001111001010011111
00111000000011110101111100110110
10100010000001011110011111100100
01101011111111100000001001000110
11000010010110001000101001000101
00101100101101100000101000111011
10100000011100001110111000111000
01010001101001001101111100000000
10110101111111011101100010110101
01110110111011110100011110000101
11011010010001100000111000111000
01001111011000110000100110011101
10011101010111001110101110010010
00001011100010111000011111100110
11011001000010000111101100010000
00011101100010010001101001101100
10110111101100100111111010000110
00010010000010110000010100111010
01010011000000110010010100111110
10100011001100100100000100101010
10011100011110110011001000101010
00000101001001011001011100000100
00110010011101000011010110111000
01011111001001101001100110111111
01100001000100110110100110001010
00000011001011001001100110110001
01001000101110100110011111101000
10111001010100100110101010100110
10100000001110110001111110100001
11010101010000000010010011010001
11010101011101001100000011101100
10111110111011001100001100001011
00001111101110000000000110110011
00101100110001010101011010100101
10100111100011100011011111001100
10011110010101100011101100110011
01001010011010000100000100011110
10101000110110011000001010000111
11011111101010111110011111011101
11001100100010000101010000010010
00101000011001011010001101010011
10100100100111010110000111010110
10011000011000001011010110001001
11001100011011010010000000011001
01111111011000011000011110011100
10101010101001100101011011111000
11011100011001001011101101010001
01010011010001100100111101001001
00010011000011100110011001011011
11010001101010011001110100000101
10101001000100010110000100001001
10001001110101111110111011010111
10001011110010110001101000111101
00110011110001110010011111010010
10101010010100001011110001010110
10011100100100011111111101001000
00000101011110011101011100111110
00111001101010101011011001011000
10010110000101010101010110111100
11000011001010111101001001111100
11111001111010001011111101010010
11111010111111000100101100111100
10011110110100011110011000001110
11010011001010111111101001000110
11100001100100110101111011100000
11100011110010110011010111101010
01011011110101010001000011011100
11111110101011011010110110100101
00101110101101000001101101100001
11011110010111101000010000111010
00011010011011101111001111110111
00001001010110011011000011000000
11111010101011110100111010100011
00110110001001111001100100111100
01011001010000100111111110100010
11001100111000010000000000001011
10011001000101111001111001011010
01000011100101011100101100100100
00101101001110001100110111010100
00101101101101000000101001110110
11010110111110010001001001000010
01111111011111000111011010101011
01110101000011111011001010101010
10011000110000100010101000101101
00100010110111010111110001101101
10100101010111010100011100000110
01011010110100101110000000100100
11100001000100101011100000100110
11010011100001100000101010001001
00011011011000110001001100110010
01100001011100110010101001011110
00110011001100100110011110011001
11100010110011110101001100000010
01010111001101001110110011010001
11010101110000010111001100111000
10100010010010111011000011111111
10111110111111001010001001111100
00001111011100100100110100100001
10001000100110010010101010001101
10010111011011001001111100111111
00001010111101001111111011111010
11001010110110101111011000010110
10000100100010000110010110111010
10110000001111111100010000100110
00011100001001000011100011100100
10000001111100011100000101111110
11111111000100111010111011111010
00101100010011100010011101010000
01000010111011001111011001001000
00011010101001100111111000100001
01100110010001000001101101100110
00100011001111100000111001100011
11011110110000110110101110110101
01100111000001110010100010110000
00001010000001111111111010000100
11010001111100100110111000000100
11101010100100000100000000101001
11010010001101000111011000100001
10010000011011010001011000010000
11100011100101000001001100101001
10001001110101011011000010110110
10001101000100100010110001010010
01000011110100000011010101110111
11001101100010011001000001100110
01101011110111010011100011101101
10101000011111011100111100101010
00011111110100000011011000000101
00111100001010111000001100111010
00100000010101111000000001001000
00101110111101100000100001011101
11001011001111011110110011010010
00100110011010101111010111011101
00110011010011110011000110100000
10110110010110011001101010100010
11111010100111001000011100010101
01000111111111010110100010011011
10110110001100100101110001110001
01011011101010000100111100001101
01110111101101101000101010100101
10101000010000111111100111100011
00011001001001111010111011111100
10000110110000010010010110010100
11110011010001100010011101111111
01000011111000011010011010010111
00100101011100011010100010101000
01111100100110111110110000100001
00010001100110100101110111010111
10011001010010111001011100101000
10001001110000111010100001110011
10101100000111011011101110011111
10000010111110001010101110101001
11001001100001000100101001101001
01111010010011110000001111010101
01101111101101001101010101001010
11000110100011011001001100001111
00100100111101111010011001001100
01000000000100100001001000100000
01010111011001000101100110110111
01111011110000111000111011000100
00101001110010110111100011000101
10110101011001111110011101011011
00100110110000111110000011100101
00001100101001000011001000011100
00011010011111011010010111101010
11111000001001101011100010111011
10011100001101110010111001010001
11000110010001101001111110101000
11111001000000011001110100101001
01101010001101110001001110100100
11111101110011011110101110111110
10001011110100011111101010000101
11110000100101101000111001111101
01111000010110001100110101111000
01000101101011010011110101110000
00110101010010011000110101110100
10111100010101101010010101111101
10010100110001011100011111001101
10001110111010011011100000001100
01110111010100101000100101011001
01011010100000001111011111101100
10011010000101010010101111101010
10010010110110010111001101010101
11101111100011000011000000010111
11101101110101000000111000110001
00110110101001000011100100100111
00011100001000011000111101110100
11111011110101010111100110011111
10011110111001110110101010101110
11101001111111110011100100011011
11111001011110100011111100010100
01011011010001110011011111010111
00111010001101010110101101111111
11010001000100100001101111001011
11011010000101110110011010001010
00111111001100110001011110011000
10110000100101001000011001100101
01100010001100010010001000000000
00010001110000101010100101110111
10010000011001100010111111110101
10110011100110000110001011101111
01000011010010101001000100110011
00110101010010001111001100100010
11011011101111001100101111010101
10111011011110100011011101001110
01010010000101010010011011111001
10011111001100010000110100111000
11001100001010110000010111110011
11101000000010000001110110100000
11010010011001011110010111101101
10011010110011100001111111001010
11001111011111011000111011111000
10100010010111001111010111011101
01101011101000110110111001000100
10011010101011010101110100000010
10110100100101000110011000101111
00101000000001101110011011000111
01000010101101011110000010101111
10011000001101001000010100100001
10001111110111110011000011110100
10011100100101010000111001100100
11001010010001101100011111100100
10001100000111011101010011001100
10011000101011000001011001101110
11011110111011100110111110001011
00111110011101101110100110011010
10011001110010001111000000110101
10100001100010111101110100111000
11100100011001001100110100010100
11111011000100010000101111101101
00110010110011101111000100000000
01100000011101100111110111000010
01111111110111000110100011110110
11110001101010111000001100011001
00101011111011100001000010011010
10111100000110101100001010111001
11000011010100101110111011101001
00101110110011001000101011100100
10010001111101010101001001010010
00111000111001100010100011000001
11111110111101100000110111001100
11010110011000001010010001101001
00110011111100110100101100111000
11110000101000011110110100001110
01001101010001000011000010000111
00010000100100110010001000000001
01010101001001000110100010111010
01011010000001010110100010001100
01000000101100110010111111011110
11111100010011111001000100101100
10011110110001101110111110110011
11010111100111010101100110000111
11100000000100011100011110110011
00100111100110010001101111001100
01000000101110011101010110001100
10011001011011001101000100001011
01011000000110010101000011110011
10111000110100111001111010111101
11101100000001000001010101000100
01011110010111111011001111010101
10101011100001100011011111000100
00111100111000100001101100000111
11100101000111111111100100011010
10011100101000100010101111101100
11110100000011100100001101001011
10011011011001111111100110001010
00100111010011111010111001101000
11110101100001111101110000001101
11111001101011000110001101100101
00010110001101010010101001101010
01001111010011001011001000000010
00000100001111000110011100011110
00010101000101100100100100010100
10100110000000001010111110101000
00001111010011000001010011001001
11100010101100100010000111011100
00000010000000101001010000011010
01111111000101011011101011101110
01100010110011000100011100000001
11111100100000010000010100100111
00011101101001111100010001110010
11111000011110100001001110011010
11111010001010001100010011111001
00011101111001010011001001001111
00110001100011101001011000100010
01000001010100010011000111110101
10101111011101100010000000001100
10011101101110111011100100011111
01011001100101100100101001011010
00111000110111001010100000110000
11110111110100110010011100011001
10000001101111010001001100110111
10101100011100111001101010011110
00010001101011011101000111001111
10110101100000100001010001111000
00101101110001001101101011001110
11110000001001101111110011101101
10110111001110010011101110000101
10000100011010111001000011100000
11111011100111010010011011110000
11111100111010010110111010011011
11011111110111011110011101111001
00000101011010000111111010110100
00101111000001011011101111011001
11011111100011101110000111001000
11000100001011101111001101001000
11011100111101111010100110011101
10010101110000110101011110001011
11010001000010011001100001100001
11001111000110100101100110011101
11101001000101010111110001000001
00101010011110100011010111001011
10110011110010111111000000100000
00011101011101111010010001101101
00011001101100100001101110000011
00001000001110100101000000010001
11011010010111010010100010010001
01101010101100111111001001000101
11100000010011011101010010010000
11deg=19937
----------
