succ = 3
deg = 19937
POS1 = 48
SL1 = 6
SL2 = 21
SR1 = 14
11101010001110111100001000101110
01100010110001001001011111010011
10110011101101001011110001011100
11111100101110111001010100000101
10111100111101101100010101101001
01100100001010001101100110011000
10010100101000110010010101101010
11010010010001001101110110001011
10111011010010100010001111001011
00100111111101010101001101111101
01101000101000001111000110001001
00010010001101100110101110100000
10101011001011110111111011001111
01001100001101001011101010111010
11100101000001111000000010110101
00111100111010100111100111011111
00111111111010010101011111101100
00100100100010001000110010010100
01011110101011101001011101101100
00010100110011001101010101010111
00001101001011100001001111111101
10101000111100111000010111111101
11110100001101111101010011011101
00110101110101111100101001111001
01001010101110010000100111101101
00011000001101101100011000000111
01001010011000010000011000001011
11110010001101010011010000001100
01100010100111111111100000110011
01101101101111111001000110011010
11001101010001010000000111100001
01011111100100110100110110001001
10110011100111001000101111111010
10001000010000001111111101010010
11010001110110001010011111101110
00101010001001111010101011011011
00010011011010010100011000111000
01101000011001000101011101010111
10101000111010010010000111110111
10001100101101110100010101101000
01101010000101011101110001010000
10011101100101000111011100111010
10001000100101111011110100101001
11111111110101011111001101101100
10110110110111011001110001100111
11101100011011010000001011101111
01111001001110110100110001111101
11000011001010100101110100001110
11001000000111000110111011101001
10010111001101110001101101101110
11110101110000100111100111110101
01110000111110010110010111101011
01000100100111011100000110100110
01000011000010101100100011001111
11001011110011111001001001111111
01010100000100001000111111001101
10110010000110111110111101011111
01100110010001010110101101111011
00010000010101001001011111100010
01100010111001101000101010101001
11001110000101110001011000110010
11001101110111110011100110001011
11000110000100110100011101101001
00100101111110110110100110001110
00100010001111011110100111000010
00111100000000010000000001011101
11001110011000110000011101100011
11101110101011100000010100011101
01001101000001010111010010011010
10110011001101011100000100000001
11010100110001100001001010001000
01100101000010001011011100111111
10011011110101101111110000000011
00010110111100011010100000111101
00011111001100101000110000000111
11001000100010001101110011110011
01000010000110100010101001000011
11000101100001011000101100001001
10010101100010111010111010111010
11000111010110011111111010000111
00000101011000011100100010010101
10011101100110001011011111001111
10111010110101110111101000101100
01100100100010001100011100101111
10001010011010010011010010010101
10100011011100101011111110010100
00110001001010011000001001001000
10000000100001010010100110101000
01110110101111110111010011011011
10010101100001100011110011011000
10101110110011001100111001000110
10001011011100111000111001100100
11000101011011101011001000110010
11111010100000010000100101001001
11001110101011011101111111010001
10100001111101100010100000011101
00101001000111101000111001110110
10001000000001111001000111100011
00010110101001001100101111100101
11001001101010011000011110001101
00011001111000011100111001000111
10011100010001110011011001011111
00010110100100010011100110111001
01100111101110110010111011000101
01101110011001100110101001001111
00011101101011100110001100101000
11100100001001001010101011110001
10010110000111100000110011110001
11110001001010111101110000011101
11000000111010101000110011101000
01110110000111101100101110010000
10011010111001111100111010010100
00000111101011101111110110001001
10011000101100110110011100000110
00110000001011100101100111111000
11111011001000101000010111110100
00011010001001110011000011110000
01010000101100111010000000110111
10010111001110001010100100011111
01110111111001111111101010101100
01111111110110000000000010111100
00011100001011111101111011010010
00000000011000111100010010001010
00101111101111100000110010101010
00110001010110000111000111000011
10010011010100011000011000101111
11010000101011111000101000110100
00100101010000111101111001101011
00011101010100110001110110001011
01101011111110110110101110011010
10100011011101010100001111100001
01111111000101111101111001101111
00010111101010000011110111010101
00010110010011110110010110101110
01100011101011010110100011011000
01001001011101101110001011001110
01110011101001111010010111110010
11101110000011001001001000000011
11010101010100111100001110001111
10010101010001011111100101011010
01100001111000111010111111111100
00100101001111111100111110011110
01100010100011010111100010000011
11110111111101010110111001101110
10011100000011100011110111111100
00110111000110010000010101001100
10110011000111110000011001011101
10100111101010101011000001010000
10101101011100100101001100101110
01000011000111110101100111110011
10000011000010000110110100010001
11000011101011100010111111011010
01100100010011111111011001011110
11110001000101000111100000001011
11000010001010111000101110101011
10011010010111111010001001001001
11010101000111010011110100101111
01011011101100100110100001100000
01001010010001000111000101010110
10100011110001011110001101110111
01001100000100010010001111010100
10001000100101110100100101110110
00110101100000110100111010001111
10100001000101010100001110111101
10000011100101010000011100100110
11011001010010001101010101100100
01111101000111100001000111100000
00111111001100000000000010000000
10111101000110100111011110001111
00111111101100100011101101111110
01111100101001100000001001110111
10010101101101000011001100110101
00011011000010010111110000101001
10001100111110100010110100111101
10000100100101001100001010011001
10010101110100001011000101110001
01000101001001101011101000010011
00110010101110101010111111101010
00010100011100011100100011111111
00100101001110000000100100101110
10001101011100010100010101110110
10011111010100000101010101001110
01111001001001100100101101011111
11100010111011111110001010110100
11110000001100001000111000011011
11101000111001011001101110011111
01011110011001011110000100110111
00100000100000100010110111111000
10100101101110011001010111101001
01100110001011010110000001010000
10100111001100101100000110101111
11110110001110110000011111011001
11000000010111110100100001101011
00110100111100010101101001111000
01001110010110000001111101100110
00001010111110000000110010111011
10000111111101110111000110000011
10000100001011111111001101110001
10100110000110111011110111000101
01011001011100111010001000110111
11101100110111101100101011010000
10010000000010111111011100001100
01110101000011101000011011010001
11100001101010000001101001001101
00111101100011101010100001101110
01100010101111111001111101011101
11011010000000001010011000101011
01111011010010110011111101010100
00010101100001001010101110110000
00100110100101100011100101111001
00001011011111111100001100011110
10100101011010011011011000011100
01100110000011100110010011010000
00101000001110010011010000110010
00001001101010100011110110101110
00111001010110100001100000001111
00100011000101010011011101101010
00010110100010010110001101101010
00101010001101111111010000101011
11011011100100101111100100111110
10110001101000111110001010101100
01010010110110011101110100111100
11000111000101000011010010101110
01111110100000011111001011111111
10000000110101111111101111001100
00010100010010100000100100111000
01111110100001111110100010000110
11111000000100011001000000000101
01011010001100110001101010111111
11011110011101110101101010011001
01011000101011001100001111111000
11111000101100010000101000001111
10101110000010101111101101100000
01101110110000010111101100001000
10011001101010100111101010011011
10101111100010101010011010111010
00110001010000010000111010010100
10110100110001101010100011001100
00011111101010110111011000100100
01111100001100101111111111100010
01001110001011011110011100011101
10010101110100000000111101110100
11001010010010101011100111111010
10101110111110011101010000110000
10011111110100011011100000000010
11000001000011110011101010000010
00100111100101010011100110100011
01011100000111111000101011101011
11001000100110100101111010001011
01111110110000100101011011100111
11000011100101111000111101010000
00111010100101000001100111111101
11010101110111000111110001100111
01011100011111101100001010111111
01100100111001011000011101110110
10101001000011111010101001011011
10001010111011001101100001111111
01110010000010000011100000111000
00100010010010110110110000101000
11101010000100011101101110010100
00110110100000001010000001100010
10111000000001101101100010011000
11001101110111100001100001111100
01001011111001110110111011101100
00001000101110000110000010000100
00110101010110000001111110010011
11100000001001101100111101011001
00001110111101110101111100001111
10011100100111100011110101110111
10011001000100001010100000100110
11001011001111011000110101111011
00100011100001110110100100101100
01111011101101100000000010100100
10111011000011111011101111101111
01100001000101100001110111111100
10000111010000001110101101110101
11001011111001001111001011010011
10110010100100111000001000001010
11111110101011011010100001101010
00000111010111001001100110101001
00000011101011010110100100011101
11111111001111111000000101001011
00101111001001101011110001111110
11100010000001010010001101101100
00100000100101001001010001001011
11100011100000110011000101010001
01001101001010111101001100001100
10111111011011100101101101110001
10101000001111111001000000011100
10000010001011100001001000110000
00010010101111011011111100000001
11001110111101000100111001001101
00000000100010111101101101001111
11111010010011101001011011011111
00010111101000011111100000011011
11011110010100000101011100111110
10001000011010111001001000000011
00011010011011011011000011101000
10001110111010110111001001010110
00011001010001110001100001000111
00000011101101011110111011001011
00010010001000100111110101110101
00101000001111010110110000000011
00111100001001010111010111011101
11110010001110111010111101101111
10001110110110100011110100001111
11100100011010101001001011111010
01011101100100100101100001011010
11011011011011010011000010010100
11000011101001000100110011111010
11000000000100111001111000000001
11100000011101111101100111000000
01000011000110110000100101000100
10000110111001110110111100100001
01101001110101000000111010101011
10101101100101000101010000010001
01000101111100000001010111001101
10100011011010111001100101110010
00000101111010110101101011111001
11111000010000110000010101101011
00010011000001111110001011001010
00011100110011001110101101101111
11110010011101010101000010100001
00011000010010110010010100000101
01000111100000001000101111000001
00010110001000001001111100000100
11010000010100111111000100101111
11111111111011001010000110011110
10100110110110110100011111111011
00101001111100110101100100001111
01010101110001011001010111010011
10111111111010000111111111011111
01101100011010001010110100101101
01000011001010000010100100110101
00010111000100110101011101101010
01100101110110100111010000110011
00111001110110101101111110011111
10011100111100000110111111011111
11000100000001010000010000111110
01000011100110100010110001101110
10011100110111011100000100010110
00100001110100110010100101011100
01110101001000000101100111010100
11110001001110001100010010010001
11100010001000100101111001111100
11000110010001000100101101101111
01111000100001111100000010000000
10100110000111110001011000101100
01010001100011101101010111001001
01100101001111000101110011011101
10000010100011110001010011110010
01101000000010111101000110101100
10111010001001010100101101001101
00010110100000011101001011101100
11001101101011011101000000100100
10001110011011011100001001010100
00100100100010111110101100000111
00011111111110101000100000100110
00101111101001001000000101010001
10100001111011100010011110101000
11010101011101101100111111111111
11000111110000100001011010111110
01000111000010110010011000010111
00001111011011001000100101011011
10000001111101011101000111000101
11101000110001011100101010100100
11010000101101111000010110010100
01111011111001010010001011001100
00111111011101110000101011010011
01010001100100001000100000110011
10011000111000100000111101111111
00010011111101000101000101010011
10101100011110010011110100111100
01000001100100001111101011001011
11111001101100011000001100011010
01001111000111011100101100010101
10100110011001111001100101100011
00011011111111110011000001001101
10100000110101010010101101011011
01110110110111011010101000000010
11101100010000011111111100010111
11110001101111010110011011110111
11000011110101110000101001100000
11010110110000100110011001100001
01000101110110000110010110000101
10100010010111100100011011011100
10001111100010110111111111101011
00111010101010101001000100011000
10110001110010100101000100000101
10100010011110111100111100000000
01010000101100011011101100101101
11001100100011001101011110000001
10001001000111101000000101110110
01010000011001101101100000000011
10011000101011110110101110101011
01001100100000010011100001101011
10001011101101001000111100001011
10111100110111010011010100101001
01011110110000010011010000010010
10101000011010010010101010100011
01111001001100011100010000001111
11011111110110100111110110110101
01000011010110001011010010000111
00110110000011101000000000001000
01101010000110101111101001100010
11100100101100001010101100110001
11010110110101011000101100100000
00101101101101111110011010100011
00110100000011001001111110100111
00010100111011010100001010000100
10010101110000100011011110110111
00000101001011011001001010101111
11000101111110011100001100110110
00100100110000011101001111010100
00000111011101100100101010010010
10110110111000110000001010001100
00010010010001110111001000100001
11111000000110100101111110010110
01010101011100001000010101100111
11110000111010001011100000010110
10010000111001000010100101000010
00011010011001001011101110110111
01100100110101111111011000100000
00100111100011110011011000110000
11100000001011011101101100101000
10010011011101011100101110001011
10111000100000101000000001000111
01100100100100010100111101101100
11101110001110000110010001000101
11000010111110110001001011010100
00101010101101001110001001011101
01111101001000010000001110111101
00101100100101010010101001000100
01010011101100001101000101010001
00111100011110000011011110110100
10001011001101101011100011101000
10001110100111100100010110011001
01000001011010011101001011100111
01010111011101000100111110110100
00011110001010101111011010110011
01111110101000111011011110110111
01110100010110001000011101111100
10101000010100011111111011110101
10101101110100100011101000101101
01010110011010000000011010101111
01000001110000101101110100000000
01110101110000111110011111011011
01011111011110100010000010011111
00000100110000110011001101111011
10001001101000110101010001001110
11110101011111101000101010010010
00111111011111000000010000001000
00110011010110010000101100010001
10010100101111010001000001111110
10011001101001001011100010111100
00000110001001100001011001101101
11110001000101100111110001100010
11101000001010011010010001011100
10011111011010010110010100001100
10010110111001011111110110011001
11111101101010010000111010100110
01100110000000100111101100100111
01100100111101001100100010100110
01101101011100100100111100110000
10111000100110010011101001010101
01101101001010101000010001011100
10110000110011100010001001011101
00001100101101101110100110111111
00101111110001000000010111001010
00110010101110011011011001101001
01010110011101111100000101111010
00001001100011001001100000011000
11011000100101100101100101001100
11110010111000010110001111110000
01111100101100010110010110010010
00100111110101010101100010011100
10010101010011010110101011010010
11100011100101001100000101100101
11011000001001110110100111000011
00001010100000101111101001001011
11111111011010110010110111110011
01001001100111100111010001100110
11100010011001110100000101111111
10001101110100101111101111011100
10100000000110100100100010111111
10101111000111000101100111000111
01110100101101000010010101111011
11100110101010011110001100001001
10010010010100100000010000100000
00011111100110011110101110101000
00111111010110000000111011001100
01100100011100010100101011100100
00100010101001010011000100001100
01110001000000110001100100110000
11001111100001001010111100000010
11010101001001101100010001001010
10001101110100100011001010111110
01101001100001001111000101010000
11101100010100010000000100001100
01011001011100001010001110110100
11100100001100110000000111001100
00100010100000000101011011110011
00110001111011100001110101100100
01001101111101000111100100001101
10011100100010100101100110100111
01100000010010101110100100111001
00010100101100110111001110100110
10100000010110100000010111111110
11000101001111000001100100011110
01100001100010100001101000111110
11100111100000111101011000010000
01011001111001010100100100111010
01001010010000100111000000100010
00000001111000000010101111011101
10110101001100111001000001001110
11111001010110000100010001001100
10010100111000111111011010010011
10011000101100001111010101001110
10001101011110101010001111010100
01100011110010110000000110000011
10001101101011000100100001010100
01100001111001111001100001111100
11011010110111110010010100010010
10101101110111100111110101110100
10001111100010010101110111110000
00111101110001011110100011101111
11101000011011011101001111000101
01100101001011110110101100111100
11111111111010001101001111010001
10101001010001000110010000110000
11011100110000000010101110111001
01111010101111111011110101111011
01010010000110000101101011000001
10010010110010011000110010000100
01010110110010111001010111110111
00100010100011100000101001000101
10011000110100000100101110111001
11111011111100100101101010110110
00110110110011111101000001010010
10110101000100000011100111000101
10001000101000100010001000110000
11010011100000011111111000100111
01101010111111011000111100001001
01101110111011011101000010101011
11101000000011110101110110110001
10010000101100100101111000001100
00110011011010010000111111001101
10011010110010000111001000101100
11000111110111111010011111010110
10001101001100010111011100011111
10011100110101011100010011011110
11101110001100001111000101000001
01000110101010110000100101100110
00101010111010111001101000111001
00101110011101001101101010111111
11001000100001001010111101110011
00011010100010000110011101001011
01100000101111011010110100100111
11111110011110101011000100111000
01001111001010100011101000011001
01000000011111101000100101111101
10101000101101100100011001111011
00101101111100110110011111101011
00101001001010000001111000100011
01100111010000011001010001001010
11000001000011001010010001000110
11001001100101110100011011000100
00110010101111100100001001100101
11100011100000100100101000001000
10011001100110111110101001011101
11000000111110110001111101111101
10101100111011100011101101000110
00110111100100100110101110100100
10111000011010110111010001011011
00010111111110101101001100010110
10000100101000101001011000101010
11010100100010010001010010011000
01101010000010001001110001010110
00111101100110000110100010111011
10111101110110000101111001101011
11011100001000101110010111100100
00101001100100111011011101000111
01001110011000111001010111100001
00101110001111111011001111000011
01101111111011010100110001000110
00101101100010111111111101001101
11110100000010111110111000010010
10001100110001001011111111100100
10100011101011000010101001000011
01011111100111001001001011010110
11000001100010110100101001000111
10101010001010011011010010011110
11111011110101100110111001000010
01000100001100011011101010100101
00100101000001000000101111011110
00101100001111000011001010010000
10010001010001011101001001111111
00100110101001000000010100001000
01000010011101001001101100011110
00101000010000100001001110101100
10101100101000100101110010111001
10000110110000011001001101000111
00111110000001010110011001011111
11001111001011001111000001001111
00010101110101100110000100001111
01100111010011100010110000011001
10110000101011010010011001101100
01001001001010011000011111010100
01101001110100110010011101101011
10001000100101101001110010001001
10001001000111011101110101011011
00000011101001110110111011101101
11100010111011011010100111110001
00110001001011110011110100111001
11101001001011100011000100010101
11000011010100100100111100100100
01101011001110100011000001011111
00111111101010100000101111111000
00000101100010110101011110011101
01111001001010111001101010011110
11001001010100001111100001001011
00000110001010000110100110010110
01110110000001000001001110100011
11deg=19937
count = 60000
pass1 = 935
pass2 = 63
pass3 = 3
pass4 = 3
count = 70000
pass1 = 1113
pass2 = 77
pass3 = 3
pass4 = 3
count = 80000
pass1 = 1274
pass2 = 85
pass3 = 3
pass4 = 3
count = 90000
pass1 = 1407
pass2 = 91
pass3 = 3
pass4 = 3
count = 100000
pass1 = 1546
pass2 = 103
pass3 = 3
pass4 = 3
count = 110000
pass1 = 1694
pass2 = 111
pass3 = 3
pass4 = 3
count = 120000
pass1 = 1842
pass2 = 122
pass3 = 3
pass4 = 3
----------
