succ = 1
deg = 19937
POS1 = 136
SL1 = 16
SL2 = 18
SR1 = 5
11000000001100001011111011011110
10000100001010010110010010111100
11111011000011101000010111111101
11000110000101001010000110000101
00110101110110000111010101010111
11001110010011000111001011111101
01010000011111011101010011010001
01101100000010101001110001001011
00101010100110111100010000100001
10111010100100010000101001011001
00010111110000011010101001110100
00100010111000100110010011111001
11101111000011111001111101101010
11100110000111101100000010110000
10000100000100001100000010000100
00100011011011000100000101010110
01100101111110111101111100111000
01110101011101001110010100010110
01110011110110000000000111010100
00001001101011110000011111111001
10110010111011100111000111001001
10001000010110010111101001000100
01100000011110101111001011100000
11100011011111100100001110001011
10001001111111001110100011101011
11101010001101101111001001000101
01000000011001011001011000000111
11101110101000100011010101101010
00001110100111100111000010110001
01110111011101110010101010010110
10001010001011110100010010000100
00100111110110111111111010111001
10001001110011011001001110110001
01011010101010000010010110010001
01011000110000000101101111110011
10100001100101011100001111101000
00000011110011111110110010000001
00000110110011111011010100110000
00011100011110100100100111000110
01110101101011000000011100001101
00010101110010011101111001101011
10100101111000010001101000111001
01011001100100011101100101010000
01011111110110100011111101110101
00010011110010010101110111010001
10000101001000010111001110101110
11101111101101100010010000111000
01110101010110110111011000000010
10001011011111010001011000110100
11101110011010111011011011100100
01001100001110010111001100100101
00101110110010111111001011110111
01111000000101001000100101011101
10101100110000110010111000001101
10110000011101111110101101010100
11100110111010011101011111000110
01101100111001111110011011101010
01000011011010100010010010001100
11111110001101110110110000011111
01110001000110000101001111111010
01000100110010011000000000000000
00000000110110000110100110010010
00000111111011111001111011001001
10100101000010110011111111010010
01111100110111101101101010101110
01101000101101111011011100111101
11010100000011001001101111101111
00101001000111111111100000110011
11000010100100000010010110011101
10100001001111101010001010110101
11100000010111111001000000001110
01111001110110100011011011100001
01010001011100000111101110000001
11101011100100100100111010010001
10001111010001011101110110000000
01001101010111000011011111101010
01011100100101011100010000010010
10100101011001100001101101001000
11101001001010100100010010010011
10100000000011011001010011000101
10011001001010100001000111100100
10101011010110111100010111001111
10001001010010100011110001001110
01011011000111101110101000001111
10000000001000010010100110000110
00010100011111000111101101100011
01001010101101100111001110100011
11011011010000110010110010111001
00110111100001000010100010010101
10100111000100011100001010101110
00011110101000101100100101111110
10000100100101001110101000111010
10110001001101110110010100001001
11111101000111110010110010100001
10100111010001001100010011111001
01100111000100110010111011010000
10100110110111110110001011100100
00010100010001010010011001010011
11101111010010101111101000100010
01100001001110101011101100101011
00111101100000000001011010010111
11101101001110110000001000100001
10000000000101011000000000000010
10100010111101000111011011001101
01000011001010001110000010101100
00001111011011001111010111111100
11110001111101110101000111111000
00110111010001111100000011101010
01110011010101110101010110011010
10100110101110100101101000001100
00110011011000100001101100011001
11100011100010110111111111101100
11011100100101101111000001110001
01010101011001101101010010110100
01110011001010000011111001000101
11110000010001100101100101100010
01111010100110100000011001001100
10100110100011010110011100111100
10001000001001100101111100010110
00100101101001011011110101000001
11000111100011011000111010110001
00101011010100110100110010111111
11111100001101100010011101111001
00000000000000111110110110001010
10111101001101111110101001111011
10100100010000010011111010110000
10010000000011110110010000001011
00010011000101010010001110101001
10111010010011000010110001001101
00110111011110111101110010010001
00100010011000100011010010000010
10011101001110010101000011100011
11011000010101110011110001010010
01111010110011110011101110101001
11101100010111101010110111100100
10000110101000100001101011010101
10011100011001001100100000111111
00010111011110111000010101101101
10001000101101010110111001011111
10111001101100011101111001001000
00000010110010111001011110101000
10111111101101101011011100011001
00111100010110001000001001001010
11010101111110111101001111000000
00010001101101111101010011010000
11011010100110111001011101100001
01011100110011101000101000101011
11011100000110111110111101110000
00000001111101011111000001101110
11111100001100111001100010001111
00010111000110001011111101101101
00101001011001100111110110101000
10110110001011011101110000011010
10000000100101111011011001101111
10001110000000010111101101110000
00101001110010100010010001100110
00111011001100001000010010101111
00000100101101010111100010100011
11001001111001011111011101110010
10101111100011010110101010001000
01001001010001001100011001111000
10000111010100110001111100100001
11111100000101011000101100011111
10001000011010001001001000100101
10101111101110000011100101111000
01001001000011000001010001101010
00000000101011100101001000110010
01110001100000100100110011111000
01010000110001110011001000100010
11101111111111000101111100010001
01100011011011111000100011000011
11000001000111110111110111010111
11001011010011011111001001111001
11011110110001011110101111101001
10010111100011110010101111110110
00000100100001001100101101011001
00110001110110011101111010011111
10001111110100110101000110001010
00010001001111110111110011001101
10011010011011110000110110010011
10100001011010011010010011111110
11111000101111110110011111010100
10111001101110001101001110100011
00100000110010100100010101111110
00011101111101101000101001011101
00010111001111110111111111111101
01000001001111111001111100000101
10111010100000001011011101001001
10000110101001111011111011001110
10100010100100011100111000001000
11110010111110001001000111000000
11111111001110101000101100000100
10001010000100001100111100110111
10111011110100101100111011101111
11011010111110010111000100101000
10100001101001011101111010010101
10000001011100101010001111101100
10011111011000000010111000010110
01000001010010111100010010100111
10000100010010111110101101001011
01110011101001101000010111001001
10110101110011111100100111111000
11111111101101100001111101101000
11100100111101111100011000111001
10110000001110001011011110010101
10100001001101011010000101101110
00101111101011011011010111010010
10011101001101010011101011110000
00111001101001010000110110111000
10011100000101100010100111010111
01001111010111100100111010000111
00001001000001110101110110011101
10000010001000010100011011011000
11101010111000100000001100111010
01001001110101011110000100111110
10001011100110000110010010110100
10100010101001100110001010110110
00000000000011000000110000100001
01000110111011010001001110110000
00110001101101000101110010011001
10100100101010101001010000100101
10101101111110101001011010001000
10001011100100110011001101001010
11101100101101111110001001001001
10010011010100110111101000111110
01010000001011101011110110100110
10011011100111100110001010011010
00001000110000100100001101101100
10011001010101100100100000010101
11110000110001000110110100010010
01111110110111101111111110100110
10110110111101010000011101010110
10000011101001100100011000001010
01001000110100110100101011001001
00011100100110101111110111011011
01010100101110011001011011010101
01011100001111010000100011100011
01011000101010001001000110111000
00100001111101100000001001110010
10100011000110001100100110000101
10011011011111100001001110001111
10111010100100010110111010111011
01100000010001110110110010011001
11010001100111101100000101110010
01011011010110001000001101010110
11101101011111110100000010111000
01111101001011100110110101001000
10000111110001001000111100101000
10101111010100100111010010001110
01111100100110110011001001100010
10110110101110111101110010001010
00110110001101110110110111011000
11101101010011100010010111101100
01010000101000100111001100111110
01010101010010111110111110011001
01101101101010001101111101101111
01100111101011010011010100101111
01010101110110001111101011101110
01001110011010010111110010100011
10110010001001110101010101011011
01000001101001101001101010111000
10010110100100100001110011111010
00100100101111011101001101000010
01000111011110100101010100010111
10000111011000010001110101001101
11011100111010000100110100001000
00010001001101000110001111111010
01000100000010000001011011000000
00001101111010100101010011010100
01101111001000011111011010000111
00000001110011110100110010110110
11111010011010011010110000110100
01001010100000001101101000000010
10100100100101010010100001111100
00100011110100100001111101000010
00001110001100001111100000110101
00111000010000110011111000101110
10100110110110011101100001010011
01000101000001110100010001111011
01101110101000110100010110000101
11110000110010111111110010111010
10011100101011000110000010010101
01101101111010101111110100000100
11000011100010111010011001010001
00110100000000010111010010001111
00101110100100101000110001011001
00101111001011000000010011001111
11100001001011000110001011101000
01110101011110111000001110010011
10111001101001101011001111010011
11111110101110000111010110101001
00001010110010010110110101110011
11011100000010011110101010110111
01101111111111011100110101001011
00010100101101100111100110001001
01000011011101111010110100101010
10100011100000111100000011101110
01000111100010001011101101111000
10000000000001110010000101010010
10000010111010000111011101010001
01011110100101111100111111111111
11100110100010100110111111111010
10111110100000010001011110000010
11100010110101100011010010101000
11000011101001001100111101011001
00000100101000110011011011010110
00011101111110000101101111101110
11000011111110100111010101000011
11000100011110000111001010000100
01001101010000011111010100110000
00001000011111010000111110011011
10111001001000111011110000111100
01111000100101111110011101001100
00001111110100101010011010111011
10100010110101111101011000110110
00011011000110100001001001101010
10011011011100101001101101111000
01110101010111110000111000001100
01010101010100100010110010100000
11000101100000000001010000010001
01001110111110011100001000111111
11101100111110110100010101000001
00111000110111011001010011010110
01101101111010011001010100100100
11100111111011101001010110110001
01100010100000001101010010000101
11010111010001111010101100010010
11111011011011111001101000100101
00001000110110000100101101110100
00000110010001110111110010111000
10000010000011001010010000110000
10111000101000110001010111100000
11110110010001010000100001011110
10101101000100111011111101011011
11011010111000100001110111101110
01000011100011110011011001010000
11011110100110001000011111100101
10010000010111111100111000111010
11011110000011110111110111100100
10110100000111110000100100110010
11110000100111001110010110001101
11110011001100110011100001001011
11011001101000100000100111111001
00000110001010100100000000110110
10101100101101011111101001001010
10110111010110000111001001010011
00000101110001000100111111001000
01110110010010010110111101101011
00101000001011100111100100110000
01000101000101010110110110001100
11111101000001100000010010110011
10100010001010010110001000011010
10001101000111101111110100000011
00010011100000101110101001010011
11100101110011000011110100000111
10000001010101111110001010100100
00010011111001111010001111100010
10111000000101110100000011000010
11100101000111000100110111010000
01001110110101111000101110110001
00000110101011100011000010011000
10110000001111011100101100011010
00101010100101010111110111100011
11011001110100110011011010010100
10100011000100111001010110101101
00110111010111111000011110100010
11000111101111101101001001011110
11010010101000010010001010111000
11111010011100101011100000001111
00011101000000110111010100111110
11010110000010111100100111100011
00001011011100010101000011110001
10011011110000110010101000000101
11011011100110010100101100010011
10111001101100100110010011001111
10001001010010001000011101101100
00110100110101111001000001111110
11001101111010101100000110100111
01010100010110001110110111110101
11000000001110011111000111110000
11001010010001010100111000010001
10111111111100011001100000000001
11100000011011110011011110100000
01010110110011011101110110101110
01000001000010001111011101010011
11111001001100001101000101111011
10100110001111001101101110000110
11100011010010100001001011000010
01111101010000101110000111100010
00110111000010001101010110100110
01110110000000001101100010011000
00011010000101010111100100011010
01010000101101110101101011100001
11000011001100111110101101010000
10001000110111011011001011111010
01101101010010010110110001010110
00000011100010100111111110000111
11010000111111011011100001000110
10011110000110111110100010011111
00010100010000010110001000101110
01111000010001000000100001110011
01000110101101011111011100101111
11100100110011010000010110100011
01111111000011100010011100101000
11111001011110010110011111111000
10000100000001100111111001100110
11011001110111000010000001000000
11111100000110101101101011101010
11010101110000110011110101101110
01111101000011101011111100011101
11010110000011000110110111010000
11010101111001110001100100100111
01010100101001110001111000100010
01000101100000010111100010000001
11101111000100011000000000011010
11011111100110001000010101111101
11100100100010111101100000110000
01110011011000101101011000010100
00001011100110110010011101111000
00101011000001011110001101100101
00000000111010001110110110001111
11011011010011100110010010001100
11101101011100101000111001010110
01001011111011010101000001000111
01000110010001100101111010001100
01111000001111111110100000101100
11010001100000011000000100111110
11010101010111111110111100011111
10110000001100011111010100110000
01000011110000010100000001101001
00001111110100110001100100000000
00110110001001100110001100000111
01001111001001111111101001110101
01100100000011000000101111101001
01110101100010001110011001000111
10100011000101000111111100101001
00110010011111110001000100101101
01100010010100111101101010010111
00010111010011110111000101110110
11111110011111110110000111001010
00100011101110010011101110111110
10110100000101001001101011001011
00111001011110111001100000100110
10000001110011001101111000001100
10110101000101000011111000000100
11101010001011000010110010100101
10110101111111011000011101101001
11101010110001101010100110001110
10100110011001011100101111100000
01110010010000001111001000010110
10101101000000011111010001011101
10010111010100010000110010000000
00101000101011110100011100011110
01101100010001010010001101000101
10011101101100100010100110000110
00110001000110111000010001010010
00111010111001101101111000011011
00010010010100111011001100100000
00000000011001110010011001110010
00001101100101000110011011010111
10101001110000011011011101011110
00010010001100000010110001110101
01111111100111111100110101110110
01111011100100111011110101100110
00101100000101001011101010111110
11001101111101100111100010110100
01000110010101110100001001110000
10100000011110101111011100011110
10101110001101111000010111001101
01010110001100101101001100111110
00101011000011001011011100001001
00110011000111000101110100000101
10001001000000001000000111011010
11010110001100101000111010011101
11111100010011010110110001101010
11111100010001101100000001101110
10010010110100111000010100111001
11011101100100111111010110001101
01010000101101101101101111111010
00101100101110000111011010001100
00110000111010001010000110010110
00011110100000111000001010011011
11101010010100100010111110100110
10110001000001001010111010110000
00011100001011111011001000000100
11111010000110111101111110010111
00100110001101100001100100101111
11111000001001010110100001001111
01101110111101011101001101011111
11110111100011110101110111101100
10011000111101001110110000101010
11101011010001111001111100000011
10000101011010010010111011100110
00011111110101010110101011101101
01001000100010010001101000101001
11010001111010010000100011010101
00101101100101111101011101011001
01011100110110111100000000001010
11110101101111010110000001001010
11111001111010001000100011010100
10011001011000111000110000000101
11001110111010111001111000111011
11101001000110010001111011110100
00101101010001101001101100101110
11111011100001110110000110101111
10110100001000011011000111001100
00110011010110100011110100110110
01101011101100110100010000001100
01111011000111011011010110111110
00011001010001010101011000111111
00001000100010100111000001001000
11111101000110010111011101010010
11010111000101000100101111100011
11011010000111111001111110011010
01100101110011110000111010010001
01000110000101111111000101001001
00011011110011110010111110010101
00001011110000000110001100001001
11001010011001000001001111101110
01000100001100010011001110101000
01100000001001011111100011010001
11010011001111010100000011011100
01110001100110110000001100110001
11011100010010011110011110011100
01110000010111110000011001011111
10011000111111111011011111010101
10001101101111001111011110001001
10111010111000011110110110111110
10001100010001110110100101110011
00010100110001011110011111001110
10010001001000011100010111101001
11010111101011011111010100110101
10010001100100101011000100100000
00001110101111010001010101011011
10001000111010110111101010100111
11100000011011101111000101001110
01111111001010111010110110101000
10000001110101011000111000101011
00010110100010000001111011101001
01000011000110011110000010110101
00111111101101000000100011011110
01001110111100011001001100100111
00001100100010001010010100010101
11001011011110110010110110001110
11011001001000111110100010010001
11101100111100101111101110000100
11011110011101000101011000000010
11001100101111000001010000110000
11111101011110101100110001010011
00110101010000001110110001011001
01000010010100010000101110100110
01100101111010001100000111010111
01001011110110011011100100100101
10010011101100110101001001000000
00010011110110110101000011100110
11010011100000001100111010000100
10101001001011001000010101100010
01011101000101100000001000000101
00101111100110010100101000100100
10001101111001110000001101010111
11111001010010010000011000010110
01001100111110010001100110110011
00001110100100001010111100000001
00010100111001100001011000101110
11000101011000110110000101111100
10100101011110010100001101010110
00111101011111001110100110011000
10010110110001011001100011111000
11001100000010110011000100000000
10000001111100110101010011110000
01011110010111100100000111110101
11101100010000100100110000100011
11101110000000001000000001100001
00101111110110000011000000011000
01010111001001101101110010110101
00110000011010110100111111101001
01010010110100010101001101000110
01000000010001101110011001100101
11100101011110010101010001101011
01011000001001111001101000111011
01010111110000010001011010011001
10100010001001111100010100110011
11011101001110000011011101000001
11101000110010010011111011001101
01111110000110000010001000001010
00111011000001010101100011010011
01110001100101010100110111000111
10111110110101001011000000101100
01010110100100100111110111000100
11011011001000010001100011010100
10001001101011100010011101010001
10100001100001011001011111001111
00111110101000001111001011001000
01001010010001010010010100110000
01000100110110000110111101100000
01100111111110110011110100010101
01000110101100101011000110001010
10000011010110011011111110001101
01011010100001000100011011010010
10000101101001010011100001001011
11011111101111011110101011000010
10100001001100101100010011011111
01100101100101111101001001110000
10000000110011001001111011001011
00001001011110100001010100000001
01110101001110100000111111011111
01001101000011111001010010100000
01100110110011010011110011101101
00011011111101001111000111001011
10000101010010000000100001110011
00011001110010111110101100010101
01010001001111011010000000000110
11000001101010111011100001011101
11000000011000101001101111100110
01011011000101000001011110110000
00111010100101011000111111111111
10110100011001001111011001000011
00110000000000110111110111110011
01011111101011111000011110011001
11100010111101100101010101001100
11101100011011011011010000000001
11100100111011111000000101101111
01101000011010011100001111000000
01deg=19937
count = 30000
pass1 = 480
pass2 = 27
pass3 = 1
pass4 = 1
count = 40000
pass1 = 615
pass2 = 36
pass3 = 1
pass4 = 1
count = 50000
pass1 = 774
pass2 = 49
pass3 = 1
pass4 = 1
----------
