succ = 5
deg = 19937
POS1 = 5
SL1 = 26
SL2 = 18
SR1 = 5
10010100110010111010000101110001
00011101101000101101101101101100
00011010000000111001110111100010
10011000001100001000001110010011
10010011111100010101011000111001
10111100000100001101011110001000
10010100100100010001110110001001
11011111101011010111000000011001
01010110010010000100111101101111
10111001101011101100001010011011
00100101110011111111010010111101
11011011100111101100000101011001
00101010111010111001011110000101
01011101001110100001001110010111
01101001010101001011110000101000
00100001000000011000100011110000
10010111000011001110010100010110
10011011100010110100001110100011
00011111011101000101000111110111
11101011100001001001110011001101
11111111011011001010011110001101
11001000010101110111010110001010
11111111100011101001000011100101
10000101010001101111010100001111
11010111111110001010101100010101
01001001010100001101110110010101
11010100110011001100011001111010
01100110000011000110111011111101
11101001110100110011110011110010
00001111010100000110101010001110
11011100101111111101000111010101
01010010001110000100101111000010
11010110011010011101010011000001
00000101101010011100111001000101
01111101001000010111100011011010
10110111100001010101001101010100
01110101101101101001100101100001
10000011110011111000001101101100
00110101110011001111101010011000
01100111111111011011011001110110
11001011011001001000001000111001
00100000111001001011011101000010
11001001011111001000011101111001
11000101101110100100100100010000
01001011101100011011100110100011
01011110110101001110111111111101
10110000010010010001100011011011
00110110011010111000000010010001
10000110010010011110010101010100
11011101100000110100110001010111
11101011000110010001000000001111
00100101110001100101111101110110
11001111101001000010001100101100
01111001110011101100101101001000
11110000000100001001111001101110
00010000010100110001110110100010
01001011001100100111111001010010
00000011010001111101101001110001
00010110001100110000111101011001
00010011000001100110000100001101
10011110110011100100101001111100
11001000111000000111001110111000
11111001110101010010101001101111
10011101001001111000000110111011
10000100001001111010111011001111
10110101111111000001001101110111
00110101011110110111000110110110
11100100101110111010010100101111
10100100111011011011110110101000
11100001011001010011010110100010
11110010001001111111100100111101
10100001101101011110001010001101
11100111101000101110111111001100
11101110010010110000001001011101
01110001000001111100110011010000
10011001011010011011010000100110
10111011001101110111000111101111
11111111001010001110110110111011
00110001001100000000001111011101
00101101111001010000001000001000
10010100111101100110011110001100
00011100101100000100100010111101
10100000100010100101011001111101
10000100111100101010111111000111
10000100111110010100000100111110
10001100000010001011101010000010
10110001011000110101011101011101
01110000101010110101101011010011
00000000110101100001100000011110
11001000000110000011010001001101
10001101101100010000001101111001
11111101000011101001101100011111
01111000110010000101001010010001
11000000011100101101101001011000
10111110011010110010010101000110
10110111010011111111111001111110
01100000011101000111101100101000
10010100010101000010101010110011
00011101001001100000001101001110
00000010110011100010100111111001
01010100111110100011000101110101
10000100000010000110110110111100
11000110101110101100111010010110
11100111110100101110001101111100
00111110010010000111010110010111
10000001111101011011111111010110
00010111000100110001001101110001
00011010110011010000001110100110
10110111100100000111011110111100
00001111011110111011011100001111
11111100101001010001010000001111
10011111000000110001101100110001
00000101010000111111110001100011
10111000010111011110011110011011
01110100101010010100101010111001
01110101101101011100001000010111
10110011011111001011010001010010
01101111011111010001110000100100
10111011001101010100000001001000
00101111100110110001100100011010
10000011011001010001011111010100
11110111001011010101001100000110
11011111101100010101100000010010
10010100001000010100111010111001
11101111001110101000001110100101
11100000000010111000101110011101
11101100101001111100010101100100
11111100111000100010011000011101
01000010111101111111101010111011
00110101011110111011000101111110
00101001010100111010101000111010
10010110101101110111010101101110
01110111100010010111101000110011
11110111001011101001111110001101
11100101110100000011110101010011
01110010010010110110010111100100
11000110010110101100010110111000
01001000010111110001101000111100
00011100011100111111100011011010
01100010001000001011011000000110
10100000010010101110000101111100
01111000101000100111111111110001
11010011111011001110101101000001
01110011100000010011101011110110
11111110000111101010000100111101
01100110101111001110001110011011
00111010100011011100000010111101
11111101010100000100001000110001
00000000011011110111111110010001
11101110110001010001111111100101
10100010010011011001111001001101
10100000000010001001011110110011
00101011001001110011110100001101
00001100010011010111101000110011
11100100111010001101111100001010
00111111100111001101001111001101
11101001110011100000001110110001
01000011011110001010011010001101
00010001100110110101000010100010
00000011100101000100100110000111
10000101110111100010101100011101
01000011110111101111011000010110
11011100000010001001010000001100
00111001000011001000001011110101
10100000100010011001100001100011
11101001110100110010001110010110
01111000100101110110010010000010
01011011100000110100111100001100
11101000010100101010101000011010
11000100100100101011000110111011
00001100001001111010110101010101
10100001100111000100010100000001
00110000010010011110000011001011
00110000011000110110001001010101
11001010011100101111110010000010
10110111110111110100101111011010
00110010000101101010011011000101
01000001110101001011011001010100
11111001100110110010110100000010
00111111110101101000011000011010
00010011000000000001011111001001
11010000110100110001101000011011
00000011010111111110111000101110
00001011100011010100010110010101
10001000010011110011000001101111
00110101111010110011001100010100
01000000101111111101011011000000
10111101111000000100001111110001
11111000001110111010101110111111
00001010001011011010000101010111
10100000000110110010000100000010
00101001100100011101111011011111
01111010111111000110011001110011
10000101100001000011111111111000
00000111001011110011110110111011
00000011000010011101100010101001
01111101101100100011010011010101
01011111000101000110010111101110
00110000100100100000110110110111
10111010101111101010011010111110
11110010111001110000100011110000
00100000001010010010000100101100
01101100011100101101111101011100
11101100001110100001110101111110
01010011011000011001101001001100
01100110110101011011111011101101
01001100001000010011001111101000
10010110010000010111101001010101
10111100001000100011100011001110
10000000101010110110101000111010
10010010101111010110001010100001
11001110110111100010101100100000
00011001000000101011011111101001
00000000111111001001101100010101
01110110001100111000010111111010
00101100111111010010010100111010
01011001010101001111010001111011
11010101110011101001111110101101
00011001000110011110010000000011
00100110111011000011100000110110
01100111010101101101111111111011
11001001100110100111101100000101
00100000011011100111010111010011
01010101110010110001110101101110
10001111001110010100100100111011
10000000011000101110100000001001
11110010110000001011111010001110
01111111111010001101101111100000
01111101111000100110001010000000
10100001000101000000111000001001
01100010011110101101011000110011
10011110111001100110101101010011
10111101100100111001110000111011
10011100011110100000110010000110
00000100111011010010110101011110
00000001110001000011100011110000
01001101001000000101101111001110
01101011100001111001111000111011
00110101110000101001100010101010
01100100110011110101101110011010
10011101110111111101111100000000
01110010110100000100001101000110
10110111011010100111100010101010
01111100110100110101000001001101
11000010001101000010100001110010
11001100100111110001000001000011
11101011011001111001101110110000
11000000010011101000100101101010
10110001100101100101110000110011
10110000000010010011011110101000
10011000001100100011011110011100
00111001111001001011011000010010
00000100011011101001010111101000
11101001111011100011010101110100
11100000000111000110101100111001
11101000111101011010101011111010
10110100111110001110010110001101
00001100000001011010011011011000
00101011110011111111101110011000
10011101101010001011111110110100
10001101011101110110010100111011
10110100001111111100010000101011
10110010101010000100101011010011
10110011100010000010010111001010
00000010011011110100110001011110
10101000110010001100010101001111
11101101100001000100011111011001
00011000110010011010010111101100
10110001110110110110001111101000
01100101001001011001001000000010
01010111011111100101001110010001
10101001101000000000001100101011
10100111101110001010101011101000
01011010001110011010101011001000
01101110000000001000011111000001
10111111101110001111110000110000
11100110001000001101000011111110
11111010001100001000100000000001
10001101110001101010001001111011
01001100011010000000010001110000
00100100001010010011001110101100
11001101001101000111100011010111
11110011101101100111011110010000
11110001000101110101101101111000
11011101000010101010111100011111
00001011111000001000110000000001
10101101110110101110111001001111
10101000100010011000000101100110
10100011101001100110011101000011
11001000111110110101011100000010
01111110000000100100000000010010
11011110010010000110100101110100
00010111101000111010100111101001
00100110101000111101111100101111
11111101000000001100001110110000
00101001101001100010001111000001
00000010010000001001111111001100
01000000010110111100111000010010
10111011100110011001010110001110
11111110100001011110010001100100
11000111101000100110011110011011
10000000010010010100110110001010
10110110111001111111101110111101
11000000100101000100001010110111
01011100101111010111111011100110
10011001111101101010110010100100
11001001101010011110001000101001
11100101001010101101111011000001
11111110111011111010100110111110
00001010000010000001111111010001
11110010000001010100010101011111
00111101101011111001011011111000
11010001110110111000110101011001
10001010111000101111111001000110
01010111101001001111000110111011
01110101111101001011110110000000
00101110110110111001011000000100
10100110000011111001001101111101
10101011110100111011101111100001
01101110010111001001001111100110
11000010110000101010000000110010
10100111001101111100101101101001
10001010011101100011110101001111
01100100010100000111000001110001
00011010000010111101101001111101
01100001001010110010110001100101
11001000001100001001100110100000
00110011101100010100001100110011
10110011111011010101100000110000
00111101011000000110101111001100
00011111001000010001110011100100
11011011111011111100000101011001
00000111111000000100110110111010
10101010110001010010110110110010
11110000100110111110001011100011
01101011010000110010110000010101
01000001010010101101001000000110
00001101110000110011110001101111
10111110101001111001001000001001
00100010111101110010111111111111
01001110010110001001101001011101
11011111001110110011100110111100
11001111001101101101101001111100
00001100101011111110100000001111
11111000010110100101101100010001
00001011001010001010100010000110
01001001111001111100011101100011
00100101100100000000100011011010
11101111101101100101011111111011
01111010111111110111000110101101
01011111111011100000101111001110
10001011101010011001011100101010
00110000111010100001011010010111
01101100000100010011100010010000
00110100110001110101010100010000
10100001010111110011100001111000
01110101100010110011101010101100
10000011110001101100001000001101
11001101011100110010111010100111
01010011010110111111111011110100
01001110100011101010011010010110
01111001101100001110010100001101
10000101101111001010000101110111
11000011101101111011100111010101
10010010101010011000000011110110
01111100101110100001111000001110
01111010100111000110101001100100
11000011010000110011001011111000
01110010011111110101000000100010
00111001000011001011101111001110
11001101111111100011001100000110
11011100011100101110000011010010
00101100101111011100111010010101
10100110000110011110000100111111
00111010110100001101011000100010
11110101001100111101010000111110
11100001000100101100110101010000
00001000011001001111010000111111
10001000110001100011000110001010
00001000100101100111110010011111
10100100011111010010011100010101
00010100010111011111101100010100
01110100001010110100110111001011
11101110000111110111110010100101
10111010000100011010100011110000
01011110100010011001111100010001
11011001001011011000000110010011
01000111011000111111010100000111
10000000010010111011100101101011
01100101100110010010011111101111
10110011010001111101100011000100
00100101010101100011010000001011
10111111101101100111111001100101
11011110101101000111011010110001
11000101111010000110111111111111
00011111101000010011101111000000
00000100111000110101011000111011
11010101101110101111010011100111
01100010001100101111000000010111
00000110100011110001101110110111
00111101100001111110000111101010
10100000100011101100101111001110
10000110110001111000101101101111
00110101101100001001010111001101
11000010010111101011001111110000
01000010111111011000000010000001
11110100101100000101011010010010
01101001101101110011100111110111
11011101111100011110000000100011
11110110010111000110011001111000
01001110111101010010110110001101
01010110011011001001111010010111
01010011111110100011001011010010
10101101011111110100010010011111
11101001111101100011110011110010
01010001010101110011110110101010
11111110001111011111100100000100
10100110000001011111111101011000
11011110111101100100001111100100
11000110011101110111101011000100
01010100011011010100100011101100
10100001111100000110101000111110
00111000101101100000111110100111
11010110101101100001100110101101
10010011001100001111101100101000
10100111110101111001100101001100
11100010010011000101011001001111
00010001001101101100110000011011
10111101000001101010011011110110
01011101100000010000111010101100
11100010000101010011101001111111
10011001111000101111001101000100
01100110110011011111100111000100
01010000001111010010111011001110
01111100100101110000111010110110
11001101001010001000111010100110
10101110001111011110101011100011
10100101010000001100110010010011
01111100000111101011100111011000
10011110100110111100110100011000
01000110111111101101000110001101
11011101110001101100110001011100
00000100101000001101001011110111
01010101101110101000010001100000
11001100010011011111101111011100
00001001110111100100110100011000
10011001000010111010110011011011
10111000011000100111000000111100
00001110011100110001101100010110
00100101101010100101000101111110
00001011010011011011010011011110
10111101110001010011011011110000
01001101011001100111101111011111
01010111001000010110000001110010
00111100010001101000101011000100
11100010001111101010111001001101
01111111111111001010111011111000
00100000100101101011100010100001
10100001101111001110101001101110
10000000101110001000101100111000
00101111010011101110001101110101
00100010110111110010100101000111
01001011111110010011101100111100
01001111001001011101001101011000
01110110001010100101011000110101
11010010000111000000100010100010
00010100010010111001010100001110
01100111010011101010011001010000
01001001001110011110101000010011
10111001000010100010000110110011
01010011001011000110101100100010
11001100010011100101000001100011
11011101011010011010011110010101
01000110100000000001111000101001
01110001111011010001101000111000
01100100111011011100110101011001
00111000100001000110100011011100
11100100011111101110101111000111
10000000000000101001011110101111
00000111001010100001000111011100
00010001000110011010000111000110
01011001101000011000100001000000
01000001011100011011110001110010
11100100000100000100010110000101
11011100000100100000010101100001
11111010001100100000101010010000
01100010010000011000101110001011
11111010011100010110000111010100
01110111011011001111010001100011
11111100010110101001001011000001
11100110001010100000010110010011
11001010011010101110110010010111
00011111111100110111001100010110
10000000011011101011111101001010
01000011101110110111110010101000
11000111000100011101111010001111
11111110000011011011000001011011
10111011010000111011011111100000
00001101100100011001010100101100
10110011111011000100111000000000
10100000000101001000000011100010
01011100100111000001101001000011
00001001010100111100101100011101
00000100011110010100111010001100
11001011110100001110110000010000
11101110010100000001101010011111
10111110100010100010011011001111
11000011100000000011101111010001
11100001101100101010001011000100
10111100111111000000001010101010
10011100111011100011101000001010
00111100110111111101111100000000
11101111111010011000000010110111
11000000110001000010110111101010
10011000000011111001001001100111
11110111001101100101110010110101
01100000011011011001010001010110
11110101000111000011110010110111
10111000000100100111100101110111
11101101100100100000110010000111
10101010101011101111101101100101
01101001100100001111000010100110
00011010010000011010111110010001
10110101010100010010101011000000
10011101000110110101011011000001
11101000111100001100001111001101
10000010001000111011110101011100
11110100101111110111100001111100
11110000111100010110100011101110
11010100001001000100110000110000
00011100101010011101110001000111
01001110001100010010101110010101
01101011000010011000100000011100
01110101100010000111001010101000
10111101101010000000111111001010
11110011000010010100010111101101
11110010111001001111111100001110
11010100011100001000101001010111
01010011101111110010111101101000
00010001000100000000000111011110
10000110000010111101111011111000
01111010100001011001111100110001
11011101100000101100001111011110
10000101111100111110100101110011
11011001111101011011001111110001
10011010110000011100011111010111
11011001111101010011000011000011
10001000000001100111011110001101
10111101110000001010101001100011
01000001000101101000111100101010
10111000011010101100001010101011
10011011010000110111110001111111
11100001110101010111011100100011
01010010011101001000000011010100
01000100000100010000010101110001
11110000001000100011100011010010
10010001001011011110111101000001
01011010101100100000110000000000
11011011101110000100110001011011
11010010000011011101000001001101
00100000000101111001110110000101
00001110110011111111100011010000
10011011100101100001011101000010
01110100111110101101111100000000
01110010100100010011100110010001
10100111110010100110001111101000
00100111011010010110010111010011
01001111000111110100001100011000
11101010100000000000001001100000
00010001000010110111001111111001
11000000001101000111110111011111
01101100111011010011100101101001
01100010101011001011001000101011
01001111011011010100001110000111
01011000011100111101110000101000
00010111110110111010101100001100
11001011011101100011111011010101
00110110000100010011011011111010
10000011011001010001001100111010
11010011110010001001111011011111
10111100010011100000000010110111
10010100010110001001100101010010
11110110010000100011000100111110
01100000110000101100001010111010
00111000010001010010010001001010
01101010101010010011110110111011
00011100010111111011011000010011
11100101000010010111010000010000
00010001101101110110101000100001
11110111001101011111100010100101
01010101001001101111111011111100
11011111110111100010000100011101
10101010011011000011000111100100
00100001010011011111000011101000
01011110000010101010001001110001
00101101110111001110001001001110
01001011001111001010111101000101
10110000100101100001111100000001
11111010011111101110011011001000
01110011001100100000110101100100
00011111000011110001101011110001
01111011010011101011000111111001
01100110100110001101111011101011
01010111101111101001110001011111
00011110111000011000100101011110
11011101011000110101100111000001
01001000100100001111101111101100
00111111011000001011000011110000
10001001010000111100011111110110
10101111001010101111111001011010
00011111010001110001101010101001
11000111011001101010100100011100
01111101110101000010000100000111
10101110001010100001101001101000
10000100100101100011011111000100
01011000101010001110000110000010
01100100101101111000101000101000
10111000110101000000010110101000
00110110011000000000010000010001
10110101110101000111010001010001
10011111111011001001011100101001
01100000010110001010100101010101
00001101100111100000000101111100
01deg=19937
count = 127803
pass1 = 1966
pass2 = 132
pass3 = 5
pass4 = 5
