succ = 4
deg = 19937
POS1 = 8
SL1 = 21
SL2 = 18
SR1 = 2
10011101001011000100001101010111
11001101111101001110000100101111
01110011111100111111011010111001
11101110010001110100100111110100
10111110001000011001000000101001
10110010100001001101110011100000
00001100111001101100001000111010
11111111000000111011110000100111
11101010101010101000010110010110
10100010100101001010100110111011
11000110101001001100010001001001
01111011101100001010011101010001
00101001100000000011100100110100
00110001001011100000000111011111
00011011011101100010110110110010
00101000000010111101111111000100
11011010011110111011010111001001
11010001001101000011010101010111
01111001010101101101000101011111
01001111101011011110100010110100
11001110110011010010011100111110
00000001001110000100011000001011
11111001000000000110000010111011
00000010101111101000010111001111
00000010010101010101010010010000
00011011110000000000111100100110
01000101111100110100011000010101
11010101001000010000010011100000
00111110001100010101101010101101
01111011011011101001000011001010
00000001100101010100000011000001
01111110110100100011011011101100
11010011101101011110111001111011
10011010001000001000101000000000
11010111011100010000111110010000
10010001000000110111101010001100
11000111100111010110110110111100
00011000100100011100110100110011
10110000010111000100010001101100
11101100110100000010100011101101
01001000100000010111110111101101
10010000011110000110010000010000
00001001011110111101001011001010
11011011000100000111100100100101
00110101100110001001110110000100
01110011011010111101100010110011
00011100110100110101010001101011
11111110101000100001111011100100
11101000011101010111000010111111
11011010001011011111100100100001
01010000111110110111010010100001
11111000010101110011010110010001
00101011101001001010011101011111
01100010001001011111110001011101
00110011111001100011001010000001
00001100101111000100100001010101
00110110010011010111000100110111
01010111100010110100010100000011
10011101100100101111010010000101
01011011000001000001000011011001
01101000010001100011100100110011
01000100110000010000010000110110
11111001111001000000101000001101
01110010111101010100111011010011
10010010010111111100001100101101
10101110000100011110010001001110
01100010101000110111010100010100
01001010011110110011000110100100
11101111001110100100110101000110
10010011100100111011111101010010
00100001101010111100100011001001
01100000011000101001100110101110
10111010101000001101001111010101
01011110111110000100111111111101
11100011000001110000001110011000
00101100010011110111110111001101
01100000011001110101111001010011
10000100100110110000111000110011
10011101110000100101110010001111
10111110111100110010110111100001
10001100110100110010011101010011
00011101111110100111011110011101
00111111000000111001001111110110
11010001010001101101000000001110
00110000011110000011001010101000
01100011010100001010101011111001
10011000000110011111100001001110
01001000000100100010110001000111
10010101110000011101000001011110
10000010100100010000101000101011
01000100010111111110000100110101
11011110011100101101111001111110
00001110111100100100101011101100
00101101000000100100100010010100
00101001100110101101000100010111
10100100100100000111001001100001
01000101001000001011111111010110
01010011111110001001011101101111
01101001100000011100111001101001
00010011011100011101100111001100
00111000100111000100000111010000
00101111100001000101100000011000
11111010001100010010001110110110
00001011001101110001101010100010
10011001000110000101101000100001
10001111100110100000101000110110
01011111110100101100111000111101
00011011111011000010100100010001
00011101111100010001001010101011
10001010101001010100101111011001
00011111010110101000111110100100
01001001011111100000010111011001
10110010010011101101110010111110
00010011111001010001011110010000
10101011011110110110001101111010
11000100010101001001000001111010
10000010000111001101101011011101
10111010101001111010100111110111
00001110110010101100111011110011
10000110001110100001010110011001
01000001001101001000101100000000
00110100100011111010011011010001
11010011110111000000101101011001
10100010000011111100000001000011
10010100010001100011100000101000
01011011100111100101001000000111
01101111111110011011110110111001
10010010000000100111000100101001
11010010011101101110100010110001
11000011111001111011000100010000
00101011010111011001010000001100
01101101000100111010001011100001
10111011110111011010100011110101
01111001110001100100000111011111
00011001010011111110000111000101
01000001111100101100011111111101
01101111000000000111100101000011
10111001110110110101111101010011
00011000010101100101110000001010
11000101001111110101010010010010
11010010010111110001001011100011
00011111100010010011101101010001
10110010110111110001100010000111
00010011000101001110000011110100
01001101110100100111001011110100
00111011100100000100010111011000
11100111010001110100010001110101
10011111000101110001010010111111
11111111101011001001101010110101
01101010011011011000000001111110
01111100000100100110100110001011
10101000100010011011101111011100
00011010100111110011000001001001
01100010101101110111010000011000
00100110011100001011110010000101
00100011000011000110110101101000
11101010110010010110001000001010
01100111000111001111010101111011
10101011110100111110000111111000
01110101001100000001101111110110
11110100001000101101110001111001
00000011110110100000110101011010
11000010111110100011011110010111
10110111000011011011110010011011
01110111000001110100110101010100
01011000001000100010000001110100
11111110000100100111011011101010
10010100101001111000100111110000
10111100101111101011100010111110
00010110110011100101000110011101
01010101001001000011000010100111
01010011000100110011110000000111
00110001110011111010110100101001
00100110000110110011110000110001
01010011010100011100011001001001
00111011000111010101000100000010
00000010001111110111100000100010
11110110001011000000001010100000
11001100110100101100110000001011
11000010000100010110000100001010
10001001001110011001110000110101
11010010110100110010011100010001
01110010010000000010000101110110
10110011110110110001001011011000
10001000010100111110101100110110
10011001010001011110011100010000
01000101010011100010111110001011
00011111011100011001110110001100
01101000001001011100000101000011
01111011011001001001100111011001
01010010001100001110010010110010
01010111000111101010010011011001
00010101011010000011101100110100
11110100010000010011111111001011
10100100100001000100011100000000
11110001011110100010010010001001
00111101101011110110010001000001
10111011111110110100110100100010
10001000000000110000001001000100
00000111010100010100000101010111
00001001101100010100000011110000
11100001110111111101111100111111
10111000011110001111100100110101
10010111001000100110111000000101
00111111011111101000100100000010
11100000100110110010110011100010
01110101111001000000011000001101
11101011100101111111011111101011
10101000100000111001100101111001
11010101001110001100101010110111
01001011110111101011101000001010
10000111011111011010101111010011
00111101000101111001100111110011
00001110010101011100010001001110
01001101101111101101011101000111
00110110011001110110011010100110
01000101000100000111101110111001
11011111010110101011101000100000
11010100100010010010101011011101
00011011011100010010110000010111
11001000011111011111000111000010
10101010111111010111011010111101
01010011000010011100001111000011
11010100000010111001110000111110
11011110011000010111010001110110
00101101100000001100101101010010
01101001011001110010001100100001
01101001111000100011011100011110
10110010010001010011011100100111
01101010010000001001000010011111
11110010000110010100100101111011
01101010100001111101100001100110
10101001110010100101011000010111
01000010001111001000100001110010
01100000101110110001101000000101
01110101001011001010000011000010
10101000000100000111101100110010
11000111111100001000000111001001
11001010000011100110010111110001
10001001000110001110011101100001
11010011110001111100100000110100
01100011000001000000100010011110
11110101110100101001111010101100
10100101111001110010010001100011
10111110010001011001110111010111
00110100000011111001011000100110
11000000101000101011011100000000
10111111010010010100011000100011
01011011110101000101000000011000
10001110011101011101010010111010
10100010000101011101100010100110
01100010000011001100100100001001
00000110010011000001011010011010
10011101000101011111110001110101
01010101010111101111100100100001
01100111010100100001110110100011
10001111010011010101110011011000
00000100001100101001111101101000
00000110101111100111010110100010
00101101110111110100011011000101
00100001111110110001110010010110
11010101100010011100011010100110
11110101000100101101011110000101
11010100001001000011001101110110
10001101110010100101010010101010
11000001101110111011010100011111
01010100110000010001001011001101
10110100001001101110110010101010
11010010101011000100010111011101
11100011010100010110110110001110
00100110010001010010100000001001
10111000010000111000101011111100
10100100110010010110100011001000
11000101111001001011101110100110
01011111111100011111000111011100
00101000101000011110000001100111
11011110010110010010110000011110
11011000100100011111101111100100
01001001010110010000011100011100
11111001110010011100101001001110
11111000100001001001001111100111
01110010001101010010001111110111
00101111001111101110011111100010
00110000011110010001101010101010
11101100001000001000100000011000
00111110010110110100101011001000
01100101101111010101100001010100
00111110100100100011110000011111
10000101000000110001011110110001
11101110001011110110100011011110
10011101111101011100100110000011
11111110101101011011110110000111
00100101101111001010000010110110
11110110111101001010000101010000
01010010011101000111011010111111
01011010100010101100001000100001
00111110001110001100100001001111
11111101101101100111000111000000
10100100001101110000101110101111
01101010010101011101010101010101
11001010011100101001100001000010
01001101010101100110100001100101
10100100101101010100001000000111
11011101001110110101010101100011
01011111110001000000100101100100
11110100000110001101011101011111
00110010001001111111110011110011
11110111011111010000000110110101
10110011100000010111100011001111
01100010011000100110100011011011
10110111110010111110001111000000
01010101010111001000010100011111
00001010101001001101101101011101
10111000011010111100100101100101
10111110000100000111011101110101
00000100100100001001110110011010
01001100111111101000011111000110
10001001111101000000001010001011
00000001110101000011010101111001
10111101101100010101100111100000
11100100010111001001110111011001
11101111111001011000011101001110
10100010111010001111110001000111
01100001001100000001010111000010
01111000101010001010010010100100
00111111010100101010010000110101
10011100101101101111011111001111
11100001110100011010100101011100
10001110101100000010010100011011
11000100010111000110011101010111
00000101100110110100010010011011
01110100101100000001101101000010
00101101111010101110111000001110
11000101010001000001111000111111
10010001001011000011011110000111
11001000010010100111101111010000
11111101111000010001010100011011
01111101110100000001010100001001
01001011010001010010100000110001
10010101101000100100110101000100
10010101101111001001101011001100
01000100110111011010111001100001
01011111101110011011100001001110
00101111110100000101100100000111
10110100100011111100111100001000
10010101010011010111110011110011
10101011110110111010110010001110
10001010111111011101000001100011
01001000100000010000000100100011
11001111100110010100000100111011
10110111111111100100010100010000
10111010000011011011110001000110
00001001100001010000010111100110
01101001111100010001010101101010
01111110010011111110101101101010
00110000001010101011011101010101
10011011011000011001001010101101
11111100010111101110011011000101
00011100110101010110000010111100
11011111010101000000101011011101
11011111010011001010011001011110
00000100010011110000110010010000
01110110111110010100110001000100
01010111100100111111100110011010
01101011000111011011110001010100
11110000001101100011000100110000
00011010110010001011011011111010
01000101011010001110010001000101
10011111001111111101010110110110
11100101111000011111111100100100
11001101010011101101010111100000
01111110111000110110111000011000
11111001100110110001101100111111
10010011111001001111010001010101
01101010011101111011011110110101
01111001110101110000001010001111
01101101010110000111110101001010
10010001101010000101111011011011
01111100001101100110010101111000
00010100000001000100011010011010
11111100100011010110101101010101
11111111000110001001011011010001
01110010110011011111011010111101
00110111111101010110100111111001
01001110011110100110111100101100
11011101111010110011011001110110
01001101111000010010010011011001
10001100011111100010111000101010
00001011000000011110000011100110
11101001000001111001100011101100
11110010101101010011100111101001
10001010011010111100000000011100
00111010101111111110001001011010
00110101010101111111111101101010
00100100011110000011010100100000
00111101000100101001000110110110
00111000110010111011101001010110
01111100000110110010011100011011
00101011010010000111010010100100
01110000011110010000000101011001
10101010000111000011001111011100
01000100011011000101000100111011
11000011101011100011100101101011
01001110001001111110000001000011
10001011000110001111000101001101
01101100101011010100101111011111
01100000010101011110011010101110
11100011111101000101001110111011
00001111000011111101110001011001
11101101100001101110010010100000
00000011010101000100000100111100
11010010011000001110110011111101
00110111000100100100111010101001
11100010000100011110100011000111
00011011010000101101001100010100
00001101110101001001011101110100
01011110011011111010000000011001
00010000010010010100110111010001
11111101110111011000001100101100
00001100000110111000110111100010
00111101011011100011111100000011
10010110101001000010011000010110
00000101001101011001101110011101
11110001001011011011110010111011
01001100010101001111111000111001
10011010000100110011001011001000
00111011001101001101011110011111
10110001110101110111110000010010
00100100001010111101001000000001
10010010101110001011010111000101
11100000011110100110000001010011
10001001010010011001011110110110
01000011111000001110110000011000
10011001110100100011100101000001
11011000101111110000000011010100
10001010110010001101100011000110
11100001111011000000000000000101
10011111111000100000100000101101
11011011011100110000110001011100
00000000011010011001111010001111
10000110001010010110011111100101
00100011100001110010101010010111
01011000011001001110000010100011
00000011010010111010100111100000
10100111100101111010101000001111
01010111000111101111100101010101
01110100011111000001110001010111
00110111010000000111111000001010
00101110101001011001101010000111
01011001010110111001100100100110
11111011010110011111010001110001
10010001111110010010000111100001
00000010101010001100001100100101
01111100010100000100001000111100
11100010000111011010001011101000
00101101000111001110000010000010
01100000001011000010101001011010
11100110011100100110010111000000
01001110111011010100110010100011
10101110000010111100001011110010
10110110000000111110011000110011
11011011101110101100110000111001
00110010101100100101000010110101
11100111111111010101110000101101
11000001011000000001110100011010
11000100111101000011101010101000
10101010011100101111111100100100
10111101011101011110001100100110
11011000100010101010111011100010
01011010000010010100100101100000
10011001101000000111000010111111
10001100010010010011100000000011
01010101111111001011101001110101
10111011000111110110100100000100
01000100110111100000011001101111
10011001100111111111011010000011
00101011010000100001000110001111
00111000011011110011100000100110
01110011100110110001101010011111
01111001011000000101110010001101
01011010011011010110111011110110
10100111100011111010110101000010
00110100000001111110111110101001
10011010011010001100100101001101
01100001100111010000011100101110
00000010001011010011111000111011
11000110110001111111011000111001
10000010000100111000101010000110
11110100011010011100100111110101
01010011101010011010110001111000
10111111100110011000010100001110
00101001110100001101101101100110
11100001011010010011010110111000
00011010101011100000010111011101
11101000100111111100001001100000
11001100101011001001010111011011
01101111100100001100111001001111
00101000010101101110011110011100
11011011001000100011101001001110
01000110100111110111011100101111
01100010110111101001000111001110
10111100111100111000111000001000
10111001110101100011111011110111
11010111011100011110011101110100
01010011011110110000010001101001
11011001011110100011001110100000
10110100001101101101100101110100
01110101010011110010001101100100
01010100110010110010101001110000
01100100001100100001101001111110
01011110101000100000011010000000
10100100100011101010010000100010
10000100110011001100110100000011
00100001011011010010101111110101
11101011010010110100010001011000
00110011110000000010000011101010
01011000011010100011010001101111
10001000011101110100110001111011
11100110010110100100101110100101
00000001100111110111010011010010
00001101010011100110001101010101
11011101100010100011000000011110
01101101111001100110000010010000
10111011011011100001101001000110
11000110001101111000111011000101
01101101011100011001000111110101
11101111101001100111010011100101
10110001010111011010101100111110
00111010111010111011101000011101
01100010101111101110100001101010
10011101101000100011111110110100
00010011011101001111100111001011
00010011010010000001000100110000
10111001000111011011101001100101
10110110110110110000101100001001
01111100000101001111000100011011
01111011000100101000001001010000
11100000000101111010100010100011
00100100111010011011110011111100
10101011001011001010100101101011
10111011001010011000011101000111
10001110101110010010100010101010
01110101110100001011011111111011
10100010000001001011011100010101
11011010100001110100110001111000
10111000110101000101011100001001
10011110110000010101101010010101
00111111111100100110011111111111
01000001101110101010001101100101
10011000110010100101001100111101
00010010011110111010110000101010
00111011000100010000001001101100
00000100010011110010010000010000
10110000001100001010111010001011
00111101101001010011101010111111
00000101101100101011001001001110
10110000101110101101101110101010
01111010100001010101111000010110
00101111000100001000110011010100
11001010101100110011101110101100
00000100001111001001010100101010
10111001111100000011101100011010
01000010001001110101101110001000
01111011010110010110101011100010
00111111010001111100010111100100
00100010011001000110110101110000
11110010000001101010001011001111
11110000110011000001110101100101
10000010010110101011011101101111
00111100000000111000000001100111
11000110111011111010111111010100
10000101011010101111101001000110
11100100011010101101011001101010
10110001111111110111100100000001
01101001001001010000000110100000
10000001101110000011000000010100
11001110000111011011111111000010
00101100111101001101100110010011
11100010110100010011001111011001
10001001111110100001101011101011
00011100100001101110011001111001
10000010000110101100100011100101
00100100111101111111001110101010
11111010000110001011101110011010
01110100001101100000111100100001
00100111010110101111111000000000
00101001011101100000111110110111
00011111110010101001101111001100
01000100101000111101100110100111
00110100101010010101011000001100
01101001001011001000011001101110
10100110101001010101111101000000
01111101010111000111001011001100
10100001000111100010101110010101
10101001111100011110111100111100
01011011011011010001011010011011
11001101111010001001101001011011
00100110000111101011010111110001
01011001000011110100001000100111
11110011010000100011011101101101
10011010001001101101011010011101
01101001110000111011010010101000
00100011001100100010111111100011
01110100010001000011000001001100
11110011000010011111000110001001
11000000110011111000000011010111
01101011111001011101011100110100
00011111100111101101010000011001
00101001110111010111000110100010
00101110101010100101101100110011
10111010001111110011101010011101
10010111100011101110110010110110
10100001000101111001001100000001
11110010111110111101101001011111
01111101100010100011100101000000
11001000001010011111101101101010
00001111010101100000011000111101
11000011101011010100101010011010
11111111001011110011111011101101
10111000011001000010100000011110
10110101110001010000100011101011
11011110110010111010110100001001
11110111010001000001111100101001
01deg=19937
----------
