mexp = 19937, maxdegree = 19968
filename:resD11.19937.magi02.061105.03.txt
POS1 = 48
SL1 = 11
SL2 = 3
SR1 = 4
SR2 = 8
MSK1 = efbfdfbde9f77fbf
MSK2 = edfddfbf51ffdbbf
deg poly = 19937
10001110010010011101010000001111
10100111001000110000001010110101
11110111011100111111100100111100
01000011100011101000111111011100
01100011001110100010100011000001
10100001001010100110000111111001
11001000010101101110111111010001
01101010011000001101001010000110
11001100111111101100000110011110
10000000111000100000111001000000
01010100000100001001000001000001
11101010010101001010101011100110
01100000000001001011010100000100
10100111100101010000000011011011
01100010000101011111111010010100
10011010000110010101011110010001
01110011010010011010100111010110
11100101000011011011100111101010
00010111110111011001111111000000
10110010000011111111110111110101
11010110011001100000000100100010
11010000111101110001100111010100
11111011111100010110100100011000
01010011011110101110011101100100
00100110001010111110011101001010
00011001011010110101111100101010
01111101111000010001010101001111
10100110100011101001001000110110
10100000000101011000000101011010
00011101100000101010100100110011
11011010111110110000010100100110
10111110110001000100110111101001
00000011011001100011000010000101
01110101000110111110010111100001
01010000011001000101100101000011
11111111110110001111101010001011
00110100101001101011011000101001
00011010110011000000011000110010
11011111110001000101101101100110
00110110010011010111111100110110
10111000101001101111110001110101
10110110111000001110110110100001
11011000000000011001110010010110
00111111001010011010000000011011
11010000010010010001000011001001
11000011110010100010010111000010
01001100111110011110100100110110
00111100001101101100001001011010
11001001101001100001100110001011
10011101000110110100001010010011
10111100000011000010001111001000
11010000001000001011010001010110
11100001110010000101000011100100
01110111111001110011000001110100
01101001100100100011101011011100
01010000110110001111100011111001
00010010101110000001110111101010
10001111101101011111100010100011
10100110011001000100101010110001
10001010111001000010010001110110
10000100100110110011100000001011
01100101111100010101000110011110
11001000001001101101110011100100
00110100101000001000101010001000
11101010101010011100101100000101
01100101000001100010011100110000
01100110011011011001001111111110
10101110011100011100110101100010
10101111100001011111100100110101
01000101101110110100010011101000
11010010001111101101101000110110
11101001111010110110000010011100
01001111110011000000010111111111
01101010110000111000110101001110
00111000111010011001011110000001
00100000011111101001110111111011
10100010000011001111001110011010
10010110101110101110111010011000
01011100101001101000000010101110
00000111110011100101011000111011
10010100100000000101010100101011
10011100100000011000101001100010
01000111101001110011001001010101
10000111101011110110010100111000
01011111001100111000111001010010
10000011111000000010100111110001
10010010010111101000101010101001
01000000011011101100101110011010
11011111101100001001011000101001
01101001000111110101000010100000
10001001011011100001101110100000
10101001010110110101101010011001
01000001011001111110111111000111
11000000001000001110101101001100
10110001110100100100101011100101
10101101000110100110101011001000
01110001000001011000000011100000
11101010011011011100001011000101
00111110101100000111010100100010
00111110100000010110101001110011
01000001100100011001010110101001
01000000001100100100011010101000
11001001111011101000010000111011
10000110010010010100011111110110
11000011010011101010010001001010
11100101110000001000101010111110
10010110000110110101100111101100
00001101000000111101111001000010
00010011000100010000110000000011
11101110101111101100101101011110
01010110010110000110111010101101
00010110001000100110011100001001
00011011101101000110000001011000
00100110010110001110001001100100
10110010001001010100101011001111
11111011110001011111011010110010
11011010100111100110001010100111
00110001110010010100111110001010
10010000110000010101100010010000
01111100000011101100110100111001
11001100110111100000100000111100
11110000111000101010001000000111
10110010010001101001111100010111
01001011010101110110110100011011
01101111101010111111100010111111
01010100011001000110100011101100
00001101010000110111101100101011
11000001011101111001110100101111
01011000011110001011001100110111
00011011011110100001001000111111
00101101110001000011101101010100
01110110110100110110011111101001
01110100111010000111110110000001
11111111101101000101100110001101
00011011001000100010011001011111
11000001100101001001001110101100
11001011110100000010101110100110
01000011110111100001111011100001
01110101101000000011011001000111
11111110111011111110000101000010
01011110011100000010001100101010
00001001011010111110011100101101
11101111010100000100010011100110
11101010001110010101000000011111
00100000101100110110011001011010
10011001101110001101010000000010
10001110100101111101100011111010
01110101000000010100010100111010
01110010011101100100000000001101
10010101110110010000111001010100
11101001010101001010001010001110
00110001001011101111100000101110
00001111000101101000011010001110
00110110000001101111000001111100
11001101111011100100110010001011
10001011101111111001110101010100
11010110010100110110100010111110
10010001110101001101101111101000
01010000101000100001011101011001
11110011010011010100001100011110
10111000011110111100001100000000
11000010011110000011011000111010
01110100001101101111000001001100
11110111111101011010101000000111
00100111010101111001111001111000
00111110111011010000000100110001
10100101110111000010111011101010
00001100100011101000101111111111
00001101101101111101011010010011
11110001100011100111100000010101
10110111010011110000110010101011
01111010110001000011001000111010
10100011100101011100100001110110
10110010001101000000101001100110
00001010010001111010001011101101
00101011000011111101000100111110
10001001110100001110101010101111
11111111010011101011101110110001
00010100111100000110100010011001
00011001111100010011011101100111
00101111001111100010111001110111
10100100101111110110000001010110
00110110101110111010011011000010
00100001100011111111011001100000
00110000100001001111000011001001
10100001111111110110001100110010
01000000110010001001110011011000
01000000111001111111001101000001
00010001110010111110011101101011
01011101000100101100101001101110
10010100011100001000010010010001
01111110100100011100101010011101
00101100000000110010101001010000
00011011000001010100000000111011
00101101000010010010100111001001
01100000011001111100011001101101
00100010110110001111111100100100
00111011011101010000001111100011
01010011100010010101011110110010
11111000110101100010101111010111
00011101010110000010110010001000
10101100010010111010100111010011
11010001101111011010101110100000
01001010011011101010100111110101
01011110010101001011110010100100
11010100111111010010010000111010
11001100011011110111000001100110
11001010111000010010010000001111
00111010010010111000110010100001
11000100110101011100110101010010
10000111000111110000110011000100
00101100101111010110110000100010
00001101001111101101010001000010
10011111011011111111001011101110
11100110111001010101110100110101
11111101111111110010111010101110
10010101001001100011110100000111
01000100111001000001011100111011
01100111101010110010000011010101
10011011110010111101110001001010
01010101111011111100010010101011
01110101111011011000010001011011
00110011010001101001110101000010
10100111101111101100111100010101
00100110011010110010010111111010
11100100000100000011101011001110
00000100001100000011010001101111
10101011101011001011001011111000
01001001100111000111110101100111
00100011011101001000101111001010
00110110100001110001110011100011
01001011011010001111011010101010
00101100011001111011110001001100
00110000110011011001011110110011
01100110110001100100111010011001
00100001101101000101010100111011
11101100100111101010101100010101
00010110101101110001101000100000
11010110100001011100001011110101
01101001101011100101101111101010
00111101010000111110111001110100
10010100100100000101010000101000
00000111011011001001110111101000
11111101101111111000011100010110
00100010111110001110111111111101
00111011110000000010010011011000
10010011110011000101101101110000
00010101000001011100000000001100
11011100001010001110000110010100
01110001111110101011111010110000
00101101100111011011011110001101
00000100001110100011011000110010
00000001101000101110111101100101
00101000111100011101000101100100
10001100111000001100111110010101
10100101001000001101000111110000
00111111010110011000110111100110
11101001001100101110110111000011
11001000011000010011110011001010
11010100100010000000010100100110
11101001100110100111010110001010
01010010001001010010101001100100
00110100111111010000111011001100
00111110101011011100001010000011
10110011110110111011110011011011
11001110010110000001111010101111
00011011101100111011001100001111
00010111111010010111111011111010
11110111100010100100010011001111
11011011100110001100101101111010
01001010011110110000110001101110
11000100010101101010100110101100
01011111001000001110110001100011
11101001001000111010000100100101
11001101000001111001100000001111
11000000000000111011110110010011
10000011110000111111001001000110
11101001001000100011010010000101
00100100001001100110000000011011
01110010111111010110111010010110
11000001000010101100111001111011
11011101001100101011110111100110
01001000111100010110010011001111
10101000110011000101010100100001
10101100011110001110101101011010
00100101000100101111110011101000
11011000000011010100001111000111
01000011100101111001000101001001
00101110111111111110101111101110
01011111000111011001100000011010
10000110000001111101100001101000
00111101011001010111011110000010
10110110101100000010000111000001
11001110101000011000000111011101
11011100000011011111010001001000
10101001000101101011111100001111
01010100100010110000001101100001
00001000100101001010101101101100
00000101111010011010011111101011
00011011110011011110001011111001
11001001000111011001110000100101
00110010111001010110011110111010
11111110101101111000001111010000
10011100001110001001001010000001
00010111100110110000100000000001
10101111000001100011000101010011
01001010100001110100011110100000
01011101001110110011110111110010
10110111110100100110000011100110
01001111000001000101101001100111
00111100100001110001110010110110
01011111001000101111011000001100
10110101010010100111100011101111
11000001101010111001111111011011
01111101001111000100100001001000
11010001010110000000001010011001
01100100000100000000011100011100
10101100101100001101101000111100
01100001000101111011111100010111
00011011110100011001110101011010
00100011000111000101011001011011
11000001110011100011100111100010
00010110110010010110010100110000
01100100000010110000000000100010
01010110101001010010110010110110
00000101000111110100110101110110
00010101011010110110001000000010
00001001111101010010000011000100
11101101101111101010011110000000
11111110101001111111011100011010
00111000111101000110000100001010
10001001001010000111100111100001
11100110011110110001101001000010
00010110101111000001000001010001
11111111111011011111000110011100
01011100011011000000100100111010
01111110011010111010110111100111
11111000000100001101011100101101
11110101110111000110101011111100
10000010111111000101010111101001
01110101101010101010000001110000
01010010011111111100010011000010
01011111011010001000010101101001
11000111001110111110001101000111
01111001000000000001000100111110
00000101111100011010001001110011
00001011110000100001110000010111
10111001111000111000110110110000
01101101011001010110011100100100
01100100101001010101001000010111
01100000001101100011100001111101
11011100111001001111111111011001
11110010001101101010111001100000
00110000111011101011100010011111
01011001100100000100000010011111
10100111011010000000000100101100
11110101111010011000111111011101
10000110111101100100101110001010
11110100010010101001011010000011
00000110111000000111011001101110
11111110101111110000011001110111
10010100111110111110100110110010
00011110001001010111111111011110
01110000111101110101001101001011
00111100000100001100110111101000
10001011110111110110101110111111
11111101110111000111101001110111
01010101000000100000000011100001
00000011110010010100011111100010
11111101001110111100011110101101
10010000110111101101100111010100
01001110011000001000001011110010
00111111100110011001000010111011
11111011011001111111101001110000
01011110111011000011101011011100
01001110001101111011001101000000
01101011111110100100100110000011
01001000100010101011111110011110
01011010001110101001001101001111
10110010111110110111111001010000
11100001001111000101100000100001
01000110000011110101011000110111
10010100011011011111110010000011
00100101101101000110000100011111
10010001111010000011100101110101
00011000111100101001100111110101
10100100010111100011101110101011
00001111011100110111101010110111
11010000001101001110111101000011
01010001101010011010111011011111
01110111001101110100111001000111
01100101100101101010101110101101
11001011000000110101101110010000
00011100100101101111010011000000
11101001000101100100101000000001
11101010110011011011110101111111
10111010011100010000110101000000
00111011110101111111010110110111
10111110111111000100001011101110
01000101110011100110100000000101
11001011110010001010000011001110
00011000111100001100000001111001
00111010110101000101010111001101
10100101110111001011010000010001
11110010101001111001101101111011
00111011001110110000111111111010
11001110110000010101101110010110
00001100000000011101011000011001
10010101011111101100110010000101
10001000101011001011110101010001
10110100100100011000000011010010
10011000101010000011010000000111
00011110010001000000110010111000
11101111001110100000110111110000
11011000110100100100101110100001
01011100100111011100011011001000
00010011110000000110101010001001
10011101100001010111100010001011
11010101000100110110100101110111
00000010111011100000011110111010
00111000101100010111010000000100
11111110101100101111010001101110
11000011111101111010010100101100
00001011001101101001001000001111
01111010001011001101010110111001
11000001111110010000010000110101
11110010100001100011100001111111
01101101110001110110001000110001
00011011100100000111010000100010
11110011101100000111100001100111
10110101100000111101100111000111
11001101111101010000010010011111
10111010011000111100011011100011
10000110001110101110100110111001
10111101100001011111101111100010
01000100111011100110000001001100
11110111101011000110001011101101
11001011101110101111101111000111
11011010100111111110100100111010
11000001010010011011111010110001
00000010001100001001000111111010
10110011110111100100000111111000
00110001110110011000100111100011
11110110110011001001111010001110
00001010111000100100100100101110
00101011011101001101101001110001
01111111111010110010100100101110
10111001101110011111110101011000
10011011011011110100101100101110
10111011000011100011100000111011
00011001001001010101011010101101
01011100011100100111011100100101
01110000110001011110011011010111
00011111101001000000101000111011
01011011111111001101100101110010
00001000111111100000001111000000
00011110010010101100000111111100
11010010001101010011001110000000
11010010010111110000111111000100
11001001010100011100010111110001
10111110001110001000000011000110
00000001111010001100000111000100
00010011101110000011101001011011
00011000111110001101010001000011
01110110010100001001111101011100
11110000110100101010101110000010
00001110101011111000001010000010
00111011010100100100110101000101
01100101111010111111100010101111
10010011001010010000011010000000
01111011101111011001000101100110
01111000001111101010011001001011
01110110001111011011111110110001
10111000010000110110111011101000
01110101010010111110010011110101
01100100111011011101001010001100
11010101110110010101001000010111
00010001001000111010000111000111
10110001001110111011111110011101
11010111111011101000111000110111
10010010011010001101001011111010
10001100111110111010010110011111
10001001101111010111111111000001
10101010100100011100000001000010
11010111011111111010011101011110
11001110101000110001101000001100
10101110110010000110101110010100
11011000000100011110100111110111
10100100101000111101001100001111
00101011001011000100010100100111
00010000111000010011011110110000
10010001100001101011010110110001
01000110011101011110010111100111
10001001100111101001010110000010
01110101111100011001001110011111
11010111100101011111011000000011
01000100000101010000011000110100
10111111110000101010111110100100
00000010001010101101001110011011
10001110110101010110111000011110
01110011000110001011111010011100
00000111100001100001110101011110
11111110011110101100000101111000
00001110110101110011110100101001
11000101111000111101011110000111
00011001000010011111001111110111
10011001010000010000110010010100
11011011100010101100011100110010
01100100000000001000010110001001
10001111011010000010011001110001
01000101001011100100011110011010
00010111101100000110010110001000
01110001001100101010110010010000
00001100001001011111010110111101
00000111000010010110100001011001
00011110001011110001100011100111
10101101100111110000101011111111
00110100110100101100001111000010
01101100011101101011011001100111
01010010000001010111010001001101
10000111110101011011010111000111
11011011100101011110011001011110
00101001111101010000001101100111
10100100010101000000011010100001
01001001100011111111011110111011
00111111110100110000100101101011
01010110010000110000110111000000
11111110110001010010010010011101
01111000011110000100100101010010
11111100010101111000000011001001
01100011110000110111111110001110
01110111001110101001100110011101
10010001110101010111111010111010
01010010010010010011101101111010
10010100011101000011001001000000
00000000010000100101101011110000
11101111000111011101111110111000
11010001100000100001001110010010
01110110000011010101011001001101
00110011100010011010100111011100
11101110100000000100100100000001
00101100111110011110111011011111
10111100000111011001001100100110
00101000101101100110001011110010
01101110111101000010010101110011
11101100110110010110101011011011
00001100000110100001000011011001
00111000111000101000110001010110
11010100101111110011001011010001
10101110000111111010011000100101
01101100101110010110101001110000
01010110111101010111010000110000
00110010110011111110101101100111
01000000010111100111110010010011
10011011000010111000000100001111
00001010101101100100101100001110
11000000111110000010110100001111
01111101000100011111100010001011
10110010011110000101001011110111
00010101100001001100111011011010
00110101011110110101101110010010
01000110110010010111111100011000
11000110001111101101110001110011
11011110101011100011000100010111
11011111001001110000101001101011
01011110110110000101001010001001
10111001011100011000101110001001
11010101011011000001111011010001
10110110100010111010000000000101
11011111001100100100101000010101
11111010101011110100100011010010
11101111011100110011111111000110
01000001110000101110010100110000
11010110111100111010001010010111
01100011100000111010100001011001
00010100110000100010110010100001
00001010010100001010111011010101
10001010001100100010111000111011
01010010001111110010110110000111
10101110001100110010001001001010
11001010011101110010101011010011
01111000001111001011001001001101
10001111100100010001110100111010
00001010011000001111001010001001
11010100000011101110000111101001
11000111111101101101110110011110
10100110101100110001101101110000
00001100100101111101010010010110
01001111110100111001011011101111
11000011111101010100000101111101
01011010011010001001101010000010
00111010010100110110011101001010
11000011101011100100011001101100
00011100000010110011111100010100
01000000110011101101000110000111
01000111011111000111100001101101
11011001001010110100101101011100
01011100010101000110001000001011
01101000000110001111011110010111
10010111111001110110000011000001
01011001011100110111100101000111
00100010100000000110100110101000
00000000100001111011110110000000
11010111100001011100011110100010
00001010011110111101011100111000
00001101010001100010111011110110
10111101111100011101011010111111
10001010010011011110100000000001
10001000100111010101100111010000
10111000011110101011111111001010
11001010111011010100001111101100
01111110000000101101000101001111
01010000010011010010011111011110
01010010011001101100010010011010
10010100101001110010001111101110
10011010001100100000100011111000
00001010010011111000111100000110
01010010001010101011001010100011
00000101111000101110001011011011
10001101011110000000001011010111
10100111100001001110101101001111
10010010000011011010000011111000
11000010010010100000110110010100
11deg=19937
deg lcm poly = 19968
weight = 9267
10000000100000000000000000000000
10000000100000000000000000000000
10000000100000000000000000000000
10000000100000000000000000000000
00000000000000000000000000000000
00000000000000000000000000000000
00000000000000000000000000000000
00000000000000000000000000000000
00000000000000000000000000000001
01111110100000000000000000000001
01111110100000000000000000000001
01111110100000000000000000000001
01111110100000000000000000000000
00000000000000000000000000000000
00000000000000000000000000000001
00000001000000000000000000000001
00000001000000000000000000000001
00000001000000000000000000000011
00101001100000000000000000000010
00101000100000000000000000000010
00101000100000000000000000000100
01001000100000000000000000000110
01100000000000000000000000000110
01100000000000000000000000000100
11001000000000000000000000000010
10101000000000000000000000000010
10101000000000000000000000010100
00111110100000000000000000010110
10010110100000000000000000010110
10010110100000000000000000010100
10010100100000000000000000000010
00000010000000000000000000000010
00000010000000000000000000011001
10110011000000000000000000011011
10110001000000000000000000011011
10110001000000000000000010111011
10011001000000000000000010100000
00101000000000000000000010100000
00101000000000000000001100010100
10110010000000000000001110110100
10011000101010000000001110110100
10011000101010000000011000100110
01010000101010000000010110010010
11000101111100100000010110010010
11000111010110100000000000000101
01001011010110100000010110010111
10000110000010100000010110010111
10001001010100000000001001101110
01001001010100000000011111111001
11101110110010001000011111111001
11101011100110001001010011110001
00011011100110001001001100001000
11001100010100101001001100001000
11100111110010100000110001010100
11000111110010100001111101011100
01010111101010100001111101011100
01000000011000010101011110001001
01000000011000010100100011010101
11100000010000111100100011010101
10000000001000100001110101100010
01100000001000110101010110110110
01011110111000110101010110110110
11011110110000100110000110110001
01000001001111000100101111111000
01101010101100101011010000000110
10101011100001100000011101011011
10111110110100001110011000001101
10000101111100100100110010100110
00011011001010000001010011100111
00001110011101100000110100111000
01111100001110011111001011000011
01110010110001111000111010101000
00100111100100110010100110111111
11000010100110011000001100111101
10100101110001001110110010111111
01101001100000011010001110101010
10000100111111111100010101100101
11101101001111001011000110001100
01110100111000101110110001010111
11010011110001010001001111100101
10100110110010000111000000001111
01101010000000011010111001100101
00010000001010101001110000111100
01111010111101000011011101110110
01111011000111101010101000100100
11111100001111011001100100111110
10000000100101010111110011101110
10000001101000001110010111010000
11001110110010010111110100001110
11100101000001001100100000111101
10111100110110000110011010101010
00111111100111101010000100101011
10010011001010100111101111101010
10101100010101110110000111101001
00011100100111011110110001101000
01000101111011010011000010001101
11110110011000000011001111111100
10100101011011110011001101100011
11000101011000101111100100000111
11111101101101100110111101001111
11100001111001101110111110100110
11001000001110100000010000110001
11111111000110101100111100000101
10010111011100111100100011100101
01010100101011111111000000010010
00111001011010110011011001000001
01111111110111111100111011101010
00100000110111010101110110001101
10010000001101110110111110101000
01100100100111011111000011010000
01011000001101010110000101101000
10001000101110010101010110000011
01010111001100010010000100101111
10101011001101111000000000001010
10110101111111010100100111101010
10010111001111110000100000100100
10110101110000011000010110000101
11000000010010111010100101100000
00001110010010101100011101001100
11000101010100101101100000011100
11111000110100111010110001100101
01101111010101100111110111000011
01100000001101111001101001011110
00100111101011000111100000001000
10000110010001001110100001110100
11101111110000100000100010110010
01000011011100110011101000100100
10110100011000111111111001110011
01101100110010101110100110001111
00100110010000011110010101000010
01010010011010100000011000101110
01111101000110100110010011100001
10001100010101111111111111111010
00001000001101010011100110011000
01001111011011110110100001000010
11110000111110101010111010011110
11101111100110011100111001100111
11101110011011001010100000100100
11010011100000100000000100001001
10100011111111110110000011101111
10001110001100111001011110011101
01101100010010001101010011001000
11110111010101110000100011101001
10100101111010110100010011110010
11011011001001110001001100011111
11010101010101110001111001101111
11100010110111101010110011000101
01111010101101010110100010001100
00111110100010000010101001111000
01010011111110011011000100000000
00110000100011111001110000000011
00101110101101011101111101000110
11101001000111100010011101100000
11101100010110000100101110101111
01000011000101100010110100000011
00001101111011111101010011000110
00110000100101000000011111110110
10010111011001010000011111101111
01010101000111100010111111011111
01001110011110100000011101011110
00000011001000000001010101001101
11010110011100110010110010110010
00011010010101001111101011000101
11110101010110110111010001010010
01001110001100101001110101011000
11010101111000100110000110001010
01101110001010111000000010110100
10011111000011110000011001110111
10101000011101100101111101111011
11001111010000011010000100111001
10111100001001111101011010000100
11000011010010110010000111010101
00110000100011001001101000010110
00001010111110111000010010110010
00100100000001000111010000001110
00001000101100001000011110000010
10111000011000111101100010000001
10101110011000101111101000001111
10001011100000101101010001100010
01111001100101111111110001010011
10000000111101100010001000011001
11111001110100000100000100101110
00111100001101011100101110011110
11010000000001100101010100111001
00001101001011111011111011010110
11010010000010000100110001111100
00001011110011100011100011011001
11000001101010101011011110000010
00000111011011000001110000100010
01110110000100111011111110111100
00101101100001011011111011110011
01110111001111001110011000110000
00111000000000011001100101101010
01101001011100111011111100000101
11001000010100000000010000111000
01110111001010001101010010110001
00111000001011000101101100111011
00111010010000110111011000001111
10000101100000110000110010011110
00100101001101100010000001110000
00010001000110011101010011111111
00000000101110011110101001110010
01011001111101111001111010110010
00010011010011000101011010100000
01100111100101110100110010000100
01011101001011011111000001001100
11101001101010110101101101000011
10111110001110100101001111000011
10011111100001010110001111000110
01001101111101100100101101101000
00101011100001111111111110010110
10000000011010010100011111000011
01010111000101000010011011100000
00101000011010001000001000101010
00111111110111111011011000000011
11000111111001101110110101101100
10101110000110001101100111111001
01110010011010000100010110010111
00110110011111000100010110001101
00100010001100011000000001000101
00101111011010000101100100011001
10111101101001111111100101111100
11100001101111101110100001110110
00000111010011110100011010101101
01100100010000100001111011111011
01100110001111010000011111000000
11000010101001000011000100010011
11001000110000001101110111010111
01000100101101110011000100001010
10101101111010101001011111110101
01011011000100111110010111111110
00011011111101000000001110001100
01101010100101100100110101000101
10101010100101000101100010100000
00011001100000000000101101110101
00010010101001000001011011010000
10100100011101100000000011000110
00010011110110011110110110110011
01000110001101001110100101111111
01100101100110100000110111000000
11000011010111001000001010011110
10101100100010011110110100101110
01000011011000010111100111101010
00111000010010100100000110111111
01010111011001011111110110111100
10110000001011110100010100111000
01110010111011110111000101101011
00110010110010010100000100100000
10100110001000001011010010111010
01001010001111010011100111000101
01010110100010101101001100001000
10110011011101010000001100110011
00110100110100110110101001000011
11000111000001010111010001011010
00110001000011111111010111001100
01000001101111110001000110010000
10000101111101001100100001011100
10110001000110001101011100110010
00010101101011110001001001101010
01101010011110001010011011011100
00111000001100010011010010010100
11101101100011110001110110110010
11010001010001010011111001010101
00010101110100000110010001001011
10111101101010001110000000010111
10011101101000011100111100110101
00000001101101011110101010011010
00000010100011001111000111100010
10001110001101111110010011001101
10000100011001001101111101111100
00001111111101010111110100001001
01001010001101110000001111000000
10011101110000001000100000000100
00111010011111010110111101001101
11100111000101100011111110011111
10101010101001101000000000011110
11101100001000110110100001100000
00101001110010011101010010000010
10011101001100011110111010001110
00011110010100110011111000000001
01111110101001000111010011011000
11001110100010000100010010101110
00110001000000001100100100001011
11100001111111111110001001101100
01100001000011110110111110100000
11001101110100100010011101101011
01111101000111100110010101111011
10110011110010101101101101110011
01011100011100110110100100110100
01111101001101101110010001010100
11101100111100010101001110010000
11100000100111101100000010111100
11111110010001100000101100111011
00001000101110111110110000010000
00000000111011101000100100001011
11111101010100110101000100001101
11100011101000011000111101010000
11100101000111011011101000000010
00000011011001101110110001100011
10101100000101100001101001100110
01111010001010110010001111001110
10000001110001110011000011001001
01010010000111011010000100111011
10100101101111010100000100100101
10110100100000001001110100101110
00111100110101011011011011111111
00011010010010101001111111100010
01010000111100111001100100101011
10110011000101110100010110100100
01000100010100011111000101010000
00011001000111001101001110011110
11010000110100111101010001011010
00000110101101010100000001000100
01100000101100010001101111010101
01001000000001111111011001000100
01011100010101110101001001110000
00000100110010010100001000001010
11000111100000011010111100100101
11100010001000001110011010111111
10110100110111000110111001011110
11111100011101011101011111011000
10101010001101101001110000101111
10000010101011101010010111010101
11001010000111010010111110111111
00101001101011110001000010100111
01001100010101000011101101011001
10011100111111110101001101100101
00101001000110111101001101011101
01101101101010111101111001101110
01101010001110101101111111010110
01100101110001001000010111000001
11011101010000100111010000111110
11000010101010111001000110111111
00011110001001110010100100000111
01010101011001010100100000011110
10111110111001001111101001111111
00000010010110011011111101001101
00100110000010110101101010111001
00011111000100100000011010100011
10111101000111011010001000001101
01101111010010010111101110001000
11001100110010111100011000110111
01101111100111010101101001010010
10000111001001111101011000011000
10010011110010111101111010001100
11100010110001000000111000111001
01010110010010110011000100010100
11000101011100110011000011011011
11100100101011101111100101100001
10100000001111001101101101101011
01001111010101001000010110011111
11010100100111111110100100100010
00111111111100111101110011101010
01000010010010110001011100001000
10000100010011011001011000011100
00011001110100011101101101100111
00001110111010010011001111010111
00000010111111100110111110100011
01010000110010000011010110111101
00100010101011110010001011100000
00100101000110010010000010101110
01011101100011000100100011111010
10100010111010001000000000001000
10100110100010111001010000000100
10000001101110100101111010100001
01010100000000110101110010110001
01001100110100101010110010011000
01100111101110110100100010100011
10011001110001111100000011000011
10011110011001101001111011000010
10110101011110111010011010001111
01111010101100010101110110000110
01010011110100110000111000001101
11100000111000000110110100100010
10110101100110111010101100000011
01010001101110111100100111011111
11000100001101110011111101000101
10111111010011101111101000101110
01001010111010110111100011000100
11101001110011100110100100011101
00001100111111011011111111111100
10101011101101010100000000000111
10110000010011101010111110000011
01111001111100110101000101101011
10100110101001010001000101010010
00110011100100110001101101011010
00111101110010111001010111000100
10001111111110110100100101000110
00000000010110110101100100101001
11111001110101110111000011101001
01100011110110010111101010111001
01100111101010110111000111110100
00010110111100111001010000000000
00001111100111100011000001010000
11101100100110000011111111101100
10100010111000110001100110010100
00101111111000111001101001000000
01001010000110111000111110101000
10100011001111111110101001011101
10101101101000111011111101011101
01110010110101110110110000111010
01001000101100110101101011100111
00111010001011011001100100101001
00011001001010000100101000011101
11111000111100111111110110001000
10011101111011100000001011101100
11011011110111010110010101010111
11100001011010010010000100010101
01011001100001101011100001111011
00100010011000101110001110111010
01100000001001100110111000101011
00111100000100011011100001000000
11001010101110000010111010010000
10111110111101100000001000101010
11000100101111000100111100111000
01010110011111101101000111011001
11101101010010111101010011100001
01001001000010001111010010010100
11110000001111001010110000111111
01110010000011111100110000111111
10100100010111000011101100101101
10100010011110001000010101111110
11000011001100111110001111001101
10011001110111000000001001010011
01011011001110000111011000001100
00011101110100110110101101110111
10011100000000110101101110000110
00000101001111111101011011110000
01110110011101001011000110000010
00100001110110101110001101110010
00001010111010000101110101000111
00101110010000010110101001000010
01000111000110011000000011100000
01100100001000101111110010001001
01001110101000010101010100100101
00010000010011111101110110010000
11001000001001100101001011101101
00100100100010000010110010011010
00000011100010111000100101110101
10011110000111110110001000101000
10000001100001010001100011001010
00001110101111011000000111100111
01110011110110101101010111001010
00001110010101100000010010001110
01000010001010001001010110100110
01000110110101111010111000100011
11010000111001000000011101101001
01001111011001100110110011110111
00010110001001010011010010010100
11111110110110111011011000100011
01011001011101011100101011101011
10010100001111111001100010110111
10000111100001010010111010001010
01111001101100010011111100101001
00100011010011010110100101011010
10101001101100101101011001100100
00111111100001000011110100100110
01111000101100000011111010110101
01100011111100111100001001000110
10010001011001010101010000001101
01001011000111101100101010111110
01100110101011010010010011110010
11010111110101100010001011001001
11011110001010101110010100001100
10010101111001011111111010101110
01011011110000100001011000001110
11010100010011100100010110100011
11011101101001011100111111001111
10000111011100010010000111000101
11010110010110010010111011010101
11010001110001111100001000000101
11101010010110001011101010001110
00010000111110001100111100100010
01001110100001111000110000100000
01111000101010110001100000000001
11010111110001000110000001011000
01100000111001000100110010000101
01101101000100011101100000101101
00111100000010011110000001011011
00101110011011010001111010111111
01100011011101001110001010000111
11001001010101101111011001010101
01010101100110111010101100110111
01101110100111010100011010001010
01011111110011101111111000001001
11011010001001101100000000100100
11101100111100101111000001000110
11010011110101101100100100101111
11000100000001001101001000001001
01010010101011010111011101011100
10001110101110001111001010100111
10001000110001011001000100001110
10101000000011111110000100100001
00010110011111111100100111010000
00100011111011001101100010101110
01000101110101110000011001111110
01101100101111010100101111111010
11111100011111101101001100111100
00101000100100000111111100010101
10100111000001111101110101000010
11111001000000001110000111111100
01100110101111001111000110010001
01100011100000011110011010100111
00011011110001011010001011101000
10000000011100101011010001110000
00011010111110011111010100011101
00100010110110010101110111111001
11001101010111001001110010001010
00011100101000011001000011001101
01010011010011101001101001000011
00000100100011000010010110110100
01000011001010101101010000110110
00101010011111111000001110100010
10000100101101001100110001111000
00000110101100011011111101010000
10111010011010100010000110111110
11011011101110110000111011011111
11110010001011010100000000101011
10101000101111001010001011100100
10101111100100110110000001110111
00000111011000100110001000000000
11010101111100100010100001000000
10101101110101010011000000011101
11011011101100001110000011101111
10110010000000010100010100110110
00101011010010010110110011011110
00010100000001101000000100111010
01000001000010100110111100010110
10111001011110000011110000010001
01100010000000000001101001100110
10110111110011110100100101000101
00010101100110001111110111100110
01011001110101101011100001001001
00001100100100010100010110011011
01111000000010010100001111011011
01011001101000011011111110000010
10111011110110111110101101000001
01010101111111111000011000001100
00100101011100010101000001010110
00001011101111010010000001100111
11001101011000001101000000010001
00010110001001100110010100001100
00101100011101111111111010111010
11001001001110010011110100111001
10000010110111000001011111111001
11000011010111000101011000110101
01101111011010110001010000100010
01111011111000111110100011110000
10001110111011110011101011101100
10110000100011010111010011101010
01010100001100111000100100100001
11000110100000110001111011101101
01010100110101110100101010100101
01110101011000111011111011110001
10010101001000111000101111000100
01001111001011011011100101110010
10001000011001101001110010010111
01001010000110110001010111110010
11010100110110110101110010101111
11101001100011010010100100101111
10001111000100000000001111110011
01000001001111111101011001100111
10001111100100110111100100100001
00011110100110101100000001010100
11000110010100100110100110001010
01111010011000101111110110000100
00011101110001000001010100000010
01011000101001000100001011000110
11101011101111001001100100010011
01011001000010010110010100011000
01000100101100000110100111101010
01110111010100110110100011000001
00100110010110011101111110011001
01001100100111001011010101100010
00001011101100000100001101010110
00110001100001100111010111011100
11110000111110001010011100110101
10101101011111000010000111110111
11111111111101011011011100000111
00001000100100100100111110100011
11010011011111011110011110011010
01001011111100010111111100111011
01100010110011011110101110000000
00110010111110000000010110001001
01000001000110100110110101111101
11001011000111101110011100111000
10001100100100011010101001110111
10011011010111111111100001000000
11111101000110110011010001001101
10111001100011110110001001110110
11101010001011011100110001010111
11111011010100010010111100000111
00001111001100110010001100110110
11101011100010110010010000111000
11111100001101001111011110100011
10111100110100100000111011001100
01000100110110011011111111011101
00010011110001011101001101110000
00001001011011000001100111000111
11110110000011101000010011110001
11101001110100010100101100100010
00010101000111000000110111111110
10011001000011101001000111111001
00101111100011111010011111000100
10100111110001101001110011100010
01111111001100000001111010101011
01011100100110000111011110111101
01110111111111100000001000000111
10101100000010000000010111001100
11111111111111111111011000001111
10000101001010101010001010100010
10101000000000000000000010101010
10101010101010101010011111110011
11111110000000000000110000100110
10000000001010101000000000000000
00000000000000000000000000000000
00000000000000000000000000000000
00000000000000000000000011001100
11001100110011001100110000000000
00000000000000000000000000000000
00000000000000000000000000000000
00000000000000000000101010100000
00000000000000000000101010100000
00000000000000000000000000000000
1deg=19968
deg tmp = 31
52 bit k-distribution
k(1) = 19936
k(2) = 9966
k(3) = 6644
k(4) = 4983
k(5) = 3986
k(6) = 3322
k(7) = 2847
k(8) = 2492
k(9) = 2215
k(10) = 1993
k(11) = 1812
k(12) = 1661
k(13) = 1533
k(14) = 1147
k(15) = 1147
k(16) = 1147
k(17) = 1063
k(18) = 865
k(19) = 865
k(20) = 777
k(21) = 776
k(22) = 773
k(23) = 772
k(24) = 772
k(25) = 384
k(26) = 384
k(27) = 384
k(28) = 384
k(29) = 384
k(30) = 384
k(31) = 384
k(32) = 384
k(33) = 384
k(34) = 384
k(35) = 384
k(36) = 384
k(37) = 384
k(38) = 384
k(39) = 384
k(40) = 384
k(41) = 384
k(42) = 384
k(43) = 384
k(44) = 384
k(45) = 384
k(46) = 384
k(47) = 384
k(48) = 384
k(49) = 384
k(50) = 384
k(51) = 384
k(52) = 383
52bit D.D:   6207, DUP:   30
