mexp = 19937, maxdegree = 19968
filename:resD11.19937.magi07.061102.04.txt
POS1 = 9
SL1 = 17
SL2 = 3
SR1 = 6
SR2 = 8
MSK1 = fefdbfaddff7f7f7
MSK2 = dffdeffeffeffeff
deg poly = 19937
10110110011000000111100110101000
10011110100101100101011101111010
01001111110010111100011000000101
00010000101110011111001100100100
11011111110111000101010101110100
10100101101010100100110110100011
11111101010111101101101101100000
10010010100001110101100010111011
00011010111100001110011001110011
11101001010111000010000101011000
10010010111001100111010101010011
10011101001000010111010100010010
00010110011100111001101010011110
11110010111101111111000011011110
10011110011011110101011110100011
00010111001001001111111001011001
11000100000001011001101010010001
11011001000000110101000000111111
10100101001011001000011100111000
10001111000110010001010100110010
10110101011001011001011000111001
11110100001000011100000001000110
10101000010010101110001011000110
11100000101001111011110010001110
11110101000100101111000000100000
11000011011111001001011001011100
11101101010001011011001111011101
11000011001001011000100100101011
01011111000101110000101000111100
11100001011111000011111100111001
11001001100011000011000100110011
11011011100100010101010011110000
11111101001011010110011110011110
01010110111001001001111100101110
11101111000101011011010101101011
01001111100101001111000011011010
11111100100000011110111101101100
11110001010010101010111100011101
10110111000111100000101110010010
01001000001111000111111000101101
10100000101100000000000011011000
11011101011110111011100101111001
00111011110001100110001011001010
10001100101010011011110000100010
00000000100100011000011011111001
00110000010110110010111100011110
11100010011001011100111010010011
10010111011011100011100000101010
00100100000001111011110101001110
11000100001111000000001000011110
11111101100101100111110001110001
11010101101101111100001001101100
11101000000111110110011000001101
11010010110111110011101101010011
01010011111000001110000010110111
01010010010111100111001111001000
10101000101110100100001100000110
11010010111000011010100001010010
11000110101000001001101110100101
11011000110000011101010010010111
10101110001010111011100010101101
01101000000000001110111110111001
00110000101101110100111001001100
10101011100011010101000001010010
11110100100010110011010111010000
11010011010110010000101001111100
11110010011001010010110011001001
11111101001010000001000000110000
00001111101010111011000001110010
00111110001100100011011001000011
00110100111110001010100010110010
11111000110000110101101000011111
01001111100100001000010110110111
11110001101100011110111100101011
11001100010110111001110100000010
01010111010100000010111111001100
00011010000001101010110101110000
11110111000100100101001000000111
11010110111101101001111000001001
11001000111110010101011100101001
10110000110011111001110010011101
00011100000001110011100111110010
10110001101100100000101001100000
11110000110001001000101010000011
00100011101111010100111110111101
00000000000100111010110011001000
00000101101001010110010000010010
00010001111111011111101111111110
00101100000001101011001011111100
01110111101110010011101011010001
01011010101101010110101001101110
00111111100100011101011101011000
10000111001001100101110010011011
00001000100100001110101001110100
00110111011110000101010110011101
01001011100101110010001111011011
11110010011101100110001100100100
00111011001011000101000001001101
00011011100110011000101101101000
01001101111011011000010000100111
00000101111001001011100000110000
01111110010011111010100000001010
11110110100011111110011111101101
00001001000101010111000101010111
00110110010101011010000100100000
01111101111101110111100111010111
00101110010001001011010100001111
01000010100000101000001111111110
11111011101111011011100011000001
10000101110111111111101100111100
01110101011110010110111100010100
11101011111010101111000100010011
10110111001110011001110000110000
10000011101000010011100000010110
11111001111111101010101110110011
11011100110111101010111101110000
10000100001010011110010101110111
10000100001001001101111110110001
10000001100010110011110001110000
00011001001011110011011111011101
11011001011110001000011101000100
10101101011010000000000010110000
00100001111100000001111101101110
00100011100101111001011001110011
01011101101110100100111001000010
01101111100001010111000001010111
11000111010111011101111101011100
01110111010001010110100001111011
10010011010011010101100110010000
10010100101010110111111110000010
10001100100100101011110011101010
01111010111010111101010011100111
00101001110100011110111101100000
00100100010010001110011010001101
01100001101101110111100001011000
10110001000100110001101101010111
01011001100111001111000001001001
01000010001110100000101110000101
01110101111101011100010110110101
01101101001000110001111111101000
01000100101000101100101111111101
11000110100101001100000011111111
11101000001010101011011111001101
01001110001110000110111000000010
10010111111100000000101100110100
00110101100110111101000110100011
01101001001010001011011101011000
00101111000001010000111110000001
00001111100000001001100111101011
00001101100111110101011111011010
01111100111101100111101110011110
01001010101100101001110100011001
10010010010101001101110000111000
00011110111000100111010000111111
10110101001111110111110011100110
00011000011001100110111001110011
00000101011000100110001010010000
00001011101000100010001100010101
11011001011110101010000100110110
10111010111000110001010000111111
00100100100010001100110001110001
11111100001011001101000101100111
01011010100101101000110010010011
11101011000011010101001101000011
11000011100011011001000010011100
11011101100101000110100110100111
10101100110011001001010100100110
01101101110000110000011001010001
01111101110100010011100111100101
00101110100010111101000100110011
11101110100001111110001011101010
00110110111010010001011101110010
01110101000010110111010110000000
10100000011010111111110111100000
11111010101000111000001011100000
10110100010110100010000001101111
11011111010011100110000000001010
01001101000011001111001001100010
01001010101110101010101110011001
10000011100100001110010100100001
11010010101001001011111010101001
10000011010101010010111011010110
11110011110101110011111000100100
10010101100111101001111110111011
11111100110001010010100001011111
00000110000101000111011001011101
11101110010010000000001000111111
11000010011001011111000010100101
10101000010000110000011100100111
11011010101101010111010010100010
01010010011100100010100101001100
00110110110011100111111000100111
00000111010001101100100111000110
01100011111101000100001001111111
11011010101111000110111010110101
01010010101010100011110111110010
00001101010101111011010100000010
11000001101100100100101101010110
10110110011010110011101001100110
01100000010110101100000101000101
01101011011110000010101001101101
10001100100100010111000001100011
11010001010101110100110101010111
11101011010100001110101000111111
01001110010101011001000000101100
00001000001001001110001110011000
10001110101110000111000001000000
10010100000001100100101010011111
01010101001100111010010110100110
01000101111100100101010110011111
00101000110110111000011010011011
00111110101010010010001111001010
00110001101100101010101011110111
11100100101111110010000110110000
01110001011100001001001101111111
01100111111011101000110010000000
11101110010001011110011111000000
00010011100111010111011011100101
00110001101110111101011011001111
01001111011011001110111101110100
00010100101101110101101100000101
00110010101010101110110101001011
11111011110011010010101100000011
10100110010000100011111010000010
01111011101111011110001100101000
10011111000101000100111111011111
00110011111100101100100000000000
11100001101010010110001000001111
11100011111001111010100100001101
01010110100011100100000010011101
10001111110000101000100000101111
11101110100110001111111000010010
11010010000101010100000000111110
01001010011001101010000101011111
01100010011010110101000011110001
11111001000011000001001111011010
10101110101001101111100000000011
00001011000011110011011011110111
00000000101110100101000101100000
01101010001011110000010101011100
10001110000101000010101100010110
10101011000011101001111001100011
01011010000001010000001010001010
00100110010110000010011101111100
01011010101010110100100101110110
11100110100100111011100010111000
00000011111010111111111011110011
10001001010100111001011111101001
10001001011111110101101010011001
00011011111001111010011110001011
00001000000011100101110111101101
01111111001010110101010101011000
11011000110011011100100110010101
10001101010101101100001100111110
11000000000110010100001100111110
00111010100100100101000100010001
10110100100000101110100100011000
11100110101010111000100010110010
00000000001010010011110010110111
11111111011110100000111001001010
01010111001010010000100001000000
11000000101100011111010010110001
11001000100011000100100100100100
11001101000010011000011000001100
10001011011110100010000100110100
11010010000111010011011101101001
11000001010101010011010111101110
00010010110001011000001100011101
11101110101101110110001110010010
01000001100101101001110100001000
11001001011101001000011101001101
00001100101111010100111000101011
01011010110001100100100100101100
10110010111000100000011001001011
01011001111011011001111011101010
00110111001111110001101101010011
10000111110000000001001101011001
11001010010111000111111101111001
11101111000001011111100011111110
01010001010000011010111000110110
10100101011101000110010001011001
01100011100100000010101000111001
10100111010000100110100010011110
01000011101101111111000001100101
11011101010000110001001001011011
00101110110011001000011111010101
10111011000110101001111100110101
01110111111100100011001000001101
10010111010000011101101011000010
01011101100001101100001001010110
00110010101010011000000001110110
10001101001000001001100101011000
10010101000000010100001010010010
01101001111000010110000000111010
11011001010101001110101010000111
10101110101110011110000100001000
00100111110110101011110110010111
11100011110100101010001010011010
11100011000011001001110101100001
11011100010000110011010010101010
01110100111100111111100000101100
11011110011100100011111110000000
01100010010011101001100111100100
10010100010100100010000101101110
10011000010010011000100010011010
11100100010111010010100100100101
01001000101000001101110110001001
01011011100011000011110011101001
00010000011101110001101101000011
01011000111010111100010100011001
11110001101011011101000110111111
00010100101100111010100111110011
11011110001100001100110101111011
01011011000010001111110010101000
11101110000100000101011010011010
00111000100000000110010100001001
01111001011010001100101110000101
01110111011111111110101011001011
00110001010011101000101101001011
11110101011001110111001011000101
10100101001001010111011111010100
00111110011110010000101001000010
00001100011010101010010011100000
01100110110101010000001100111010
10010110110000001000111101110011
11101110110000001001101000110010
01011111011110101100001110011111
01101110010000000011101100011101
11111011101011100000011010111000
00011000001000010101111100111001
00010011011000111110101000001101
00110001100100000100010111001100
00000101000001100110011111011101
10101011000010011000110110010011
10011100111110110101100001111110
11000001011100110010001010100010
00101111010011011100011111101000
11110111011100011011011111000010
11010100100100001110101011111000
00010100101100010111110010100101
00111011011100110100011001101110
11101101100000000101011001001010
00100101010010000010000111001010
00111100110011110101000011000100
10000110001000010011100111000001
00011011001010011100000010110011
10001110001111110011000000000011
11011101000100000001000010010101
11000100100111110000111010010000
10100110010010101101110111000111
00010000101111111100111011101010
10000001000111111110001111001001
10010100111011100011110111111101
00101011110100110101100010110001
10110011000010101010111000011100
10101111111100100110110011100000
11100001000000100110110111000111
00101110010011010000000010110001
10100101001111101100111011001001
00101101100010110011100011000011
00111110011110100101001000011001
11011101100111110111110100010000
00011101001111111001100100111001
00011000110100001000100110101010
00100110011111000010010111011111
11110000101011011111111010010111
01100010011110101100110000000001
11010010101111011110000000010101
11000000111000010000101111011100
00000110010000110100001000110001
10011001111101000111011010001101
01011001111111100101001000001101
00001101110111001000110000111101
10100100100111011001101101101101
00001111110100101100000000011001
11101111111001111010110111000001
01001110100111011110100010000100
11011001100011111011000001100101
01001110010111100001001100001110
11001100110101001001100001001111
10001101111111010001111001110011
01111001000001100101000111100010
11001000100010010011101010010010
10001100100110011100001000111100
11111101011101000011101010000000
10110001110000010001101010010110
01011101011111011001101101100000
11110001100100000100100011101110
01010110000010100011101101100000
00000010010110111000010010111100
11011000010111101100010110100101
00000011000110100110111010100110
10000101110001001110101100100000
11111101001001010011101110101111
00110000010110011101000101100101
11000110110100000111001000101001
00000010000100001010101110011001
00101101111010101100011110111010
00000001101100011101010001001101
00110000111101001111101000110100
01111111111111110100000101010110
10000011001000101101100101000011
11000010001110000111100010000110
00011000111001000111111111101100
01001110010110001001110101100000
10010011111000000110111110001100
01010111001000111111100000110111
01001111111101100010101000101110
01101011100100110011111110101110
10111010111111111111100100010101
10001111011100001111101110111011
00100110000001111000100001011011
10000100011110110001000101101001
01110011101101001011100011000110
11011100101101001000111110110011
11010000000010111011101111110110
00000011111111110110110001000000
01110000111100011101110010010011
11001011100000000110100100110001
00001101110101111000111011001111
10000010101001101001100010110011
00101000000100100001111011100001
01110110011001110101000101011101
00110011010100100001110011010011
11010001110101010100100111110001
00001000111001100101100010111000
10111101111000011111000111110011
11111101110111000110100100001110
10001011111010011000001100111000
01110011110100111111010011110110
00111000001101011110001101010011
00111000011000010000111000000110
01111101000000111111001010100101
00111101010110000011110011101110
01111010001000101111100100110101
10100000100010100010111010011001
11000010000100100100001011101011
10010101110010000010001111000010
10111101001001011010111101001100
00111101000011001111110011011110
11110110000011000100000101000101
11000110100100000000000101111010
00101101101010010000100100111100
01011000000101001110000011111110
00001000000100111010001001001000
11111111010111101001010010001100
11000010000111101000110010000110
00011001001011110010101101010001
10011011010111111111110001101000
10111000100010011011000000000101
00000010100100110000110110110001
11011001111100010001101100010111
00010010011001000000110101110111
11000100100001000101010111110010
01110010101100111001010111001010
11101010000111010100001110010001
00010011010110111001000100101010
01100111111001101011111010100110
00011011000100100111000010000001
11001100110001111110001010100111
00101100011011100100010101110101
10100001010101010101010000000001
00101110111111111101010000000100
10101101011001011001000100010100
00100010111111100011110001111101
00101000000111101000010000111110
11101001001101101010100101010001
11001000111110010001000101011101
11100111111000101101010101011011
01010100001110111011010000000111
11101100010011000100001100000111
01100101101100011110100000100011
00101010110100110111110010010111
11111110010111000010111110110101
11000101110000001100000101010010
11011110011101110110110010010011
01111101010000110000101111001101
01110001110101001000110001110101
00000101000100101100100111010001
00001001110111100000100000110111
01011101000001100110011101100110
10011101001011101000111110100010
00100110001100101011111101111011
10100000100010001011100011010011
01110111011101111000110011011001
01111111101001111011101101000111
00100101010101111010110100000101
01111101000100011111000011101001
10010111101011110110011000111110
11111011010010110100000100110110
11100100111011110001110000000111
01111100110111010111010010001100
10001010000111101011000000100101
01000001111101010100010001101010
10101001100111011110011111111111
01110011100110011110111111110110
10010010100111000100100100001111
00000111110110100001110111101001
01001010001010110000000001111010
00000011100001001100111010101101
10010100110100010011111101110000
10111001010000011110000010011110
01011111000101111101011110111110
00111110111001101000110111110111
11101110101100110000110000011100
00111001011101101001111001011011
11110001010101000111010011111111
11010101100000000000000011011001
00001100100100000010011000111000
10011001010000000010011010010011
11101110011011011000110101100100
01000000101001001010111100111011
11010111101001111101111000001101
11111001100110111000111100101110
11001110110110000111010000011011
00011100100001000101001000110011
11101111010110100001010011010100
10011010010101110010111000110110
10000001110000111011111001000010
10001100101111111011001000111111
01100100010111110101110100001010
01111100111110110010100011001110
00101011011001100000111011010010
10010100101001111010011110001110
11101010000000011000111110010111
10111100101101101010100000010010
11001110011110101000011110100010
11011100100010000010110100010111
11111101100011000101001110011100
11111010010010011111001001001100
00010010111111000111110011010101
11010001110110010101011100101111
01000001000000101110011100101101
01011101001010011010110111001010
11110001110011010000110000000101
10010010110111010011011000000100
01011001111100100100011011111011
00101001101111100110111011101110
00101101011111001101100010000111
11011011100011101111110100100100
10110011101101100001011111100100
10110100010100100010101111101110
01101000100010110000000100100110
10110010001010000111111011000110
10000100011111101011100101110011
11110001101111100010001001101101
00110001100111100100101001001010
10100011011101101011001100111000
01101101010101101101000111111110
00011110000000111010110101000110
10101010010100110000100001100101
00100110101100111000101000001111
10100011110010001010010001011011
10000001001110011100001111101111
00101111011001001110011011100001
10111100011000101011100101011000
10111111110000100110111101110101
01101011001101111001000110010100
01100110110101001001001111101101
00010011011110001001010011010001
01101000001101011011011110110010
01001110011111101101100100111001
01101011111010111010011000110001
00001011110111101001111011000000
11100111110011110100111010111111
01100001110001000000000010101000
00111011111010100010101110011011
10001011100100100001110011000010
11101010010001101111111000000110
10001110011010010110011111000010
01110000001110101000001100000110
10101111000111101011010001010100
01010100101011010011000101110001
10011001101110110100010011101010
00101001001011010101110010010100
11000110001001110011000101001110
10101001101101010010110111011100
00101011110011010000100000110001
11110001001000011001100110110110
01001100110011111010011101111000
01011100111000101010100010000100
10111101000000111100110101110110
00100111010100000111000100111100
00001011101000100111010111011011
01011111100010110011000100000011
11010001010110011100011011110100
01111100010010000101001100111100
01111110101101110110111010100110
11011101100101000011011110001111
10101110011101111100000100111101
10111111100101000100111110010001
01010100111010011011111100011101
01100000101001001101011000010010
00000000110010101011001101110001
00001001101000101000100101110001
11001111110101110010100010101000
11101011000001100100111111011010
00011010100001111000001001011010
10001101001101101010010111011001
01111001110011000001010100001111
00011000101000100000101101000100
11110111000101110010111010001110
11000110010100001000000101100000
01100010100000110110011111001100
10100110110110101011001001111010
00010001010110010110001110101111
11100010100100100111110011111100
10011011000100010110100001001101
00101111111101110010010111011110
00001111101001010001011011001110
01010111010010101110000010100111
10000000010111110000001001111011
00001100000110101101001110001100
11111101101001101011011110100110
00010000101111111001001111010011
11011000010111000110011111100011
10010011001011101110011011011111
11100110100010111100011011111011
00100101100111000100110010010011
10010011000001110010001101011110
10100000011011100110100011001101
10100111001101100000100000000000
00110000011110100000011100101000
01deg=19937
deg lcm poly = 19968
weight = 9453
10000000100000000000000000000000
10001000100010000000000000000000
10001000000010001000000000000000
10001000000000001000100000000000
00001000100000000000100010000000
00000000100010000000000010001000
00000000000010001000000000001000
10010000000100001000100000000000
10011000000100000000100010000000
10011000000000000001000010001000
10011000000000000001000000001000
00001000000100000000000000010000
00000000000100000000000000010000
01011111101000000001000000000000
01001000111100100001000000000000
01001000101001110000000000010000
01001000101001110000000000010000
00010111000001110101111110100000
00000000010101010101100011110000
01000010010000000101100010011010
10100111001100000101100010011010
10100111011001010000011100111010
10100111011001010000000001101010
11100101001001111110100001000000
00000000011010000000011110010011
10011010001111010000011000010010
01111100101101010000011000001000
11001100100101011110111001001000
11001100101100110000100110011011
01010110101100011100111010011010
10110001010001110000111011011101
01001001011101010001111101011100
00001101111011001001011111100101
10110010010010100101000101100100
11100111010000111001000110111001
00010000100011101101100100111000
01010100010110110100000010000010
10100011010001101111000110111000
11100001100100001111000000001111
00110011100111010010100100001100
00000001010110000011010001011010
00101111010001111101011100110100
01111001010000111111001000101101
01001011001011000011100110000001
00100111000101001111100110000010
00110000101101111100110111011101
10010010100101010000011111110001
10101110111101001000100000110100
10101101101111110110011101011101
11010110011100110110010110011010
11100110111010001101111111001100
11100101000111111101010000110100
11011111010011100001010101001111
01010101100011111101001110010001
01111111010010100000000010000101
01111000001010000010101101011111
10001101011001011011001000111110
10010010111011101101011001010111
00010000111001100011000111111011
01110111010110100100111110010000
01100110000011110001101001101111
10111111010010110011001000010010
00001111001110111000100111010100
10010110110001011010101110000011
11011011101000111111100010000010
10001111010001101000000000000000
11011110101000101000000111101000
00111001110000111000000110111100
01001100101100010111111100000100
00001011100001100011000100001101
01010110000100110111100110111111
10110000000110000001000100100100
00101111111101011111001001000010
00010110100010000011000001010010
01110100100110011011111101101101
11101001110001101011001001110011
00011100111000100000001000101111
00000110000110011101110001010101
00101011000100000010110101110001
11011110000110101101100111100101
00010010100000110110010100000101
01011111100000011101111011000001
01111011010100010100101111000110
11100110001110101111011101100001
10110100110000111010001110100111
10010011100010011101110110101010
11100010101011011010101100010110
11101100011100011010011010100100
11011100111111000101111010011111
01101001100110000001111010001011
01001000011010000111100001110001
00101110001110111111101101010011
10101100001011100111101001001011
10110101000100001011001101101010
01111011000101111110000001001110
00101000001101011001000111001011
00111101011011110010000010101010
01101000101110111011000101110111
01111111000011010110110100101010
00001001001110110010010000000110
00110100101110101100000101011001
00100111011001000101111100100000
00101100000000000000011111111011
01101001110111101111100101000011
00010001011101100101011011101111
11000011001111101110111010111001
10000001011101110000001011101100
11010010010011111010000001011001
00010111001000010111111101101101
10000010111101000011111000101101
00001000101010101011000110111110
01110100110101011110000000101110
01100100111000001100110001111100
00101111110001101011000001110100
00010010111011110011110010000110
10110110101110010001101101111010
11001010100000000000101111101100
01010100101000010100011110011001
10101110110110111101010010001100
00001010011110001100010101101001
11100100000111000010111101011111
11101101101101111001000110001111
00110110101111101101110110100010
11010111000100001110111111110100
11000111101001011101100100010100
11101000000100000111010011111110
11010100100110100011110011010011
11101000110100000100111001001000
11010010011001101000110001001101
00010110010011010100100111111011
01010000001011011110010000010100
11011000101011100101010000010010
00100000000001100101000100010000
11111110001010101000100000101011
00110001100100111100111101011001
11011011110010011000111100100110
10000111000001011000111101110101
01110101011001100010011000101111
11000010101000011001110001110000
11011011001111111100000110001110
11111101101101010100111001000011
01000101110011011001111100100111
10000101001110111000001101011101
10111010100000000011110010011111
01010001010001010000010000111100
11100001111000000011010010111001
00111000010000110010100010010010
01100111101110011100111001001001
11111111110101000000101101001101
10110011010101010110111001111000
01100000100000010011111100110011
10110101110101101000110010010100
11100010100000100001110011000010
10010111000011100100111110110001
00010001110100001110010100011100
01011011101101001000100111001011
00111010010001000001100000010001
01000101001100000010111110110011
00100110000011001010101110011101
01110001110000000010111110000001
10011011000110000100101111001011
00111110111000101010110111010001
10101110110001101110000000100101
00001110011010000100101111100011
01101011101101000101101001001000
01101110111100001110001000100101
01110111010111010111111111100011
10010101001010111110110110011001
11110101010000010001111000110011
10011111001000000010001011100101
01101111111100000011111111111100
11101010010101101010001111100001
10001010101010010000111010111011
01100011011000001100100011101001
01000000101111011110111101100111
01001000000010011101011011001000
00001101011101011010100001110111
10001001000010101100000000000101
10101011110100011001110011111100
00111100101101010010100111011010
01110100010000010100110111101000
00011111011000000001110011010111
00011110001001010101011110110010
11100111011101111011011101111001
10111101010011100111011110110101
01100110110110001011010010101000
00111010110101101010000010000101
00101101000010100000011000011001
01000100111101110010000100011101
00010110001010001110101101010011
01110001101110111101111010000101
10010010010011100010001011101010
01000100011101001110100111000101
00111101011101111101101100000100
00101100101100100111000111000100
01110110000010100111000000100011
00001111101101010011000001100111
01010000101111010100000111110011
11010101000011111001011010111010
10110011000000010001011111001010
00111100011111010001110111000100
01101011111011110010010110011010
11101110001111100110100100010101
00111101100011110100100000011011
01100111101000111100011110101010
01011000100001111010010100100110
10010001011011011111100100000000
01011110100001001111001111110001
11000101100111100110111100010100
01001101110010111000000101011000
10001001101111100110101011100010
00101110100101110101111111010100
11100100010000110000000110110111
11101001111001101100010110010110
00001100111100011010101111011010
01101110001010111100110101101111
10101000001110010111101110000011
11011101011010001001100110101010
00111111001100101011011000101001
10001101110100100111111111100110
11101000000010101011010111001000
00101101101001001110101001000011
10001111000001011001101010101000
10011011110101100100010000001111
00000001000010101111111010001001
11011111001101011110000100110111
10011000110001101111100111110111
01011110000011011000101100111001
01101101001000111110011011101111
01011111010101101101010001001111
00001101100000011100011000010111
00000111101001111111000100100111
10111110010110010000111111000110
10000011001010011000111111110111
10110101010101001111100101100011
11110110011010010101100101101111
11100001101100000010100001010110
00001110110101111001111111010110
10001100001010101000111011110101
11011011111111001101111010110101
00100111011110011100111101101010
10011110001000100001001110001100
10001100111100110100010010010000
01010001101010011111011111101011
10110110001010110101100000100000
01110011011111010100011000111100
00111110101011100001010110001111
01010011101110000101101100010011
00111100000101110010011010111001
11100000100100011111110001000011
01101001101110011110001110010100
10110110001001100000011000011011
00001111010110010111100000010010
11111111001000100111000111100000
00111110100001011100000111010011
00100001110001001110011000001110
11110010010111010010110001000010
10101000011111111001011010101011
01100110011001101010010100011001
00011111000010111100100000110001
01111101100011101101110010011000
01001001011110011010011011010001
00000111101111111111101001101001
00110110001011011110110101110011
11010011000011001100110100111001
00001001100001000110000011101101
11111111011110100000011111010111
01110001001101010111100110000111
10010101001101001010001000101100
10001110011001001111001111100011
00011000001000110011000100010000
10010011111001010000011111011111
10100101000100101110001010001011
10111111101010000100010000111001
11000110110010110101011001000000
11101111101011100100010111001100
01101000100001110001111001011001
00100100111101011010011001110001
10110010011100101010110110100110
10100001000000101101100011001110
10001011001110100010101110111110
00011011100001110110100100010100
11110111111010010111100001010100
11100100111111010101110111001111
11101001000111000011000110010010
10110010111010011100110100000010
11111000001000100011001000100011
10111111010111010100001100110000
01110110010010010101100101100111
10110101011100001101111010000000
10111110000100101111000001000110
11000101110011010001001101001010
01101101010110010110111000111000
11110101011100110011100100110100
11011111110010010000110111000101
10000110100001010100001100010100
01001011000010100111101100000110
01010111111011100010110110010000
11100100110100110001001000000111
00010111110001011010001100001110
00101100111010000100010011011101
10000101000000110011100111100111
11001010101101011010101001000000
11010111101111111010110110111011
00000100101100010011010001101011
01101000110100111000010010010110
00100100101110101111100110000001
10011010100000101001000011101011
10101110001111100101101001100010
00111000000111100000001100011111
01010000111010011101111000111110
10111101011010111100010000100001
10110010010100010111111000011000
00101110100111101111001010010100
00101100110011100011100001011001
00011101111001000011011101010101
10010101110001001110101000111101
11100100001111010000011100111011
01110111100101100100010100011101
11011110011101001110101001101101
10010001011000101110000110000100
01010001100110011110000110101101
01000101100001001000110101001001
11110000111011000110000000110010
01011110110111100111010101000100
10101000111110101011100101010000
01110000000100100101000001110101
10010000111001010000110010100010
10110011000010101111000001111100
11011100010011000010101100001000
10011101111100100100111111111001
11101111101111001111010111000011
10000111100011000111000100110011
10011101001010000100100011000100
00000001011111000011000111010101
01010011000110011111011000000010
11010011111001010110110011110010
11101010000000101111100100000010
01111000111101001000111010000011
00011101111000100011100010011110
10000000000001011100100001000101
00000010010011001011100011110010
10000011010000010111100101100011
10111110101101001000111010100100
01101110111001001010000010111110
01011011111100001011011001111110
10010010110000001101110001010011
10101001001100011110101111010100
11011100100101010100001100011111
01001010000010000001101111101000
10100110011101111101101011001000
10101100000100011010001000010111
11000000101110001110011001111010
00111110111011101000101001110100
10110001000000010001101101100010
00110011100001001111010001110101
01101001110110110110011011111111
00110011010111010011110111111111
01101001101100000010000001011100
01110100011010001000000011000001
10011101011010010111111011010101
00000010111011100101111011101100
11101010100000111000101100001100
00001111111000110100001110101000
11100011001001110000100011100111
10000111010010001000111111011011
10111111010101011101101110011001
01000101101011010100110101001010
11011011000011101001010011111010
00011001110100110000010101100010
01110111001011010101010000101000
01101001111101100111000011111011
10011110100000101100000000110101
01111011101100111111000110100111
11110100011001110000111100110100
01010001111110000010111100011101
11000110100010011111000111010000
10001000101000000110011000011111
00101100101010001001110011000010
00010001011100100110110111111010
11011111001101000001011101100011
01010100010100000000001110011001
00100100111100011000001110000111
01000011100111100010111011000011
00111100101000110100010111100001
01101100100010101110111100101100
10010100111100001110101111001010
00110100010100100110101011111010
00010001100001100011111001010100
00101101100101001100011100010010
11011011110100100000010001001111
10010011001110101001101100001001
00100101010001011110101010011100
01010100111000110111010101010110
10111110110101000011111110100011
01110111111100111001011100010010
11011101001110001101101011111000
01010001111111101110000110111010
11010110100110011010001111001111
10101001111011111100110000011101
01000000000110000100111010011101
01011101111010100010100100001010
00110000100111111001111110101001
11110000110110001110001000111100
10011100110001001110101110111100
10100001011000100010010110010000
11001100000100111101000000011010
11001110001100100000110010111001
00011111101110111011000101001110
01110111011111011001001011111111
11111000111101011011010000101111
01001111101110001101001011001100
11101101101100111101000101101011
01100010011110000000110101100110
10010100111000011100111111110011
00101010101100111000111100010000
11000101010000110000010100101001
01101000010001111000011000001110
10101100011011101110000100101010
10010111110001010111100001101011
00110111010110010100111111011001
01010000111111101111111101011011
11100101111101110011101100010100
10010011010110100111101011100011
11100011110001110010010000001110
10101010000010100011011100000011
11110011110110111001110101011001
10110000000001100011010011001000
01001010110000111010111111101111
01011011101011110111011100100111
11100101101010110000110001111000
10100000101101010010011100010111
10100001011101011011111001010010
01000010010010101110010000010011
11000100011001110011101000010000
10111101000101000100010100111100
10100001001110110111000110110000
11110001111100001010110011010000
11110101101100001001111101111101
01010011101110111110010000010011
01000010000000100110101000110000
00110100010001010000001000001110
10000111111011111010101010110010
00100001100101011111010101011000
10011110001100111110000100100110
10100001100000011000011111000100
01010010110000000000100111101010
10110001100010111101011001001010
10101011000010111011001011011110
10111010101100011110011100100011
01011101111010000101110001111100
11001110011001000011100011010000
01000010011110001001000111001010
00100110010000010100001100001001
00111011001010101101001100010100
00010111110110100100101011110000
10011011101000011110011011000100
00010111100100001011110001111101
00100100010110111110110001010100
01100010000110000100011001101110
11100110101000110111011101011001
11111000101101111001001100101111
11001111010110001010010010000100
10010100100011010111000110110111
01011100100101000000111000100001
11010010110010001100101000001010
00011111000011010100101101101001
00111100101010101110000111001110
01101001001110111001100111001001
00011100001010011010100100010000
11010000111100000110001011110000
10001110101000001011001000110110
11010011111000010110011111010010
01111111110011100101011101111101
11000000001000010101101000100101
01101001010101111000000101111011
11000011011011000001000010100110
00101000100000110000011011101111
10011110001000011001100000110011
11000000000111110100111110000111
10001101100111000010010101000100
10011101001101011011110100100001
11101011100000101010100101110010
00100110110111010110010010110001
01100111001000110100101000101010
00101000000010100010110000000010
00111010101011001101001011101000
10000000111110001110100010101010
10011111100010111100000011111011
01010001111111011101111110111110
01111110110011011010001110011111
01111011111111101111110011101001
10110000110110011011111010100001
10111010101111100110011010111110
00011110001010100000010001100110
00001110101000001011111001100010
10011100011001100110010111110111
01111100010001110001101110000101
11100111110010101001000111110001
10011101110010110100101110000010
10111010111000011100000110000101
01110010111011010110011010011100
01100111011111101000101010000110
00010000011011010000010011100001
10110001011111101000110111011000
01100101111010110011100101010000
10101011111110111000011101111010
01001110000001111101011110001010
00110000100011110100000111110001
00011001101111001110000011000101
10000110110101010001001001101110
11111001111001011110011111011110
10111011101011110010011010010110
11000011001100011001001001111101
11111100000001010111011111011001
11111100000001010000001000100000
11100000110110110100100111000001
11010100110111100011011001000110
10011100101101010111101000110100
10010010001010010101100001110000
00010000100001101100100011010000
00010000000010010111101000000010
00100100101001000011000011100000
10011110001000001110100101000000
10101010010011110010101110010100
01010010001101001001100010110000
11101100111001011010000000000000
11110000001001110101110000001001
00101101111000101010011010011111
10010000111010111000000000011110
01100001011111011000101100000100
10011111001100000101100011000011
10010001000001110110010100011100
11011110111111100101001001000110
00001011101011101100010110000110
00111100111011011001000100101011
10110010101010100111100011001100
00111111001111101001010101011001
00100000001100010100011100000011
10001001110011100011000110000110
01111010011111111010110100100101
11110101001111111000111000101100
10001000011010100001100100100010
10110100101001110101101101001011
00000110100111101110110110001101
00010110100010000001001101100011
00101100111010111110111101001011
01011010011000001001001111010001
11010100110101110110010111000010
10011110010100110011011001000010
00111111110001011110100111111111
11000011001111010011000111100001
10101111000111110010100110101100
11000011010101110000100100001010
10001010100011100001001011011111
01111101110100111101110101110010
11101101011010101101010100101000
01100001010101100000101100000000
11011110010010000011010011000010
01011101100000000001110111110100
11100100010011001000100010000100
01001001001100101011010000101111
10000000001110100011001100100101
11010000101101001110110011110111
00101111011101010010111111100010
01111110000111001101011011001110
01110111011100000011110111110010
11110110100000100100101101011010
11010011001011110110001011110101
00111001110001101000000010001010
00101110010010011010001000010110
01011111010011100001100111110000
10110001001000100000000000000010
11110001111100000110000111011010
10011110100110110000001000000101
01011100001001101001101101011110
10100110000100101010100110010010
11000001110001000111101011100101
00010000000000000000000000000001
11010001111100001000001011001111
01100001101001110111011101111001
11000101100001010011000001010001
11010001110111100111111011010111
10100100110001100100000000000000
00000000000000000000000000001011
11111000101111011001101110111011
11101011110001000111001100111011
01010010110101000001011111011001
10101011111011110000111000001101
00110001110111111110100000000000
00000000000000000000000111111110
00001001101111110000011001000001
00011011000001101000111100011010
00111111011100111101010111100000
10001100001011001111011100101000
11000000010000000000000000000000
00000000000000000000000000001010
10100011000011101101111011100100
10100111011011100011100010101000
11000100101000111000010111011001
10111000111111100111100111000000
00000000000000000000000000000000
00000000000000000000000000000000
00000010001011000010111110111000
11001000010101111111001111011110
11010010011011110010101000110110
10101010000000000100000001000000
00000000000000000000000000000000
00000000000000000000000000001000
10000111111110011100100110101111
10011111010100111100100110100101
00011010101011000000001000011101
10011001100000000000000000000000
00000000000000000000000000000000
00000000000000000000000000000000
00000101010101010110001100110011
00000101010101010110001010101011
00000001100110000000000000000000
00000000000000000000000000000000
00000000000000000000000000000000
00000000000000000000000000001010
00000000000010100000000000001010
00000000000010100000000000000000
00000000000000000000000000000000
1deg=19968
deg tmp = 31
52 bit k-distribution
k(1) = 19937
k(2) = 9967
k(3) = 6644
k(4) = 4982
k(5) = 3986
k(6) = 3321
k(7) = 2848
k(8) = 2491
k(9) = 2215
k(10) = 1993
k(11) = 1812
k(12) = 1634
k(13) = 1153
k(14) = 1153
k(15) = 1153
k(16) = 1153
k(17) = 1153
k(18) = 989
k(19) = 768
k(20) = 768
k(21) = 768
k(22) = 768
k(23) = 768
k(24) = 768
k(25) = 384
k(26) = 384
k(27) = 384
k(28) = 384
k(29) = 384
k(30) = 384
k(31) = 384
k(32) = 384
k(33) = 384
k(34) = 384
k(35) = 384
k(36) = 384
k(37) = 384
k(38) = 384
k(39) = 384
k(40) = 384
k(41) = 384
k(42) = 384
k(43) = 384
k(44) = 384
k(45) = 384
k(46) = 384
k(47) = 384
k(48) = 384
k(49) = 384
k(50) = 384
k(51) = 384
k(52) = 383
52bit D.D:   6509, DUP:   35
