mexp = 19937, maxdegree = 19968
filename:resD11.19937.magi03.061104.03.txt
POS1 = 173
SL1 = 17
SL2 = 5
SR1 = 4
SR2 = 8
MSK1 = fefdf5b7fbfffffb
MSK2 = f7fdfffbfbffffff
deg poly = 19937
11100111001010111010111101100100
11100101110110110110110001011110
00010011101011000000101100100100
11101100010001100100000001001001
11010101011110010000110010011001
00000010000001001010110001001011
10111011110110110000001001100111
10110110011110100010000110010100
11111000101010110011101010011111
00111011010101111010101010010100
11010010111100111001000101100001
10001100011101011101111011110001
00101011100101000111100001010111
00011001011001101000000011111000
11101001111001111011011110110110
01110010110111110111011011010100
01110110000000101011010001100001
10101101110111010100011010101100
01100100010110011100000110001000
00111101000011111001110101010010
10001101101110011100001010111000
01111101010111100111101010101000
01001010011001001000011101111001
01100001000011001001001101000011
01100001100010111101000000111111
00100010100011100011101001010010
01100010011101111001001010000001
11110011000111001110001101110111
00110001011110110010010011110000
10110101010110111010101111110111
10100011101111110001100010101111
00111010000001010100111101100011
11000011100010000001111101100110
10110110011101100010001100010101
11001100000100101110011010000000
11001100001110011010000111000000
11111000110010111101010100000000
11010100011100110001111111100010
10100110100100001100011111100001
10111001010011011010010110111111
11010001010000000001110111001001
00000001011011100010110000001110
00111011100110001111111110110110
11000111111001101111010101100010
11010101010011011100111001001010
10111100001010100110111000110000
10001000011011010000000100110101
10111111100000001101000010000100
11011011001001110110000110111011
11010001101111100110111000110010
00111100001010111101100011001101
01101110101001010011101101110000
00110111000100110011000001011111
01110001101010111111101001000001
00001111110110011000100101011010
00001101001100111111110100011001
00001000101100000001000100000001
11010110000111100110110010010001
00000101111110001110011110100001
01111111100110111100000001011101
00000100011110001001111100110110
01100110111101100101111001100010
00100111111101111110011000101111
10011000110010100100011010001000
00010111111111010101100011101100
00110011100101011000011000000011
00010011100101011001000000000011
11100000011101101000011001000001
10111101111100111101110000011110
10101111010101011011010011001101
01001001100000011100111000110100
01101100011000101111000111000110
01010000001010000010011100001000
01100101011011100101110111100100
00001011000100101000011101110011
00000011000101100000101000011100
10000111110111111100111011100010
00100011101010010100110101001111
00001111000010110010111111001001
10001110110010001101110100111000
01000101010101001110001110001000
01101010001011100001010101010110
01110110001010101101010111101001
00100011010001000111000001101010
10100110000100100111000010101001
00101110010000100010000010001110
10010100011010001000110001000011
11000111110000100000001010001010
00010110010000001000000011110011
11011011010011000011111101111110
11011101101001011110010100000100
10010000110101001101110011111001
01100001011110010110010110101000
00000010001010001111100001010111
00100000101110111110100100100111
10111111001111110101010100001101
10001000000010010110000000001111
01011011011101100110111010010110
00010001011001100100111101111000
10001110000011011000001110111111
01001101010101010100011100001110
01011011011100110101000010001111
01010001011110011010011000001001
01001101101001110000101010011111
10100101110010110111011110110110
10111000001011111011001111100010
00110110000110000110110001110000
10000100100010000000101110000100
00001111011001001101011101000011
01010101000101010110100000100100
01010111010110000000110110100101
10010101111011000100000111100001
00101011101100001101111001100101
00110011010010101011101000011011
10110000001001110011000110010001
00001110001110010000111101011111
01111011001111101110110010000011
11111110001110000001000000010100
01001001110000010101110110001101
00110000101000110101100101110011
11100000011011010100001111010011
01001001000101110010111100010100
00100010110110101000110010010110
01011110111010001000011101101111
10101100101111011111001110110111
10101001011100100100110110010011
00000010110101011110001000110100
10011100001110111111001110100110
01101011010110000111010010001010
11111010000101100100111001001011
00010110000001011000000110011000
11011100001111011101100110001101
00110110100011111010100101001001
10001110111100100010000011010111
00101101010000110000000111000100
00001100010011001010000100010010
01111001111100011100000010000000
01001010111100000110110001010000
01000000001000011001010110110001
00001001101111001100100101011011
01100111110001001101011100110011
01011000011000001110100000111010
11110100110111001011001011010011
00011111010110011011101010000101
01011111011100110111111110011000
01000100100011001100100110100111
01101010010111010001100001011111
01010011010011000000010011100010
00001000111111001100001111100000
11100000010001000110001001001100
00101100100100100000011110001010
01010100000111111101101001100111
01101000010101011100110111100110
10001100000011101110110010101001
11101011011010010111010111100101
01001101100100110001001000110111
00100010001010111100110010101000
00110000111000101100000110011000
00110000110010101001000100111011
00011101111010000101000111011010
10100010001101011010000100000101
01101111000101011010110010010011
01000110110111000111110001011111
11101000101000010010110100010110
01000010110101001110010110110000
11000000010111101111011001010111
10010000011111110000010111110011
01111100101111111001000011000011
10101011111100110100101111000011
00001010111000101001001001010010
11001011000011100110001111010100
10010011001100010001000111111000
10010100011100010100001010001010
00011000011101000101001001101100
11011111110000101000001011100100
01101110101000010001110100101011
01111100110011110101010111011101
11111110101110100011111101011001
11110111101001110001110010101001
11110100111100011100111101110110
11100011101111101111100110011100
00100111110111000111011010110001
11101101011011000001000110100010
10011000001100101111000000101110
01101001111010111001011101100111
11000001011110101111000111011001
00001100010011001100101100010010
11010001010010101011001001110011
00101110011110010000101100000010
01111010101001000001011111110001
10001101101000111011101011001001
00100101011110101000101000001001
11001101001101100100100011101101
00010101011001111111000000010100
10010010110100011110110101100011
01000001111111100000010110000111
01100001100001111010100001000111
11110111001111110101001100110101
11001100100110010000111110000010
01100101001010011110011001101100
01101001010010011000000111011110
10111101001100100011111111001111
11111011110110110111000101011001
00001011110110011010011010110111
11111101100001011101000000010011
01010011100000110100111010110011
01001001010001110010001111100000
10001000000011110100100000001100
01111101000101011011100010110111
00000000111110101001011111101111
01000011011111101000101101110010
01001000001110110101011000100101
01000101100010000010100100001001
11111101011110001010101101110110
00111011111001001110101101000101
01000010101011001100011011100100
01100000010000111101001100011111
01001010001111010001100010010100
11101011100010110111011011101010
11111110111010011011011011101001
10001100001100101100111000011001
11101101000110110010010100011110
01110100000000011011001001000101
11110000110000010001110001010111
01011110101111000111011010010000
11011010110110111010110001110000
10001100010100100111111111111110
01010101010101010101001110010001
01010010001001001111111111111111
10001110110010001110001010010010
01000011110101100110011110011100
00000011010000000101001001001111
10001101000010011001111000011011
10101001111001000101111000111010
00111100010011110101101001001101
00110100100001101111011010011001
11110001110111001100010110101111
01100011110000111001110010001110
00010101110111101011111011010110
10000001100110010111111011111101
01011000111001110100110011111100
10010001000110000010011100001011
10011000101110011010010011000001
01101011111010110011100011100110
00100011110001100101111111101101
11011000111011111110001001000010
01101011111111110010010010011110
01011010110110100111100011010000
11110000001101110110010010010011
11100011010001010010000111110101
01110000110100000010100111010011
00101101100100110111011101100110
00111110100100111001011111110011
00011110000000000011110100111000
11000100011000000100101010000111
10110110011000101001010101011100
00101010001001110011010011111111
00010110101110010101101110011000
00001001110000110100000001111010
11110011010101110001101100001100
10010100010101001001101000100110
01100010000000101111011110010010
01101110110101100110101111000010
01111011010010010011100100101011
01000010001000101010100110001000
00101110110000001001000010001111
10101110010011000000110000001101
10111010100110100111101111111110
01100110100010111001111010000101
00101101001110001010001011001101
00010010011000000000111010100011
10100010100000011100111010110000
11001100110010111110100001000101
10001111011111001111101101011000
11001101010100001000001011001001
11101010000001001010000110101010
01011100011100011001100001001101
00100001101101100111000111110001
00110010111011000000000101010000
00011111110011011011010100111101
00000011100010001000010010011101
10000110110010101000000111011010
00110110101001011011111010010001
10011101101100111000011010101111
00001100100011100110111000110010
11111111000010000001000110011011
11001101001111110111100101010010
10101010110100000000001001101110
01011111101110110110010011101111
11011011000000101000010001000011
01011111100100001010100110110001
01010101101111011100100101110110
01010000101100001000101100001000
10000001110011010001011100001010
01110111011101111011011110011101
11011000010101100110011100110000
11011101100000100110100010110111
01111011000100100110111011111001
10001100011111010011011001110111
00001111001101001100111011000110
00011000111100111010010100011000
00001011110010100000001111101000
10010100001101110110010010010001
10101100111010100000101110110111
10101000000100101110000010001011
10000101011001010001110011110110
10011010100111101011010011011001
11001001111010010100111100000011
00011000011000100100011001110100
10010011011010100110010101001110
10010000100111001010111001011100
00100001100101101010111110011101
01100001011001010011000010111110
11110110101010010010011000000010
00001100100110101111010101000101
01010010011110110111010011011100
01001010010011101011110011101110
11001000101101101011110000100001
10000110010110100010110100011010
11001000110000001111001110011010
00010100010101011001101111000110
11000110111111101000000110010100
10000001000110010110000110100110
01010010110000110010100011101010
00100101100011000000001110100010
10110100001001100110010001010100
01011101011011010010000000010011
00111011010001011001010010001101
10001101010001110001110011101010
01000100110110011000101111010110
00110110000101001010000010000010
11011101000110011111111010001000
01100011100000100110110011011011
11000010111100001100101010111001
01000110100101001000111001100001
00011110000001100101100110100100
10101101000100000111001010011100
00011100011111011011000000011101
01100101101110001111000011000100
11001111010111110011011011110001
11010100010111101110001010011110
10000111000001001001001101010010
11110101110100110101000010100110
10000011010111001011110101101011
11111011001011111110101011010011
10001000111001000110010000110111
01011111111101001011100110111000
01110000111010101111011011000010
00010010011010100001110000000001
01111000011100111101000100100110
00000101100100011001100010101011
11111110011100000110100111011010
10000011111001010101110110000000
00110111011000011000100101110110
01001100011011101011001100000110
01000111001011010011101011111011
11101011101110010101111010000101
01000100011011001000111010001010
11100001100111110111010110100110
10011001101011100100101101000010
11101010111010000000000001011000
10101001001111100111111110011001
01000011100101001111000100110010
01100110100001101010101000110101
10110100011100111100101000001110
01101010100001101111001100011010
00100011110101100000111011101110
00001100001111111111000000000010
00010100000001000010010000010010
00011010100001000000001011010011
11011011111101000111111101100001
11001001111001111100111110101011
10111010111001001101000010001111
11111010001011001100101000000110
10110000101111000000001001000000
01010111110111010011100001000010
10011101100110110101110010110000
11001100000110101001101101100111
11101001010010101111101011101011
10101010110101001011110000111101
10101100001111001011001011011000
11110100111111101110011010000111
10011011011000000010000010000100
00000011100111001101010111110011
01111000100010000011110100001000
10111110111001011111010101000000
10100110100110010101101101100111
10101101111001100111000100001000
10001011000011000111111011001101
00101101010010111110001011101111
11001010100010101000000010000101
00010110011100100011110101111010
10011101010011111010010000001111
11100110100110110010110110010101
00100110011011111000000110110111
10100101001101110001011100010100
10111010101001000011000101100110
00000100010001111110000110011001
00000011010000100001100010011001
11100111100110011100001111101111
10011000000111100010100110010110
10110111001110011111001110100110
11111110010000000011100000101010
00110001100000100010010110011010
10010111110110011101001111001010
10111111001000001110010010100100
00111001101111000001001000100011
01101000100101001110110100001010
01100011011011101001101001010100
01110010011010001011000010000111
00011000100011011111101010000100
10101000110010011101110011111011
11010001010111001100101000001100
01000111010100110001011110100000
11100001110101000000000000100101
00001111011110110001111011111101
11001110010011001011100000110000
01111001000000100110010110011000
01111111011111001100011110111001
11011010100100111000001101011010
11111100011000011101000011000100
10100010000001111100100111001100
10101000110010000001110100000001
01010110000100101101101111000101
00000001001101111000111100110111
10101000110100110100111000011101
10110000111011110100100001001110
00000001010001110011011011100111
00000001000011100111000111111010
10101100111011100111000101111010
00100100001100000111100100111001
01111001110100111001011011101110
11110110011010001000111110001110
00001101111001010000101110110100
01100110001011100001101010111111
11010100101010110000111100001111
10100111100000010110010100000100
01001010011001010111110000101001
01101011000100101101100000110010
11110010010101110000101001111010
01011010100111000010000110101000
00001010100110000001000000100111
00011110110000111100001111111110
10111111000110100100000010100001
01000010001001100110000001101101
11010001110001110110001011001001
11110101101101101001000011001001
11011010110101100001010000001011
10000101101010011000000100000111
00000001101111111001101111100101
01110111000010011000000100100000
10100000110101001110100111011000
00011000111011011010100011010010
00110110111111010101001011011111
01010110000100011110110011001011
01101011101001000100110011101111
01001011010111111001011000111110
01100000000001000011101010000101
01010111110111101110110011101010
00011111111110110010001100010001
01100101011100100001001001100001
00101111110101110011001110010001
10100100010011111001110111010110
11011101000101000000100000100100
11111001000001011111101011110001
01101100000111110110001101010111
00011110000110011100001111100111
00110000000111001101011000111000
00001110100001100100011011001101
00110111000000001000010000010000
01111010101001000010001100100000
00101001110100110001001011001011
11011100010001010001110001000100
11101001100111100101101100111001
10011100110001111101111111010000
11001110010101100000011010111110
10110010111110010001000001100100
01001110000010111110101100011100
01111110101100110010110011011100
10111011010100100110000001001001
11011100011110001101001001011100
01010001011101101100110001100000
11010010010100110010110010001100
10101010001001111101111111101110
00110101111101011010100110000000
00100001101000001000000110101000
11011101011100101001010001111101
10110111101101011101110010010110
01111101011100111010011111111000
01000001001110111111100000000011
01001011101101111001000011100101
10011101001000000110000101011001
11101001011000001010100110011011
11010011110001011100100101111101
10011100011110111111111011010100
10100011100011110111111010001011
00100000110001011111001000110100
00000000010011101110100000110000
01110111010000010110100110001011
01100110111101010100111010100110
00001101001011000000110001110100
00011010010000000010111000101000
01011101010111001100111101100000
01101100100000110011101101011011
01101001010100111100111110001101
11000001110001000011111010100101
10010001011111001110000110101000
11110111111101101011000110010000
11011001000100010011110001011101
00001001010110001011100101010001
01110100100000110001111111000001
01110000010001111010011010111001
10101010101110000000000001101110
11010111110001010001101101111010
10110101011110001110110101110000
01100110101100011100100111000111
01000100001100010110110001110100
11110110111011110110111110110000
00100000101101001000011011110010
10000100110010011100000101000110
00110101110101100110010110101011
01010010110111010011011111110011
01010100101000111111010001111011
10111011000001101100100111100111
00010111100000110000110110001011
01000111000110000010001001110100
01000010101110011110000001010110
00001010000001000001100010011101
01011011111001111001111001111001
01100110111011111111100110111100
00000100101000100100111001100110
01001001100010011001010111010001
10011100001111110000000000001010
10101001110011100001011001001000
00100010101110001101011001101110
01100010010011110011110011101000
11000111111000110110111001100100
10011000001111100010111100111100
10010000100100010110010101100011
01101111010001010011011000110000
01011110011010111100101001000010
00001000000100011101010001011001
11111001011001100001001010101111
10010111101101000110010011001000
11010001110001100101001011011001
11110110011010100101101110010100
00111001000010100011010010100000
10010101101110011010000011110001
10011110110110100010001001000100
11001001011000100101011010110011
11111010111110010001100101010100
11110011001100000011000110010010
00110000011001001010011100110101
11101010111111001011011010001011
00111010010100000111000100010111
11100011001011111001101000101011
00111100101100111111111100101001
01010100010010000110110010100100
00010101110110000111111110110011
10010010000111100010001000000110
01010101011100101101101100010100
11100001111101100001001010110011
10100010011111110101000011101100
11111010100011101110110101010011
00011011100100100111111110101101
01000010010001101100010101011001
00100101010100101111011000001010
00000011011000001110011011101000
00010011100101101111101110010011
10111011101101010001001101010111
00101111100001010110110001100101
10111111000000000111000010101110
01110011011000100001111100011000
11101001001110010111100110011101
00101010101010010101001011101000
10001010001000001110101110010001
10011011001011000011010111001101
11110110010111010011111011111001
00100010001010001100110011011011
11100101011000001100110110000111
00000110011110001100111000011001
10101011010001001110001001111011
00111011111000000100011001000000
10100110000100011000011110101011
00111011000111100111001111100001
01011100110001101011110010010011
00101110001100000100111110100100
11000001100001111011111110111001
01101001010001100010001101101101
01010110011110111011110101100110
11000110001000000000010011111011
10000111000000110011110111100100
11010011010001010111000101010001
10000011001000001100010110001110
01001100010110100100011111000011
01100000110111110110001000110001
10101010111100000110111110110001
01111101000100001001100111110001
11011101101000001101111111001010
11111011110001010101010110110001
10010100111000011011001011100100
10000000110110010011110010010001
00010110010000011111101010110100
11101000110011011101011101110110
11000010111111100111000010101100
10000001011101110101001000111001
10001000110100110111011111001110
00101011000001010001111001010110
00000011110000100101100010011011
10110110101010111110101011111101
11110000101001011110011101110000
11000100101010101100101011000111
10111011100011111100011111101001
10110011010010001110010110110011
11101001010101101101101111101010
11011101011101100111000000110100
00001110011111010011100101001101
01010000001010100110011000100000
10010010000100011000011101111000
10011111011100101010010000110010
00100011000101101010000001110010
01101000111101110010010100111010
10001001110111010110011100010111
01deg=19937
deg lcm poly = 19968
weight = 9201
10000000100000000000000000000000
10000000100000000000000000000000
10000000100000000000000000000000
10000000100000000000000000000000
00000000000000000000000000000000
00000000000000000000000000000000
00000000000000000000000000000000
00000000000000000000000000000000
00000000000000000000000000000000
00000000000000000000000000000000
00000000000000000000000000000000
00000000000000000000000000000000
00000000000000000000000000000000
00000000000000000000000000000000
00000000000000000000000000000000
00000000000000000000000000000000
00000000000000000000000000000000
00000000000000000000000000000000
00000000000000000000000000000000
00000000000000000000000000000000
00000000000000000000000000000000
00000000000000000000000000000000
00000000000000000000000000000000
00000000000000000000000000000000
00000000000000000000000000000000
00000000000000000000000000000000
00000000000000000000000000000000
00000000000000000000000000000000
00000000000000000000001010101000
00000000000000000000001010101000
00000000000000000000001010101000
00000000000000000000001010101000
00000000000000000000000000000000
00000000000000000000000000000000
00000000000000000010010101110000
00000000000000000010010101110000
00000000000000000010010101110000
00000000000000000010010101110000
00000000000000000000000000000000
00000000000000100000001000000000
00000000000000100001011101000000
00000000000000100001011101000000
00000000000000100001011101000000
00000000000000000001010101000000
00000000001000000010000000000000
00000000001001010111000000000000
00000000001001010100001100000000
00000000001001010100001100000000
10000000000001010110001100000000
10000010000000100011001100000000
10000010000101110100000000000000
10000010000111001111000000000000
00000010000111001111000000000001
01010100000111101111000000000001
01110100001010111011000000000001
01110100001000000000000000000001
01110100100100111000000000000000
00100000100111101010000000000000
00000000101111101010000000000010
10101000101111101010000000000010
11101000010011010010000000000010
11100000010010000000000000000010
11100111011011010000000101010100
01001111110000110100000101000101
00001111100100100110100101000101
00000111100110100110100101000101
00000000101111110110100000010001
01111111100100010010100000000000
01111001111111100000001010101000
01111001011110100000000100010000
01111001011101010011000100010000
00000110111101010011000100010111
11111000100010110011001110111111
01100011001011110011000000000111
01100010111111000011111011010111
01100011100101110011111100011000
10011010000110110011111101011101
01000001001110110011111101010001
10100010111001110000000110001000
00001111100011000000000001000001
11000111000010000000001000100100
10001100111010011111011110101111
10010000111110100000100000010101
01000011000001011111011111100111
11110001111100100000101000110011
11101101011011000000000001001010
01010010011100001000011100000110
11011010011100110111111011010101
10100000011001001010111110111111
00011111101011011111101100000011
01110100011011100010100101001110
01001001011100111000010111011011
10011011111011100001011000010000
01111100100011110100110111010100
01001001101010100101010101010100
00101110000110010101010101000100
01010111011011000100001011001101
10010000111011100001100011010010
11010101101111011000110100011011
11111110111001100011010110011110
11100011010011101101100011100100
01101000000010010101011011110011
00111010011101010101001010100001
01011110001010010110001010101101
00001010100001000000110111111101
00011101101011010001110001111010
10000001111111101101001011101010
10110111110110101110000110011011
00000111011001101101110011100110
01011110010101011010110101110011
11000000101111110010111101000101
11001111111001111010100000011001
01011010101010000011010010101010
01001001001000010001000101100000
11000001100000001011001101100001
00110100101001101000001100111110
00100111011011111011000101100111
01000101111001110111011010101101
11110111110111010100000001110101
10010111000011000011000011010001
00101111111000001110110101011101
10010000000010001110011001010001
00011011110100001110000100100010
01001101101111100010001110110000
10010111101011111100001101100001
01000110001110111000100100100001
01000100001001100011110100101001
01101010010111100100101110001000
01000011101010001111011000011100
01101110011100011101001010000110
01000011111100110110111110110011
00110100010011000000100111001010
00101011010011011011110100001001
00100100010110000101011010011111
00110100001110101100110100011110
00011010000101011001110110101110
00000010000010100100011111010001
01111010000011001110100110100100
01110001011100110000110010111001
11000101111110110110000011011110
10110100010101111010000100000010
01110100111101011010101111101100
01110101101010010101110011011000
00110100111001110110011100001100
00110000001100110010001111001000
10001101001001010111000101001101
01111001001101011011011101011100
11001111111001111100111111111111
11111000001111000110100001011110
00101110000001110111111100101000
10000001001111000110111111110100
11011001101110001101110010111010
01111100011011011001110110111010
11001001110010000001110011001001
01101000110100000000100100011010
10100101011000101110001101101000
11011100100100001011000101010000
00110110100011000011110111111001
01100000000101111000100001001010
10111011011100000011011001110110
11111110110011100100101110000111
00000110110010100010100110001111
10101000110111001100010101010010
11001111010001011000010101010111
00110000000010010010101010111001
01011101101101110110011000000111
01001001110011110110110000100010
11010000010001100101110110010110
00101111011110000010100010011100
00000101100110101001010111011001
11001101111010111010001011010001
01001000110010111101001100101010
10111101010001000000010110010010
10101000001011110101101100101010
01010101010010000000011010011010
11101001111010010000111101011111
11110010110010100100100111000100
10010011101001010011010011100000
11001000001110010001000110100101
10110110100011000001011101001100
00101100000111010000101010100111
10101110011100101010011000000010
01101101101110000110111110010010
11110001011010001001110110111011
11011111101000010100101001110100
01001000110101010011101100110100
10001101000011011101010001101111
01010111010000111100001100100110
00010000110011111000000100000010
01111001111101111101101011111101
00001011110101000001111010100101
00111100100010111010001111101000
00001001100101000100000101110100
01110001000110110001101100100100
11001011100111001000010110010111
10010100000000101001100000000100
10101110000110011101001000001101
11010010011010111010110110110001
01010001011000110001101111001101
00010100100101001001111010101011
00000111110110101110001001010010
01000110110100001111001100101110
10000000111000001001101010101011
11101101001000010010101110100101
11010001000001100011101011111110
01011001001101101011001110100001
10001110000011100000101101100000
10101011110101100110010110111100
01001010011110111010001100010010
10110110011110001111010010001010
11010010111000101001010010110101
00010100100101011010001101111100
00111010111100011110111110100010
11111010111011100001001010101111
00101001101101000101111000111001
01100101010010100010001100101010
11010110111110110111000100101111
11011010001001000010111011111011
01111101001010100010011110101111
11001010011000011000111101111111
10001001101011100010011011111011
00010000100011011000110100100010
11010001111111011000111110111100
00100000001111010110110110011011
10110110110011011111000100001111
01011111110101010001110101000010
10011110001011100011011000111110
01101000110011111010000001000000
01100000011000001010011000110001
10000110011111011110001000011010
10110001011111011101011110101111
01000111011011101100110000110010
11110001011000110001101101010101
10000011100110000101101000100011
00000001001110111001100001110011
10001110010110100101111010011110
00001101011110011001101101011110
00111100011100011000010101000011
01111101011001001100011000111001
10111001111101000100001111011101
11110101111101001101111010100011
11001100110010100011011001100011
01001001110110100001100011001001
11101110100110101101001011010100
10101010010000011111111110101101
00011100000001110011011010000001
00011000110000100101000111110011
11011010100001111010001010010101
00101100101101011011010000000001
11010111010101101110100101010111
11101111011100100010010010001100
11011101010110010101101011000101
00101010110011100010100110010101
11010110001111010011100000100001
10111010101011010001101000110000
01010101010001001100011101111110
01110110000000101111101110100100
11011011000101001010110111010100
10000110010110111110001011101110
10111001110011001100101110001001
11010111011011000111110110100010
01010101001100101111101110010111
01100110010100100011000111111010
00000001011100010110111111111110
11101001101010001110011100111100
01100110111111011001110100110101
01101110011110110101010111100011
11111010000011010001101010011100
01010011111101101001010011111010
11001011001110001101101100011001
11100111010011111101110100111001
10000001100011110001011010110101
11000100000000011111101110010011
00011001001101110011111000100000
01010011100010100111101100011111
00010000101110011010001011010111
01111110010001100110101110111000
10011111001101000110110111001101
10001110000000010001110001010001
00101110011101000001001000100110
11001001010101011010001001011101
00110011000110001010000110111000
10100010001101110010000010011100
11111011010011011111001010010111
11111110011100011010100011010001
01011011110011100101001011001000
10101001011000001011000001110100
10010001001000000000001001010011
11110101000110110010000101101011
00000101101100111001100110000011
00011000110010001001011110010111
11101000110111011110010110111101
01100000111000100100000011111001
10000011101001001110110111011100
00101011010011011010111101111100
10011011010101110001000010111000
11101010011000010111001011011111
00010101101100111111111001110111
01101000111100101101000000111110
10100101101111010001111101100100
00110100100011110101110101111101
10111100001110000011010100000111
11000101001010000101101000010001
01101101000011111010101011011111
11101000000100111100001110110110
11001011111100010100110001111100
10000001101010110111011111011100
01110011111101110010101010111111
10001010000111101100100110010000
01001001100110000101001010111110
11110000100011100101110001011011
11011000010001100100101011110111
11011001111101100001101001101110
01010110110001011011111101101101
00000011001101111011110001101010
01001010000111010000111001000010
11001111001001111010100001111111
00101001110100110010010010000111
01100110000101010001111100101000
01111000111001101001111000000110
01100111111111101001000101010110
01100011000011100111011011000100
10111100110001111100011110010001
10111011111001110011110011100111
11011101110001010011111000010111
11001001011101001100100100110010
01000101010000010010110101000110
01000100011001110110110101011010
00010100000101110011111001011100
10101010000110000100010111010000
00011111011011011111101000110010
10010000011000101110000111010110
01000010101110010000001110010000
10110111100010010110100011101111
11100101100010001000100010100110
01101100111001000111110001101011
11111010010010100110110110111100
10010001010110101110101110101100
11010110110110101101011001010101
00010110011000101111100000000100
00000111001011010111101111001001
01100101001100011001001001010100
10100101110100011111010011100110
00010001010011011101011100101101
10111000110001000011011110001001
01101110011101111011101100100101
11100000110111101011110001001010
00101101111101010110011001001101
10100101001000111111001100110110
10101011110001010111001110110001
11001101111110010011001000101001
01001110100000100000011010010111
01001111011101010000111111010110
00110100011110000110101101101110
00000011001011110100110001011011
01100110100100110011010101110111
00010100110010101110010110011010
10011100101110000010001100101110
01100111110010010000111111101011
11010010000111000010100011111111
10001010001011111100010011011000
11110000111100100010111010100000
11001110010011100111011101100111
00010011001010000110110111100000
00001001010010100100010100000101
01000111101011011100100111100000
10101101111101110000000101100111
00001011100001100101101010010101
10011011100000101001010001011001
01101000101101111000111000110101
10001100011110000100100000100000
10010001100101010000101111010001
00101001101001000010010100011110
01111111100101100011100001100000
01011001101010100100100111000001
01100101010110110010111100000111
00100101000000010011010001101111
11101110100000111111100101010111
10001111100100011101011010010000
11001100100010110100100010100100
10010110110010000011000100000100
01001111100111001010001000100101
01100111110101100000001111100100
11101000010000010011011001011000
10001100100110011010011101010110
10111011100001111010110101001001
10000110001000011000000101100100
11111001001000001001101101111001
00101010100111100110111110111010
11111011100101000111111011101100
01001101010101100010100110111001
11010010100100100011100101001000
10101111101000110101010100100111
00001101111010100101110000101111
10101100001010111001110111111001
01110100000011010111101010101011
00001010010110011001010110101001
11000010111111111101001110001011
00111110000000101100111010000110
11101010101100001001111100000000
11011010111010001000111110100000
00100000001110110110001110010010
11000111000010011001101101001101
01001011110011110001101110011100
00011100110100010001110111010010
01011010100011000100001011110011
00000100100011100110001111011101
10011111011101110001001101001000
10000101001000101000000110101000
00101110000110100001111000101110
00110000001001000001000110101111
10111100000011101100011000101101
01010001001001101001001011011100
01010010011110101011001011010111
11000001010001100010001010110001
11011001100101001000001011101111
01000001011111001100000100100010
00000001100111110111010000110001
10010010111001100001001110101010
11110101011111011101001011101111
11100011001011001011101110100101
11111011101001001011100000011001
01001011011101010000101001101110
01101110010000100000111100100100
00010110011110100100010101000111
00010010010001101111110111010100
11010111111110100110110001010011
11100000101001110001111101010010
10100000101101110110010100011010
01010011011110001010000011011010
10000100011011000100011000001110
10010100110111100111010010110001
10101101011011001000001100011110
11011010000111101011000010010111
10011010101001001010110110010110
00001111110011010110100011110000
00111110000001110001100011001011
11110000101010001111100001011101
10001110100101000000110000101101
01010010000001101101000000110110
01100110000001101101100111111000
10111101000010110111110000100011
11001111011010111110000110011000
11111110000100011100000001010011
10100010100010011100001100011011
11011100111110000111111011010101
01111000011010010011001100100110
11010101110111000001010111110111
10101100010010001011101010110100
11011101110110101110011000011111
11011110111111011111110111011000
01100111110000011000111100001110
00001001101000001000111100010101
10001011111101101000111100000011
10010110101001100110110101011000
11100000110011010001110001001001
11100100111101111110001110011001
00000001010000001010011011011111
10001101110010111001111000011001
10101100000011100110110110000111
01101101110110100010010011110010
01101100100101011101001010100101
01010000011110100010000110011011
01101111010000010111011000011010
11010111111001001000111010100010
01101101011011010101010011101110
11001111111000101110110101001111
00001101110000111111010000110111
10011111011001111011011000001111
01010111100110100010010101110101
11110101100000000100010011011011
00010011101100101011011101000010
10001010111101010101001110010111
11100000100011110000100100101001
00101010000010100111010101000000
11100001100110000011101111000000
00010001010011000011101010011011
10010011011111010011101111101010
01101000001100001110010010101011
01100111101111010110111000110101
10110010000101110111110000111011
01011100001100100111011000000110
01110011011110110111001000100100
10001100011110010111011011010111
01101100100100110001001000010111
01011100011011001011010110000111
11010110111011111011000111100000
11000011000000101110110001000001
01110111100011101000010111101100
01001000100001111100010110010000
11010100111011000010011101000011
00001101000000100101100111010100
10100110111100101101001100111101
10110000010011001001111110101000
01111100110000001111011001101010
01101000111000110000100111000100
01001010100111110111001010000101
10110001100011001011011011000100
00101010001100011110101010010110
11111010011101101110100011010110
10001011100111110101111110000111
00001000010011000101001010000101
01100110000100011001100010000110
00011010011101010111100101001111
00110010100100001101000101100101
10110100001000110011101010111111
11111011011111100011000011001010
11111111100001001000101001110100
01110101010110001111000001110000
01101010110000110101110101001110
11000010110100111100010101111100
10111100010001011111011001011010
10000010111111010011001111011101
11101011100100000101101011010001
01110110000110110101010111001110
01101110101000111110011111001000
00011110001010110100100001111000
10101011010110000101100111011110
11100101011001011011100011010000
01001011111010111100101001101010
01010011001001101000010000111011
00101100010111000000011111110001
01100000101110111110111110110111
01001011101110111100110010100100
10100011010101100000001101101001
10101010100010101000010000100000
00111011010000111111001011001101
10000101010110110010010110110001
01011010011110010011000001100110
10101000100001000000110010101111
00110100011001010100100001011011
01011011111100000100110001111001
00111101101011111100100001001001
11101010001010001000110001101100
00111111101111000000000111110100
01011110011000001100110101110111
01001101000111000111110100110110
00000101100011010101000011010011
00111001111010010111010100111001
11111010010010110100000011011111
10100011010101110000001001111011
10001110010101110001111111100110
00111111110011100001101001000010
00101101101010011000100000111010
11111100001001111011010101110111
10100100010011101110101001011101
11100010101010011101111000101000
11111100101011111000110010010111
01001010111011110110011101101101
10100011111110010001011100000001
11111010110110101000001101110010
11101110110010001000111100001100
00011000000010100011110110100101
10100011100101010011000010010010
10110011110110101110111100111100
01101110101001010011110110111000
00101110010011001111011010101011
10111010100110110001010101000000
10111100100000111010111010100011
01010111100010100101011101110001
01000000111111000010010000010101
00111111111001010111100110100000
11110001100111000110001111001001
11000001111110000100111101011001
01101100000110010001110110110010
01100100100001010010001101100010
00110111001101100000000010010010
00110010111001001100011100110001
01110110011011010000001110011100
01011000000111011100101010010101
11001110110011011011011111000001
00110011110011101000100111100101
11111110101110101101011000100011
00010100010001100011000000111100
11011001010000011111110111000100
10110000101111011100000001111110
01100001000110101110101101011000
01110001111100100100100101011000
01000110110000100100110000010000
11011110111011100110101100001001
01000010001000010110010000101000
01101110101101010010111000011011
01101010000101010011100001010110
00100001011000101100011010001111
01011101010001000010100100000101
01010001110000001010101110100010
10111101001100101010111010110001
00001101101111010111010110000001
01111111011011101010101100011011
00001101001110110111110001110101
01001001111101011110101110110110
01110011110000010101011000011011
11011001000000010000011001100110
00001111111010011100000110000001
01101000010000111101101110100101
01001000111011110111011011110111
10101111101100001100001110001100
10111101010100110100001001001011
11110011111000110101011110100100
00111000011010101100011000011011
01001000110100111001011101011111
00100010111101111100001011000010
10101010110110101100011000011100
00011111010000101010011110001010
00010100111110111001100101111010
11110101111110110011110100001101
01001000100010001100100111011100
00010111000001111000100000010110
10000111011110001101110001110011
11001001101001010111010100100111
10101110010110100100110011000101
00001010011101011110100001101000
00000011000010100000010101000101
01011110110011001111101111100111
01011101100111000001101110110100
01111111111001010000000110101111
10110011000100111101000011111011
10000000011101101001111000001000
00011111001101100111000101111001
10011010010110011010101101001010
00110110011010011001100101100000
01111100111110110101010101011110
00000000000010100000000000000000
00000000000000000000000000000000
1deg=19968
deg tmp = 31
52 bit k-distribution
k(1) = 19932
k(2) = 9967
k(3) = 6644
k(4) = 4984
k(5) = 3987
k(6) = 3322
k(7) = 2847
k(8) = 2492
k(9) = 2215
k(10) = 1993
k(11) = 1812
k(12) = 1661
k(13) = 1533
k(14) = 1423
k(15) = 1320
k(16) = 1239
k(17) = 1172
k(18) = 1075
k(19) = 769
k(20) = 769
k(21) = 768
k(22) = 768
k(23) = 768
k(24) = 422
k(25) = 422
k(26) = 422
k(27) = 422
k(28) = 422
k(29) = 422
k(30) = 384
k(31) = 384
k(32) = 384
k(33) = 384
k(34) = 384
k(35) = 384
k(36) = 384
k(37) = 384
k(38) = 384
k(39) = 384
k(40) = 384
k(41) = 384
k(42) = 384
k(43) = 384
k(44) = 384
k(45) = 384
k(46) = 384
k(47) = 384
k(48) = 384
k(49) = 384
k(50) = 384
k(51) = 384
k(52) = 383
52bit D.D:   5629, DUP:   29
