mexp = 19937, maxdegree = 19968
filename:resD11.19937.magi05.061105.03.txt
POS1 = 100
SL1 = 15
SL2 = 5
SR1 = 6
SR2 = 40
MSK1 = fffc7fffefdff7ff
MSK2 = ffffffeff7ffffef
deg poly = 19937
11000011000011010100111010010010
11101100111011101110011100000000
00111110001110011100100111011011
11011110110000000000001010010111
00001111000100000000110111110001
00001011110101001111100010011010
00110001110101100011111000011011
11001110000011011010010011110001
10001101010001001111000110111100
10000010100101001011101011110001
00111001100011011000010111101000
00100011010001100001100100110100
11001101110100110110111111110010
00000100011101000001110001001101
11001100110000100010010100100111
00101100000110101100110100100011
01101010011000110011110111100110
01101101011110111111110010110101
01101101110101110101010101000010
01101100001000010100010110100111
00111100101100100011110110101100
10001101010100111111110101111101
10001010000001001000100001101111
11111110111101010010000011001110
10111110001111111101110000100101
11001100000010101011001000010010
01011110011110000001101111001110
01111111000001111001100001111111
10000101101111111100110010000010
10001100110110010100001010010010
10111000010001101110010101110011
01010111111001011111011110100111
10001010101110001101110011101100
11010111001111011101000001100011
11110111010111000100101011111010
01001001011000100101000000110110
00110000001110100000100101000011
01100110011010101000010011010110
11010101001010001111000011001111
01111110100101110000000100101011
11010100101101101111100100111100
00010111011101011110001011001000
00011101000111010011110111100000
00110000010100100000101101100011
10100100100110111111111011010100
00100101001010011110011100111001
10100100010011101001010100011010
11110101111010100001011010001100
01110101111110000001101010010011
00111101000110000100110001010111
11110011000001001011011010010101
00011000000111001110110000111100
01000001011011011000101001010110
00110000111111111111001001111010
00010111011101110001011111101110
00110001111111001011111001010101
11010010011100000100000011110111
00100011111110010110010100000011
10100111000111010101011110111011
01100011001000010010111100110110
00111001100111100000100000010010
00000000111110000011111011100111
10011010101111110111011111000111
00110110111011111010101010111000
11011010011001001100010001001101
10001001111110110111110101100010
11101001110101111010100001101001
11110010111110010100001011001010
11101010000100110101100101111100
00010011000000000000010100011110
11010110011011100011011101110010
11011100100100110000000001010110
11011111010110101010101111000100
01111100011000111110101111001000
10100011101000100110110111011000
10001100010011110101110111110011
10111010010101110110100010010000
00010110010111010010101011111010
01010000000111100100000110011001
10000010101001111001110011101011
01000011001001000000110001000011
01011110100011001000010011001110
00101111100100101011101000011101
10010000000010000000001001011101
10110101010110000111000110011110
00011100011000000000111111001000
01111110100110101101000111010110
00100010011001000100010011101111
01011111011111010001011101011000
00001110100000001001010100111001
11000111000000101000110100000101
10001101010111011101110100111101
11110111100000110001110101010000
00011100000111000010001110011010
10110111011011111010101101110011
00011011010110011100110101001101
01100001101011001010000001101111
11001111101110111001001101111010
01101001000011001101100101101000
11111101000101100011110110001101
10010100001011011011110100101000
00001101001000010100111000001001
10100011100011101100000100100100
00111000110010111111100010011000
10110110000101110011011100010110
10000110001100010111010000100001
00100011111000100010001000000100
10000110110001110101011011000110
01010001101001011000000011000110
11010011111011110100010100001000
10010101010100001111001111000110
01001000100010111010011011110100
01110011101100001110000111100111
00001000101101001011101101110011
11110111010111111111100010011100
10110011011111100101100110000010
00100110110110111001111010110000
00111101110010100010001010001101
01010011100010001011001011110011
10011011001011110111001101001111
11000110100101111111110110101100
10011001000001000001011001101000
00101110100111010111001111101000
10111010101001111101110100100111
00001001110010101010000101111011
01100011111111000000001010111100
10101000010101101000111100100010
11100101011000000010110010001100
00101110000100011000111110000101
01000110011000000111100011101000
10001010111000110011001001111111
10111010100100011110000110111001
11110111011110010010110110110100
10100010010010101000101000000010
11111010100010010001110011001010
01001011100011011111000011110010
10110111111101110101101001111111
00110111100000001110011110100001
01111110111000001111011011001101
11000001000101000000011100110111
01000111011001111011000011111011
11110100111111110100001101010111
01000110100011100110011110001001
01111001111110001111101100001110
10000110001111110111001000111000
00011001100110011100000100100010
00110101110111011110111110100111
11101111000000000010001011001110
10000001001011110111101010110111
11011101010101101001110101111111
10010010010100101100110010001111
10101101010000111010011110110001
00001100110100000001110100100001
11101101000110001010101111101101
01011110111000010011110010101110
00010001101010001101100110010110
00000010101011001100010100000010
10011100110111000110000011111001
00101000011011011100011100011110
11110000100011110111101110110110
01011010010111110111111110100101
00101110110110001000001111010100
11011010000101101001110000111101
11110110001100100011100101001011
00101111010101001000011011100101
11100110100011100010110111110100
11110101011001101110000000101011
10110111100011111101111000000000
00000001000010100101110000000100
00011101101101011100110111111011
01101001101100011010010000001001
01100010100011100110010011101011
00011001111000011100101000100011
01100100100101000000100010000110
01000100011001100101111011011101
10100110010000010001101001111101
10001000001110010000000110100010
10000110111000010011110110001111
10000101001010111010111001110011
10101011100000100110001111100101
01011010011101010011111101011011
00000000000000111111100000101010
00101000110100101011000001001010
11101100111110101111100111000111
10011111110001101101100110010100
11111010110001001010010101110111
11100110011101100100001101010011
01010001000011111110101110010100
00100000111011101100100111011100
11101111010011001101010110110000
10000001111000000010101101011100
10001011011000001110101110100011
10010010001000000001100111101010
10111111111011001011011100101000
10000110000111011010000011011100
01000110100010101110010010111111
00000110010111000001110001010010
11100010001001100011110010111001
00010110101011101011010000110000
01100110000011011101101011001100
00111010001001101101000111101000
00110000111110111001000101111010
00011001000100100001001000010100
01110111011111111111010011111101
01110100111100001011110000111110
00101111000110001010101101001110
01001011100011111110011111110101
11000110011101101010100100010000
01100101100100001100101010001100
10001010001110011110100010000000
10100101001001101110110001010111
10100111111101010001000010001010
11010010101011110100010101010101
01111111100000001110100011001001
00101011100000100000111001101011
10010011100001011111000000101001
10001100001001010101001010010001
01111101001011001000001001010001
01110001100101010110111000101001
11010011111000100011110001000100
01001110011110000010111010000100
10101110101000100001000100101001
00110101111101110100100100000001
11011111000100000111000110101101
10001011011010101111000011110010
01011010111010010100011011111110
11010110011010101111000000011111
10011001110001010010000011011001
10101111111001100101000011011110
01010011000101000001001100111011
11101001110100010111010100001011
00101010100000001011000101100101
01100110001010001101010001011010
00110101011100110100011100010011
01011001110101011111100010000011
00010010111101010101111010100101
01010000001101011101010100010010
01101111110101100110011111011111
00001000011101010100000111111011
00111110110101010100101000011001
01100101111110110100001100001110
01101010100110010111011011111111
10100101110110101001001001110111
01011111100001001101011101100001
11000110011010101010000010100011
10100101001000101001010011011010
01111100010110101000111000010001
00110100001110000000110100100101
10100010011000111110000001110100
11110000000111011101001001111110
00110111110111101000100001011101
11011010001101010101101101000111
00111111101101100110011000111011
10111011000110101110010110101101
01011111110010100010001100010011
10100010110111011011101001111000
11111111011101010100101100001110
01000110001101101010000110101100
01000001100010011001110010100110
01010100111001011100010100010000
10111011010000011010010111101010
10011001101010011011110001100111
10010010101111010110001011000000
00000010010011110010110100010000
00111011111011111111111100110100
01001001100001001100001100001101
01000111111100110001001000110101
01000011010010001111010101001000
00111000011011000101101010110001
01001010001111110010101011111100
10010100001101011010110010001111
01110111011001011111101101010000
00010011101100101010111111000110
01111001100010010001100010011001
10011000100010110011011001110111
00111110010101000100110100011110
01100011100010011010101110011000
11110110110111001110110111111101
10100001101011110011111101010001
10011011010101101111101011110011
01001100011101111000010000101000
10110111110101111001011100110110
01100000110011100110101111101010
01010100001010001001111000001101
11101010001001111001011011111100
10001011011001010110100001001001
01111010001000010100000111010011
11100010111001101010000001110000
00011110101110100110001000110001
01000011110001011011011111011101
01111011111111011101001000111011
00000101001110111100110101101000
00001000111100100000100010100010
00110001010001011111000110001110
00111011110001011011111000100111
10010001011011110111111011111111
01110010110010000101000001111111
00001100100000111111101100101000
10100100011001011101001010001011
10110100010010100000111100010101
01101110111111110011111000000101
00001111111110111110100111011101
10010010011011001000111111000000
11010001111101111101111001000111
11010011011100011110001100000100
11110011101011011101101000101011
00111001001010111100100000000110
11100001111011100010001111001000
01010111111100010010011001111111
11000100100000010101101111111000
00011110100000011001100100000101
00111000000110000101010010010101
01011100100101110101000110111010
10100101100011111101100000101100
00101011111010000001011001110111
10101001000100011111100101101001
00010001010110111101001001100000
00010111111000000011011110111010
01101000001010010001110010111011
01001100111010000111101010001000
10111111010010011010111101001111
10011111111111110011110010000000
10001011001000100110111111110010
11010111101011110110110001110011
10010011111110011110110010011110
01001011001011110101111101000010
01101111110001110110111000101110
01000111111000011101011010101000
01101111011001011010000000011101
00110101000111100001111101000011
10101011101001110010010010100101
11001111110110001111101100000001
01111111001001111101101101000001
11010101100101001110101100001101
11011100111011000101110101010001
10011011110101111100100000110011
01001101100101010111011110110011
00010010101110111111001111000110
11111101111000110010010001101001
00000011000100111011001011010100
10111101110100101010000111000101
00111011111110110100000110111011
11101011010100110011101110011010
11011100111000010101101010001010
11101101101010001011010111000000
00000001001000100111100000010001
10111111111101110101010100010110
11111010111001000000001111100011
00011100111011010011101010111000
10101110110000111111111000011110
00010010010100000010101001111110
01100001111010110111001110001000
00000111110101010101001100110011
00011000011111000011000111011101
01100000100011100011010001100110
00001111101010101100010001110100
10001101011110111011111110101011
01110100101001111011100100011000
11010110110100100010011010101111
00000001110001100011011010010000
00111100101110010010001111000010
00010111001011101001000110110111
00100000110110001100110100101011
10110101110010001111111000101101
00111010011101000100000100111001
00011110010001111000001101110111
00100100001110011000001000011001
01001010100011110000111111101011
00111100001101000110101001001101
11111110111101011001010000101011
00010000101100101101010001100000
10011010110000101000001111111010
01100010111001010101000000010010
01001000011010111111101100000000
00111001100100010101111110110001
00000100000011001111000000100101
11100011110110110011101111111001
01001001011000010111000100010101
00101000111111010111000100110100
11000101110101110011110110110011
10111100110111010110111100101100
00111010111010010111101010010010
11100011000001101000010010110001
00110010010101000011000001101011
10000001101010010000000000001011
10110100101111011001110010001100
00110111101001111011000000010101
00111110110111110000010000111110
11011000111110001111010100110111
11010111011001010100111100010110
11001111001010010101000110100010
11101001110101011110010101110100
11011100011001101110110110011100
01000000100001000011011111111101
10001110001001110011010011010100
10101111001011100101001010000011
01010111000011100100101111100100
00110101111101110001010110101101
10110010100100101110010111101111
00111110000101011101010010100001
10010011110001011000000000100001
11011010101110100111001010000000
00000111100100101111000001100000
01011101101100100101010101100001
00000011001111110011100101010000
00111010000001100101001001101001
00011001101000010001000111010010
10101110101101011000001001001001
10101111001101110101111001100111
01110010010100101100110111110100
11000010001001001111110001110001
01110001011000000110011101100100
10111110110111101000101100000011
01001000100110010101010010011000
00000111111101111101010111010000
10110001011000010111011001001101
00000000100111001010100101111000
01010100011110101101001000111101
00100000110100110101001100011010
01110100010001001010010000101100
01010010011011110110111011010000
11111111110010100110001001011100
11011010101111001111110111110011
01001100111101101000001111100010
01110001110111010101111000111011
01010110101111110100011000101011
01101000100100000111001011011110
01000011111000100000101101000000
11100111101011000110101110010101
11100000010111100000011100000010
10010110100011101001111010010001
01111001101010011000110010110101
10010111001100010111101101101111
00001011010011111111001101000001
00101000000101111111100101101000
11010101100011110101010100111000
00000010101111011000110100100000
01100111010101010101010000010101
00011111001110101011000101100010
10101011001110010000101101101000
00100110001100101011110110101111
00100111111100000101001101111011
11000001101101011001010001010101
10011101100010100000011000001101
01111110111110101111100110100111
01010000010011101000101100000110
00100000110100000101110011011111
10000111000111100110001101011111
11011000011000111110101010110100
11001111011111100101011101011110
10111100101100000000001010000011
10100011010101101011011010100000
00100101011101100000001100101110
10100000100010010111110100010111
00010110011010000011110110000001
10010110111001110110111100110010
00110101101000001111000000011110
11000011100010011010010100101111
01001010001000000100101100111001
01001111000100001000001110011001
11100110100011001000011000000110
00010010111000001111010000101101
10001101010001011100011010001111
00000001001001101110010010101010
10111001111111111010000011000100
11011110011111110000100011010001
11001001001010010111111010011101
11101011010011101000111001011011
10010011010000110011101001010101
10010110100110010011100100110100
00011111101010011011101011000001
00100101101110101101011100100101
10010101001111100101100110000010
00011011101000111111010011000100
11010010110101011110001000111010
00001110001111000000001111110110
10011101111100000110011100101011
01110111011100111101000010111001
11010100000110011110110010101110
01011110110001001001001000110000
01001000111100111101001110110111
00011010001001001110100101101101
00100100110110001110101101111010
11101100010001001011100100110110
11000110100111110001110000000000
00100110101001001110101011011110
01011011010100001010011101000110
01100001111110001110111110110110
11101000110010110010100111111001
01100011000101110001010001111111
01001001100001111100101101110001
11010010011111001101111000001001
10111110000101010011001110110011
01101100010110100101001011110110
10110011101100001010100110100000
01101001111000100001101000111001
00110011111000100111010101000100
00110111001101011101101111010011
10010010000000110001100100100101
10101100000011100010000110011101
10110001000001111111010001111111
11001100011000111011101100101110
01010001101111010101000100101111
00100101000111011001001010101001
10010011001001010100111000111111
00111101111100011011111110000011
10100101011010100010110011010100
01011100111100000111001110111101
01110000010110111000100001101001
10011101111010000111000100000110
01001000101000101011101100100110
10000001110010110111000111001110
11111110111010010110101001101111
10111011000101000000011001010101
10010110101000111011000001001001
11011110101111101111011101110110
01000010010001011001011001111100
00000000011000001011110011001011
01101001111011110101101110111100
00111100110000000100011110000111
01010100000100111111011010000101
11101101011000001100111100010101
10100100111111111100110010011101
11010101000001000000011000110111
00111001100101011101011011111000
11111110011001111110001000111101
01001101001101100011011000110111
00000000000000111011101110011100
00011110100000011101100000010001
00111011100001100110001101000010
00001111011000000111100101001101
10110011001101010000001011111001
11000111001010011001101110101101
10010101000111101010011101001110
00010011100101101001000011110001
11000011111011001011101111111111
11010111101000001110111110110000
11101010101001011111011100011111
01000101101101111001011010001100
10100010101100000000000001011010
00111001001000010000110101001110
01110010110011011010010101001101
11011111111110001100111000001100
01001111110000101111010000101010
10111010001110001011111010100111
01101010000010000100101110111001
11010000101001111010011010010101
11100001110001110000000100111101
10010100111010110100011101011011
11001001000110011000011010100110
11101000011011111011101000000011
11001010010001001111011101011100
11111110111011100110101000000011
00100011110011010111101011111100
10101101000000010010000000000100
00100011000011101110111110011001
10001110100110001011001111100010
00011101000110001010111001011110
01010100011001111011111011100101
11110111010000100110001101011100
11000111100110110001001100011011
10110100111000111001110110111000
10110111110001011111100101010100
01110001000100011000001111010110
11110011110010100111101100000110
10111011001111110010011110000000
11011011011101011100011100111001
11011011110001010100111110100010
01010011100000011110111000000101
10100001011111110100110110000111
10110110100011100111010001011001
11010101010000100011100101011000
01101100000100011001100011111000
00100001000101011011110101001001
11101001100101010100101100110110
01010100101001001100011010011000
11101000001100011000001010000001
01001110001101010101011001011011
10111111100111000011000010011010
00001111100111110011110001100001
11110101000100010000001111111111
00001111111000011101111101000001
00001011100001100000101011011010
10101010101001011010110010110010
01000000000100101100010100000110
00111000110101001110110101111011
01101100001110101100000111110011
10000010110010101100101100001001
01001111011000101101001100101000
01101000100111001011000110110100
01011100101111111001111110010101
10000000100001101110001110100100
10111000100001101110101011101101
11100010111101110001100100100000
01001001111010110001010000011111
01000100001111110010000001100000
00010001111000100100111100000110
11100011010110001011000010001001
00010011100011101011001111000001
01010110000110101101001000001000
10011000101100101011111001111001
01110110100001110001011110111011
10110111011011110111101100000100
00101000000011100001100110001011
00100100101011100110000011111100
11101010011000010010001010011010
10011100110111111110111010100111
01100000111101001000100100000100
00011001101010110100101000100110
11111111100001111000100001010100
11011111100100000101000001011110
10111000010011000000101011100000
00111011001111001011110001000011
11010111001000011010100100000110
10000001111000110101101100001001
00101001011100011101001100101110
11111001000101010101000000011111
10010010010101111110001011110110
11001100111001111011100101011100
11001111110000011110011011110111
11011010000101101101000110010110
11100001111010001110000111000101
00101000111100101010000001100010
01deg=19937
deg lcm poly = 19968
weight = 9159
10000000100000000000000000000000
10000000100000000000000000000000
10000000100000000000000000000000
10000000100000000000000000000000
00000000000000000000000000000000
00000000000000000000000000000000
00000000000000000000000000000000
00000000000000000000000000000000
00000000000000000000000000000000
00000000000000000000000000000000
00000000000000000000000000000000
00000000000000000000000000000000
00000000000000000000000000000000
00000000000000000000000000000000
00000000000000000000000000000000
00000000000000000000000000000000
00000000000000000000000000000000
00000000000000000000000000000000
00000000000000000000000000000000
00000000000000000000000000000000
00000000000000000000000000000000
00000000000000000000000000000000
00000000000000000000000000000000
00000000000000000000000010000000
10000000000000000000000010000000
10000000000000000000000010000000
10000000000000000000000010000111
01111000000000000000000000000111
11111000000000000000000000000111
11111000000000000000000000000111
11111000000000000000000000000000
00000000000000000000000000000000
00000000000000000000000000001111
11110000000000100000001000001111
11110000000000100000001000001111
11110000000000100000001000001111
11110000000000100000001000000000
00000000000000000000000000000000
00000000000000000000000001010101
00000000000010111111010001010101
00000000000010111111010001010101
00000000000010111111010001010101
00000000000010111111010000000110
01100000000000000000000000000110
01100000000000000000000011111001
01100000001110000011100011111001
01100000001110000011100011111111
00000000001110001011100001110101
00100000001110001011100010011111
01100000000000001000000010011111
01100000000000001000001000010101
01100000100110100011001010011111
01000000100110100011001010001010
00000000100110100011001010110001
10000000100110100011000001001011
10000000100010101010000001001011
10000000100010101010000001001011
10000001001110100000000001110000
00000001001110100000000000000000
00000001101100001010000001110111
00000001101000111000000101010100
00000000000111111110000101010100
00000000000111111110001100100100
00000010000110011010001101011011
10000010000010101000001001111000
10000010000001100100001010001000
10000010010111111000000111001001
11011010110110010100000111000001
01011010110110010100000100110001
01011000100011001100000111100011
01011000110100110110000011010010
00000010110100110110000011001100
00000010111001111110011100001000
00110000010011010110011100101010
00110000010011001111111100001010
00110000110010011101111101100110
00110000111111010101100001010010
00000000000000100101100001011010
00000001011110011010010111001011
01111100001010111111101001000110
10000011110110111111010001011011
01111110111100110100101101011100
10000000000101100011000110010010
00000010101111100011000110010010
00000010100011011100011101110010
00111100100101010111100001111101
11000011010110010000000011011100
10011101001111000101000011100011
01101001101101000000001110010110
00000000001011101010100100111100
10100010111001110110000110100111
10101001011111111110010011001101
00001000011000011110001010101000
11101111100101011110000100111101
11100110111010110010011001011010
11100110010010011000011010001000
01000101011000001110110101110111
01011111001100101011101110110111
00001110011101010100110101000111
01100000001110001010101000001100
01100000010000100110000101010100
10111111111111011001011100001000
01111111010011011111001100101110
11110101111100111010110011001000
10101111001010010110111110110100
00111101000100001001100011000011
11100001001111100000110001010001
01000001010111101101111111101110
10100010110110000101010100000001
11001011010001011001100010101101
01100011011111011010000101001001
11001111010110011001111110101001
10110111111011011000100001001011
01010110110011010000001111110110
00111011001001100100100011001010
10001110111110011101111110000111
11110111101001101100010000110011
11000011011111010011011110011010
00000011111000101011010010010001
00001001110000010100001110101010
01011001001101010010101111011001
11101101101010110111001101011111
10111101011010000000101111111100
00010111001111111111000010001110
11001001001111000111101000000000
00000001001001111111101000100101
00111111011111000110101101111110
01101100010101001101000001110100
10011011011000111110000100111110
00111100011110101100101000011001
11011001110110000001001010000101
11110001111101101111100011000111
11010011011001000011001010011101
11011100101001101110111110100000
00111010000101111100000001010010
10010110000110101110110000110101
11100011010011110001010010011110
11001111100001100011100110010011
00111000110101001100010110001010
01001111001111110100100100000111
00100100100001000100110110001100
11000100100011011000011010011010
11100101100001110111101101001000
11100001100000111011010101001000
11000110010011110101101010111000
00010100110100110010101100101000
01110011111110101010110010000010
01100001001110010100110100101110
10110011011010001010001010010001
00011010001001001111001111001010
01101111000011011111011001100111
11010011011000111001011011110101
01110010101011011010101100101100
10011000110101110100011100001110
01101010101111111110000000100110
00110011011000000010110011000011
11100101011011111101100101011000
00011100011001110100111111101101
11111110101111111011010101000011
10101000001011001010011010111110
10101001111001110101101001010000
00101100101100011110001110110111
10000011100011110011011110010111
01000100011000001001011000100110
10000101101010111001010011011010
00011000110110101010000100100010
11100100000110101000100110110001
10111000101001001101000111010010
10011110101000101111001110001110
10010101111101100100100011000011
00010010011001010110010010000011
00000101001110110001001000110000
00010100010110101000011101011010
01100100100011001101100000110101
11100101101001100100011101110000
01110100001110010011101100010111
11010010001101110100100110100101
01110011110110110010010001100111
11011011110010101111101110001010
00010111101101011001010011001110
01110100111010101010001011111010
01111000010110111010000001010111
00001000001010011101110111101101
01100101010000100001100010111100
10100011001000100101110010111101
00111100000001010100101011111001
00000001011011001000111011101001
10001110111000110101010001000101
10111001110100000110111110010010
11110010100101000110101111010000
01010111100101010111111110111011
11100100110110100100011001001000
00100011010101000011101011011101
00101111011010011010111001100000
01000101000011001111001101111001
11100001111111010100100101010100
10100010011001010000001110001111
01100011000111001011101110011111
11100111101101101101100001100001
11001111110101100010101101001101
11000101110110101110000100100110
11010010001001010011111110001111
11001110111100001101000101010000
11100101100110100010111000011001
01111001101011011010011001000101
10100011001010011011100001100011
00011111000001011100110011111110
11011111000110011101000111000011
01011100111101100001000100010001
00000010000110000110111110101110
01101001010101010110101101100011
00101111000000100000100101101111
00011000011100010111101001100011
10010100000111110011011011010011
11110101011001011011001010110100
11001011110100111010010011001100
00011011111101010000001110000110
11010100100111110000100000000000
01111010100110010110000100010111
10110110010011001111000001011101
00111010010010011011000011111110
01111111111011000111010111000010
00111011000001100101110011011110
11110100011110100001110110000111
11011100111000101011110100100111
00111110000010000110000110100110
01110101101111001110100111011101
00111001100100001000110110110000
01011001110101001100110100011111
00111011000000001100110110011110
10001111100110001111101111111001
01100111100001101110010111110111
00000100100001101011111101010100
01111100111000001101000010010101
11111001011000000001011001011101
01110111000101010001010010101100
00010111011000011000010011100000
11101010101111110110000100110010
10101000010000110000110010111010
10101000110001000111010001101100
01100001000100100100101000101111
00101001110101001010011111000111
00110101001001011000110010101101
00000100110001111101010011100010
01001100110111110010011011011111
01111011110111101001011110011000
10101101111110101010110011111001
11101010100001001000011101110110
10111110000110000011110001010000
10100111000001101010000111010010
10000100100101111011111100111001
11100110010100000011000111101011
00111101100101111000011001000011
01100001111101111010111101111001
01000001010000000110110100111000
00000111011000111011000110011110
10110010101000100100000000001100
11111101110010100011100101001110
00100110011000000000100010001100
10011111110011110110001001011000
00111001100011110110010111111000
11000100100010000010101011111000
11101101110101000011011101101000
00100010110111100101011100010011
11110100101011010111001011001011
11010000101100101011000111001101
11011011001111101011100010011100
11100000000111001111010011110000
00100011001000111101111101001000
10001010001111010011111010010010
00110001110101101111100111110011
11011011010100000011111101110110
10010000010111011001010000111010
10010111110110001101001101111111
10111101101001110000000110101111
00000010011101010000000010010101
11000001000110000000000010010011
01001101010010010011011110110111
01101100000100001010011001011111
11001011101010001110011110001011
11110010110110100011000110101110
11110010111111101010111111100100
01111011111001111100010101001011
01101110000010010000010001011000
00011101011101111110110100010001
11000010010110101011011101011101
11010101010111000000001010110000
00001010101001011001011101100001
11011111011100000110010010011001
01101001111011011101101100100011
01000010010100101100110101010011
00111110001101010110011010010100
00101110110001101110110011010111
00111010010100101011011100101111
01011110100001111010101111100110
10110101000011100000000100100101
01001111011110000001101011100010
00011110000111001010011111000111
00010000011110010101111110101101
11111100101001111010000101111111
11000000101110011101111110001000
10100000111101100000010001010011
10111110010101101010110100100111
10101000001100111110110110101000
01101100000100000001010010111010
10110001000011110010010011101011
01010111100110001100011001101111
11010101100110010000011101000100
10001010101100001101111001111110
10110111000011110110001001111101
01111100101100011001110111111111
11111111000101011101010011111011
01110110000110100100101101111111
10011111111100001010001011110101
10100011001110001001100100011011
11000000000001101000100101111000
01011100101110010100100110010000
00011000000001110100101011110100
00100011001111000011011111111101
10001011011110011010110000100100
00001011001000111100110111111100
01001111111101100100100001010100
00111110100100000001100000100111
10110010111101001000010111011000
10110101001000111110010001011011
01111101010010101111011101101010
10010011001100000010000001011011
00110001101010000000000110110110
10010001110111111011011011011110
01010110111011010101010010110001
10000110111110011011011100011100
10011010100011010010100010000101
10110110001111101010010011111010
10000111111110110010111110110011
00101011011000101110100100110000
00001100101110100010010010010011
11000000111000010100110110011100
01011100110010011001111011001011
10100000101100100010010011110000
00001101111100010000000111110110
01100100111011001011101000101000
10000100101010111010100010001110
00111111010110110011100110110110
00101111001100110001101101010011
10101101100010011101111111000011
11000101000001001111000001010000
10111111101100110010101010111001
10010111011001000110110010100011
10111010110010110001110011000100
01110101011000010011101111101110
11101111100110001000100000000011
10110111000101001111110001110001
01010011101101110010010101110000
11011000101011011001011100010111
11100001101011101011011100000011
00111000110011000010000011000011
00101001101000100000011110111011
00000010110100111100011001110100
10011100010001001110001010101111
11100111000100110101010010101001
01010011111110010011101001001101
10001001001000000101001100101011
10100001111110001101001011010011
01100010100001111000001101101010
11100111100100101010000001000001
11000100110101111100011110100100
00111000011111010010001110101110
11000100010111110110110110100000
10010010111100001111111111000110
01011001110010000000001011100101
11011010110001011001110010001000
11100110100001001100001010000100
00010110101010110000000110000101
11100000001010000111011100110010
00100001101000001111010110100001
00011101111010011000100001001100
00110100000001111111011111110101
11100100111110001110110001001100
11001011101101001100000010110100
11111001101001000000011010111000
10010001001001101010010110101110
11110011101011111110101100101101
00101010100011010010110010101001
01111010001011010101010110001100
11010100101000101101111100010011
11101100111100001100001101011101
11110000101110100110110110111001
11100000101001011111110111101000
11000010000010100011100101111111
00101100100101000100011101111101
00011111110111110011000111010110
00000000001000101011000000000100
00110110101101110011110000010000
00101101100111000011111000100000
11011111011010011111010101111000
00001001100110100010111110110111
11101001110101001001010111010010
00001010100110101100100100010110
01010011011011110000001111110011
01111011100100101111000011000100
00100011010110010100111010110000
00100110110101011000001001011010
11011010010010101101100100110101
11101000100110001100000000001010
11110001001011111010100111010011
00111001011110010100010010011000
00101000101010010110001110011101
00000101111101110010010001100110
01000001110010011111011111000000
10010011000100110110001010100010
10111001100011011101111010111011
11001010111000111011110001000101
00100111110011001001011101011111
00110000010100111111011000111000
10000101001011011101011010111110
10110000010110111110111100010111
01000010110111100010101011000000
00110011011011001011101111100001
11000010010001011111001100100010
01110111111000100101101100000111
00110001010000101011101000101100
00110111010101101110000101011010
00101001000111000010111001101110
00101011011001011100111000000100
10000010010011001000100000110111
00010010000011100110010000111111
10110100010001111011001101100010
11011100100010000010100010111001
00111101011100110110010101001101
01101110010010100111011000111010
11000011000111110111011101100011
01111000011010110101000111011111
00101110010011010001101101111100
11110010010110011111101111000001
00110001011010011001010011000110
11100011110100010110111100101010
11111001000101010100000000110101
00101011101000010001001101010011
00011000010111011011101110100010
01101001111110010001001000000011
11011110111110001101101110101000
10101011111110001111000000010010
10110001110110110001101010100100
11000000111110111001110000000110
11001001100011101010011111111100
01101110101001011000010001001000
11101100100111100100111011001100
11010110101000111111010101111001
01100000111110011100010000100110
01111101100111100101011111010100
11011010111011110001001101101000
00111000001111110001100110001101
00000101110110111010000000011011
10001101100101101100101010001000
00001000001011001111100101111100
10101111000110010001011000110010
00110001010000010111001101111110
00000101111101010101111010101010
10100111110001011001000011100000
01100000101100001011101000110000
01000111101000011000101101001000
11100001100011000111011011001110
01101001001000001000101011101101
00111110111000110100010011001100
00010010111101100111001011011110
01000011011001011100001011100101
10000011110000000111110011001110
10010101000110010000000000111100
01010111001011100011011011110010
00001111111110010100001010010110
00110110100000011100000111101111
10010011010100100011100000101111
00000100101111101100011111011111
00010110000001101011001011111001
11000110111110010101111100101111
10101100010101001101100011000101
00000110010111000111001100100111
01011111001111101000010110001100
00100100000110000100000001111011
01100101010100010011101110111110
01011111010011000111001100111001
10111111000011111000100001110011
10011111110100111101011100010010
00001100110000101110110100010110
10100000010110000101100001100110
11110001011110100011110100100011
11100011101000111000100000111111
10101001001111000111111101001000
11100001100111011111111100111101
11011010001101110000111000110001
11111010110011110010001011111100
10110011011101110011011001101001
01101010101101111011001111101100
11100110000010100110110011001110
01010100100100000011010010001000
01001111101101101101100110010010
11100111101110011011011111101010
00011010011010010110001111001010
11001011111010110000000011110111
11001001001010101000100111100001
00101101100111011100110000111000
00011011011010011100011101110110
01100110111011111111000001110010
01010100100111110011101100011111
01010010000100101010101110001010
01100001000111111101101101111011
00110100100101100100100100001011
10011011101010100010100010010110
01110001100011000111010111011010
10010100100011101010010010100001
01100101001101001000100110011100
00110110011010000011010101011011
01010011100000010111101101001110
11011000010001100001000001000100
10100100101000101001010011000111
11011000000101000011110000111000
01100011100101111100101000001101
11000111101100110001010000010111
11111100100101110000111111001001
10101000010011100100111001010001
10011101100111010110010010011000
00110011011011010101001110101101
01000111110111110111001101101010
00011100010100011101000100011111
10011010011001111111011101101101
01111111110100001100101011101111
00101000100011110110001101101101
10101010110110010110101011100011
11110010011101101010101011101000
11100110001110111011001110110101
10000010110111000111100011100100
01010011110111001010100110000110
11000010010000110111001111110001
01101001101100011111110001110001
11001110111101000000101011100100
10111000011110100000000000011011
11010110100010000111010011010001
01011011000010010101011011111011
11010100001000011011000011101111
10110011100110111111000110011000
11010101110100000110001011010110
11001111111001101101001100011101
01111000110000101110011001010111
01101100110101111010011010011111
01110110101110011110111100111100
00010110001101011101111111100001
11111010110010100101101110011101
00001111100100000001011011011111
00100110000001101010001011000000
11110101011100101010010101010001
11101010111000001000000001001101
00110110110101111100111110111111
10001001000100111000010111100100
01101011011010011001111011001110
10001011001111100010100100000100
11111011101101111111000010101111
11101010010111111100101100101001
11111110000101100011100001011110
11000010010101011110000101010000
11011010010101111101001111000101
10100000100111111011111010101100
01110011101010010001011101010010
01000001001111010001101101001110
01111010010010001111000011010010
11111001011001010001000101010000
11100011011000000010101101001010
00000001011110001110000111100000
01011011101111111001011010000111
10101101001010011001100111111001
01001100010111001100101110010111
00100110110001011000111001000110
01111110011001001101001010011010
11110101111011111010011011011000
10010010011100101100100010101100
10110000101000100101010100011111
00011101101111110000100111100010
11100101011000001111001110110000
00001010101111100000011001111011
11011110000000000100001000101110
10100010000010100111111111110111
00011000011010111111111011110011
00100001111100001111110011011001
01100100010100100111010100000101
01110110100011110101110010000101
10100011010011000110010001101011
10110100001110000111110100000000
01001110000110011000000101100101
11100110010100001110101110010101
11001111101110100111110111101011
10001011111000100100100100101010
10110010111100101011110101011111
00010001001101110110001001101111
10000110111001111000000101101100
01111010100011101010001110101011
10110100100010000000000110101001
01000010001000001101011010010100
01011010111100010011000110010100
10100100110011111010010101011000
11011000000010101010001011111010
11111010101000001000001110111111
10011101101011101000011111100111
10011000000000101100110010101011
01110011010011100000011011001111
11111011010001110000110100010000
00110010001000001000001000010000
00110001000100001000000100011000
00001000000000000000000000011111
11100000000000001101001011001101
00010100101101000110011010110001
10110000110110000000000000000000
00000000000000001010100010101000
10101000101010000000000000000000
00000000000000000000000000000110
01100000000000000001010000010010
01110100000101000000000000000000
00000000000000000000000000000000
00000000000000000000000000000000
00000000000000000000000000000000
00000000000000000000000000000000
00000000000000000000000000000000
00000000000000000000000000000000
00000000000000000000000000000000
00000000000000000000101010100000
00001010101000000000000000000000
1deg=19968
deg tmp = 31
52 bit k-distribution
k(1) = 19936
k(2) = 9967
k(3) = 6645
k(4) = 4983
k(5) = 3987
k(6) = 3322
k(7) = 2847
k(8) = 2491
k(9) = 2215
k(10) = 1993
k(11) = 1812
k(12) = 1661
k(13) = 1513
k(14) = 1423
k(15) = 1153
k(16) = 768
k(17) = 768
k(18) = 768
k(19) = 768
k(20) = 768
k(21) = 768
k(22) = 768
k(23) = 768
k(24) = 768
k(25) = 768
k(26) = 388
k(27) = 388
k(28) = 384
k(29) = 384
k(30) = 384
k(31) = 384
k(32) = 384
k(33) = 384
k(34) = 384
k(35) = 384
k(36) = 384
k(37) = 384
k(38) = 384
k(39) = 384
k(40) = 384
k(41) = 384
k(42) = 384
k(43) = 384
k(44) = 384
k(45) = 384
k(46) = 384
k(47) = 384
k(48) = 384
k(49) = 384
k(50) = 384
k(51) = 384
k(52) = 383
52bit D.D:   6449, DUP:   33
