mexp = 19937, maxdegree = 19968
filename:resD11.19937.magi08.061107.01.txt
POS1 = 43
SL1 = 15
SL2 = 5
SR1 = 6
SR2 = 16
MSK1 = 7ffffffebbbbbf7f
MSK2 = fbfbffbffb7fb77f
deg poly = 19937
11000110101000011010100101010101
00011100111000101101001101100111
00110010011011110000100000001001
00111010110100111001010111101001
01010010001100111100101100100011
10110011010010110110100100100011
00010110011000100011101100011000
10001111011010110011000110101100
00001000111110111011101101000001
11010110101010110110100110000001
00100001111001110101000000011101
10111001000011010111111100111001
10011110100100000001000111110010
10100100000111101001010001000110
01100001010100000111001110101000
11001011101001100110100110100100
01010110011000100001010000100001
00111101111010000110001000110101
00010100010101010100000010001000
10110010101100001010001100111101
10110110110111000010001011111111
10101000110011100001110011010100
11000101001100111010110111111001
00010011010001111000001110100110
11111001101101000110011000010001
10111000101001001110110011011001
01100110100011100000000100010100
01101011101110011101011000000011
11000000100101010111011010010011
10011001000110011010111010011010
00001011011100010101110100011011
01010011001010101110010000101000
10000111001010111100111011001010
11110001000100001101010111110011
10110101100011100110100001001101
11100010010000011011000111111001
10011101001100011111001010110011
01001011010000100101111101110001
10111101111000001011100010100100
11000110000010111001011011110111
01011011111001000010111101101110
11010010101110011100001101111010
01101111100001011001001111010111
10101010001010100000000001011110
10000101001011100000000001001100
10111101100001000101110111011001
01011010111011010100100110101010
10101101111111001001100100000011
11010000110000000111110011000101
01110011001000101001111101101111
11110011011001111111010101100001
01101000001101100011001010001001
01110000110000111010011101101110
10000101010011110101111101000111
01010010010010000000101010100010
00111011000001101110011101000010
01011010001101100111000100101111
11101000000001011101001110011110
10111100001001000011011100011111
00101010001000101111011110100110
11101001100001010100010010000010
00101000011101011010000011110010
10010111001000010101110001010001
10111001111011111001001000010010
01101010111010110000100111100101
01110101101011001110100010011101
01101011100000111101100010010001
01001001011001110111001110101110
10110010100101001101100100110101
11111101111000000001011111001001
10011010110111001101110010111100
00001010000110010101100110110101
10101110101111100111010000000101
10010010111001111111101001000000
01011001011100000000011101101000
01110001010101100110110111011110
11001110010011000110101110011001
01001010110011010010101001110111
11000001100101101111101101111000
01101111010101010000011011010010
01100100010100010111110011100110
11101100010111110000001100010110
00001111001111101101000011100001
10010110101001011100001101101000
10111110010100110100110001101100
11110110110100100000011010101101
11110011010000010100010001111000
11101110001010011000000001111101
11001000101010100010111110101110
10000010001101011100011000110000
01110110111011110100011001010100
01101010000110101010010000100100
11101101111001010001011101110000
01010111010011101011000010100111
00010110110001000011011101011011
01011100101000101011000010110110
10110110000000110011000000000101
11001010010101100100000010001001
11011011001110100000011111011110
10010101001100011001000111101001
01110001010001111010010101101011
00000110100100001100000100110000
10100000100011000111110010111001
11101011101010001100110011101001
11010101000111000010001001011111
11000000101001010001111000000011
10110111101011111001000001111111
00111000010000110001110100000001
10010111000101101000000010010100
00110101100011010101100001010101
11100001111000101000000001101010
10100010100000000100100011100110
01010001110101101110011110010110
01011000100100000000001010101110
01011110110110001001000000111000
11001100000010111011111010100101
00111000111010100010111111011011
10010010100100111001000011001101
10100101101100001010101001010000
01110110100110010011010111101010
11001011000001010100010010010100
11111111101010101011101000011111
01110011101011100100101001110100
11101111011010111101000010011110
01111011001010000111001101001110
10011101010011001110001100011001
10011111010100001101000010100100
10101001110000110110101101010111
01111011011101111011100010111110
10101001101111001100010010000001
11100001011010000010111100100011
00000011111110110001010000001010
11011010100010010101000111010011
11100111110011001011101011011110
01110000100111001110001011010001
00000111110110000011010011011010
00011000111100110101110111010111
01101101100011010110000101011010
00100110011100101001011010011110
10010111000110101101100011010110
10110111010010111010001010001110
01001001001111010001111011101000
00001011001111111111111011011000
10111001011011111010111111110001
11011101000011101110001111010000
10111100001010100001010001000110
00001010000011100110100001001010
00111010110100000100100101100101
11101000100011110101001111111110
00100101110111110111010010100000
11001010011111001010000000100001
00110000000001111000110011001001
00100010000011001010010010111011
10011110011010111000000101001010
10001011010001011101110011011011
10010011110100100010100010010010
10100011000011110101001011001111
11000101000101111100001101100100
00100010111101000111011100011110
11110100101110000001100101111111
01000101001001001101001100001011
11110010101000100011110010100010
11001111111011000111001011001000
10111000010101111110111100100101
00110100110110010101110000010000
11001101110010011001101100001111
00110000111000111111010110011111
01011010100001011000100111110110
10100111110111111011110011011010
01000000110100011000010011111110
10110011101110101110010111011001
01100111011000011011100000001101
00101100000110010110011110100110
00110001011001111010100011011000
10101010001011100011000001110111
11001001101100000111011001011001
11101001101010100011010010001111
10000100011000011100100010101010
00110100001111100000000110010110
00111101111001011100101111011000
01100101100010001111001110101110
11101011110000100111001011001111
01010111010110110011010011001011
00111110110111110111000100011110
10000011111010110011010010010110
01011111011110110000001000100011
10000001001100101011101111111010
00010011110111101011110100011110
11100000101001101101110010010010
00101111100011001010110100011100
01000101001101000101111000101100
10100011110100101001010011001011
11111000010111111100111100101111
11101111111101110011011010111100
10100100100011111110101101111010
11110010111101101010100000110110
00101110100101000001000011100011
11011011110111111111011100001101
00101011000111000010001100100000
01111100011010001110010101001000
11110100101010010100000010011110
11100111111101101010101110110110
10011011101010011010111011111100
10010011011011100100001101011100
01100100100010001010100010001010
01010110011010011010011110111101
01000111100110111010110101010001
10110111011111001010000011001110
01000101111001101101110000010011
11011101011110010000111111100110
01100010001100010110100101001010
10001111010011010101000011110010
00110000000000101101101011101100
10010111001100101011000010110010
01001011101110000111010011001001
01000101011101010011000110100110
00100001110010010000010010110111
11011001110001001011111001000010
00011110000101011101111111011011
00101110111101111101110010101011
11001011101111011101100010001100
11101110111101111111110010100110
10101000101001001011001111000111
00010100110101010101011100010111
11011010100101000111110111010010
10101110011001000110001000100001
11000001110000111101001010010100
10111100001000000001011101011000
11010010011101110011100001001001
11000001101110110011110100011110
01001000110110101001001110011011
11000010111111110110000100011101
11100011101110001110111000110100
00010000110110101000110100000010
00100010001101000001011101100111
10000011000001010111111011110011
00100110010110000111001111110100
10000000110011101010110110011101
00000101100110000101011101000111
10000011000001110100101111111101
01000100011100010100001001110110
00101101110000101000100000001100
00100001010001010001101000110010
11100100000111010101010101100001
00011010110001101010110010001110
00010100010001100100000100110000
01111001111110010101011100000100
01011111111011101011100111111001
01100111010100000101000011011100
10100010111101100100011100001001
00101110110011001111000011010011
11001011001111111111111101101001
11011000001111111010011000000000
00110010101101100001010011001011
01011011100000110100010001000011
10011110011101101110100000110110
01001000100101111000100111111001
00110101000101010000011000111111
00000000111101010001001110101011
11101010110011001100000001101010
00101000100010110111000001100001
11111110101010100110100011000110
11011000101110101001010010110000
01111001011111110001000100110001
00100101001000010010110001000100
00000110000010111010010010111011
01110000010110111100001100101011
01010100100010010010100111110100
00101100010001111011100101110111
00101100010111000011101010110001
00011000111111000101010000110000
00011010110010111110110000110011
00110001001001110000011000000001
00001101101011001110010010110011
10100100000100010100101110111111
01011001100110101100001111100010
11001010001000110101111110011111
11110010000110100111000101001101
10101000101101001010010001101010
10101100010011100110111001110101
10111101110100111111011011100100
00100100110110110000100011000011
01110101011100100001011001010110
00100110001111010111001010111110
01001101100000111100100011111101
00110110010000010110110000000111
01000000001111001011001101001011
11011000011100101010010111000010
10000010001011001111101011101011
00001000000101001101010010110000
10000001011110000001101111010000
00011110100010010011110010001101
01111011100111110000100000010010
00001010110111100000011010001101
01110100001110111100100011111001
01000011010011001000101001000110
10010100100010001100001100110110
00000101111110001100010100011000
01110011011101010100001111011000
01011111111001111101000101011010
11101000011011110000110110111011
11101110011011111001111010000111
10101001010001110111101101111000
00001110011111111000110000111100
11011111011111110100010010100101
01010110000110011000101111100111
11100111111100100000001100101011
11110110010000100101011110100000
00011011000010011010110010001000
01100000111100001000100100011111
10111101000111011001010001010101
10000001011000101001110000001111
11010110110111111001000100101001
01011101001111011100000110011010
11010000100111110100110100111100
10000111111000101101011001001101
00010100000101110110100001010010
00111100101010001010110001000110
01000110110011010100000010011011
10000101101011111011011111011100
10111111000010111001100111010110
11001010101100110111111010001000
11101011000001111111000111111000
00000001101011111001001011111000
10001001100001011100100010011100
00011010101110111100001101011100
10000011001010100101110000010111
01100100101111110000000110011001
11000110011111010111010011101000
10101001101111010000111101110010
11100010111010010111011111010110
10010011001101000011100001010110
10010111001100011001100111110001
10011100111011000010100001110111
11000111000011110111010101100100
11101111000010100001101000000011
10001110011110000001111001011000
00010001111000100011000001011001
10110000100001111011111110110001
00111011101111011011011111110110
11111010111111010101011001110110
11000011001000001101101010000111
00001010010100111011110000010111
01111011001111011110111110110011
10000110011100010010011010111001
01110010110101011010110101011111
01011000101101101001111001010100
00011111000010011101101011100100
00011110101001000101111001110101
10111001010110001000001101101100
00001010011001001101111000000101
11100010000000010110001010110010
11101111000001000111011100011011
01101000101110101011111111000111
01011010110001101001011000111110
10110011010011100100110101010110
00110111100111000111001110001001
00110010101010110101111110101110
11110100101010000101011000101011
11111101100110001100011011000100
00010100000010010011000111010101
11110010010010110000111101011010
11000110011110000101111000001000
11001001011110011111000100011010
00111111100000100001000000000100
11110100000000010000100111010000
00110011011000111101000001000110
10001010001100100010011001001101
11010101111000011011100100001111
01111101100110010010111100101001
00111010111101111011010100110110
00011001101111100000110100000000
01111101010110110111001111010001
10111110100101001010010110001010
11001101101111110000110111100011
10111100000111110001100100000011
11011100010111110100010011000111
10110110011001010111000110010111
11101000101110101100010000011110
01010100110100110011101001101101
10100011111111100000001010111111
01110011010001011011000100011010
00110010110100111000001100111010
11100100001110011101100111100111
11001101110001110111000111000110
01100000110001001010110011000110
00000110110000110010101000000100
00101101010011011100010011000101
00001000000000100011100110001101
00111010111001111110010101110101
01101100001001100001000111101001
00101010111111000001100101101000
11111110001110111000010110000011
10100110101110110011110010001010
01010000011000101001010111111111
01110011111001101110101001011110
10010100011001101101110110100010
10001001000110010010101111011011
11101010000111010101111011001000
00010100100000111010101010000101
11000000110011010001100010111011
10011111001000000001110101001011
01011010100010100110010101001100
10011111001001110100111010110100
11100101101011101001110000000001
10111100100111110110011101011110
01000001010001001000011110100011
01101110110010100001001001011110
10010111001110000110100001010011
10100101010001001111011010000010
11001011101101011100111111100100
00011110000111001111011101011100
00110011101101001110001111111110
11111010100111010001100001001100
00110001110111010001011101011001
10010001010111101110011010010100
01010011010000111001000010001110
00101100011001101110011010100110
10110110011001011011100010100111
10000110110010000101101001011111
10010001000011100010000000101010
11101101111110110101001001011000
10101011100110000000011011100010
10100101010011010110001110001011
11010110011100010000100010100111
10111011000111110111100101000110
10110011001010111010110111111111
10110111100000000010010011000110
01100100001011001011000101010111
01010011001001000001001010001001
11110011111100011101100111001100
11011110011000010111000011000010
01111011110011100100110011010111
01111101101100100101100111001100
01101000100100100100010000101110
00111110100010001111111101111110
10100100001010010001010101001001
11001110111011110100010100100111
01010110010010001101010011000111
00100011001100001111111000111000
00111101011110111010000111010110
01010011101100101000111101010111
11100010010000100001101101010011
01100111101101010001110110111111
11101011101100000010100100111111
11101100101000011101100011011100
11100111110100100111001010101010
11101111001000110001110101011110
10101010010000111100110110000100
01100100001000011110010010010010
00111110001011001110110001010010
01101000111101110000011101100010
00110100101001000010100110011101
10110010010011001000010110001001
00011000000011101001111001110010
11001010100111100110000010000111
01111011111010111010010110010010
00011011101101000010101010101000
01001101010001100001010011001011
00000001110101101111010101011001
11001011000011000010110000100011
11100000111110010011101011001111
11010110101110011011101011110000
10100110001001101100110101001110
11001101111100110101111101000001
00011110110000110000101101111000
00010111001100111101001011100100
01101101001010001001100000110011
00100100100001111110110010110110
11001110010011010000011100010010
11011110110000110111111000110010
00100000001000101010011011111010
11010001001100000111100011010011
10010001101000001001101001110101
11010111001000111100010101110000
01010100100000011001000100111010
00000000100111010001110101100001
10010100001110010010000100111011
11100110111010001011010001000110
01111011111100001000111011111011
10010010111010010011110111100101
10011010010011011101110011000101
10010100000010001000110000111110
00000010001101100110000001101000
11111001110011001111100110001110
10010001011100111111010001001101
01111100101010000100111100001111
11010001011110100101001110100000
00001101011111011010001111001100
10101000000111110011010001001100
01111110011000110000001001000110
11111001101100101001001001110000
01000001100010000001010111001011
00111110110000011111001110010101
11010000101011110011000001001011
11011001011001000000000000101000
11010000101111000000111100010001
11101100000000011111111011011111
00111100111111010100001110111011
01010100101001000100110110001111
11110001110110001000010000100010
10010111101011100100111000110100
01011100110110110001110010001011
11101110001111100000111101101010
11111001010100111000001011000000
11011001101001010011110111110010
00000101011011000000000110110111
11111100000111000001111101101011
01000011111110000010010001010101
00010100001111110000111111111000
01011000011010110100011100011101
01101011110100111110111001101100
00010010000101000001000001010110
11010110101111001010011100111010
01011011011100101101000111100010
01010100100110111110100001100100
11111010000010110101101010110101
00110000111111000111010101000000
10100010010010010111001111001111
10001100010100111111111000010011
00000101000011101011110101011111
11110100111111101010110010010001
10001100000001111100011001000011
00110100101010101001110101000001
01010111010100101110001100011001
10111000001000010111011111000010
11010011001111111101101011100101
00001000101101100000010101111011
00010111100101000001100010010010
01001110101001110010101011100011
01010001001101110000010101010100
10000110101011111000110001101100
01100010011100010100000111000100
11011000010011110101101110001001
11001000010010111100011011111101
00110100000000111010100111110110
01100000100001101111100010101101
00101111011010000101010110110001
00111101011000011100101101011010
10010010110100010001001001001001
00101010101100101111000111000010
01101000101110011001111110110110
00000010000010110000011010010110
10101111001110000100101000001011
01010010111101111000100000101110
10010001110000110000110101011101
11110101000110111100001101010000
00100111110110010010111001110000
01010010111001110010000110111010
10000110110000010000101100001111
00000010100011010011100100001110
11010101001001101110010010101011
01110100101111001101001010110101
10111100001111011110011101111111
10010010011100111100101101100101
00001011001001010111001000000011
11000000101100001001001111011111
10100011110110001111100111111000
01110110110111101100101111101101
10011010010100111000000001010101
00111010010110100010001111000111
10110011111110000011000001100010
11100001010001000001000101011000
01000100111100110000110010010100
01110001111000010101110111101101
11100101100101101101101010001110
11000110010001110001110110010110
11011011010110100100001111111110
01110111011010000000000011010101
11001101011111000001110111011000
01110001100100001010010100111100
01100001100100100001011000101011
10000011111110101110000010000100
11011011100101011010101101110001
01110100100000011111101111101011
11110010001110011101000001101000
11100010000110010101100110100110
11010010101000111110011101101011
10100110111100110100001111000010
00111111001001101001010100011000
11010011110100110011011110110010
11111111001010001011001111110011
10101101011101001011101000000111
10100000001011111001000011111000
11001100111010011110101010011110
01101101001100011001000110111001
01000110101001011100111001010011
01001111111100010110111111000010
10110101011001100001010000101011
11001000001010010010110110000000
01010100110100011111101111001011
01110101101100111011001111011101
10101000010010001101111000010000
11000110000010110000100101001001
01101000010000011101000001001000
11001001101110010001010110100001
10011101110101101100000100011101
10001011100101010111010011111011
11110101000101010000000000110001
00100110000001001111010010011011
01110110011000110000101100101110
01010000110001011010110000111101
01010010000100010100111010011111
10000111010001101111110101111111
10001001111001000000001011011010
10101001111101010001100001111001
11010011000110100100010110000100
00100100100111111101110010000010
10011100001000100110001111010010
11011111000111111101110001110110
00101110100101011000000100101100
00000101101110111101000010100111
00000010111011111100110101010011
11100100010010100100100100110100
01000110110100100101001001111101
10001011101001110010110111100000
10011100111011101100110010101110
01100100001100110100100101010110
01100010001110110100001000100011
00001010001011100111001000010110
01100010101000111110100011001111
00111011111110000000110000101000
10011101010000101101111100010110
11deg=19937
deg lcm poly = 19968
weight = 9183
10000000100000000000000000000000
10000000100000000000000000000000
10000000100000000000000000000000
10000000100000000000000000000000
00000000000000000000000000000000
00000000000000000000000000000000
00000000000000000000000000000000
00000000000000000000000000000000
00000000000000000000000000000000
00000000000000000000000000000000
00000000000000000000000000000000
00000000001000000010000000000000
00000000001000000010000000000000
00000000001000000010000000000000
00000000001000000010000000000000
00000000000000000000000000000000
00000000000000000000000000000000
00000000011111111000000000000000
00000000011111111001000000010000
00000011100000111001000000010000
00000011100000111001000000010000
00000011111111000001000000010000
00000011111111000000000000000000
00000001100000011000000000000000
00000001100000011010000000100000
00000110011110011010000000100000
00000110011110011010000000100000
00000111111110000010000000100000
00000111111110000001111111100000
00000000000000000001111111100000
00000000000000001110000011100000
00000011001100001110000011100000
00000011001100001111111100000000
00000011001100001111111100000000
00000011001100000001010101000000
00001101010110000001010101001111
11111101010110001011111101001111
11111001001110101011111100110000
01111001001110101010101001110000
01110100011000101010101001111111
10000100011000100001100111111111
10011001100000000001100110101010
10011001100000110010100110101010
01010101100000110010100110101010
01010101100000110011000000101010
01001100000000110011000000011111
00101100000000011000100100011111
11111011100111011000000111110101
10111011100111110010000101110100
00111110110101110010001001011011
11011111011011001010101101011011
11000100111100001010001110011011
00000100110101000100001100011101
11111011001111000100000011010010
11111010101001101000111011000111
01001010101001101000111010101101
10001010000001110011111010101010
11110000101001110000110111010101
01110000110100110010001111001111
11011110110100110011000110100001
10011100111010010001110110111001
10000011011010010100100100100001
10000011110100100100100100111110
10000111011100011100000010001000
10000100101000000110000010111011
10011001011000000000111101100000
10011100000010100111011101101000
10011110101010000001101101011001
10000110010001000110011101111010
00100010010001001000000111000001
10100100001001010011000111000001
01111001100110110010010101000100
10000110010111110110111001100001
11110001111000001010010111100100
00011001111100110111001000000011
00101011001001001101101101010000
00110010101010110000000011010000
11011111010101000110111011011100
00011101010000001010111010111110
00111111001001011101011001110000
11110110000000010100011000100010
01001101000001101111111110100111
00010100101001111001010010100101
01011110001011010010110101011110
10001110110001111111011111100011
01000001010110011001001011010100
00010111101010100011100110111000
00010111110001000010101111011101
00100011000011111001110000101101
11000001110000111110111111110111
01010110000011100011101000101011
11011111011100100101111110101010
10100000110011111010010101011011
10110110010010010111110110000111
11100010000011011010000001001000
00101111100010101111110101101010
10010111101011000111100101011010
10011110111101100010101110011010
10111000101011001011001100100111
00011110100000011101010101100001
01011101010000101111101000011111
11100000010100101100011110001000
10101111100000001000000111100001
10000101101100111101111010000100
10011000101010001100100110010011
10001110111011110100110010001010
00010101110110000101011101110100
01101001111011000010001010101001
00001000010101111011000010011010
10011110110111001110111000110101
10100011001001110101101100011011
10010011110101001000100000111001
11010011000000110011100111111100
11011111110001011001101001001010
00000000111010100011010010001101
00000000110000110001011010001000
11111000110010001100100001010111
00110101111011010010101110011101
00110011010111111011010011111110
00111110111010010001011001100111
10110011110001011011010111100001
01101101100101000000011111110000
00001011011100100110010011010111
00010000111110111001110111001101
11000110010010111110110110111011
01000111111000100111000001101011
10000111011000111100011101101110
00001000010001100010010111011011
00101110001001000000011111110001
00010101100001100000111011001011
10111000001001111000110111011110
10010001001001001110100110010001
01100011000011111111100000101111
01101010001110100111110101000011
00001001111001100001000101110101
11010010000110101111101010010000
01000000100101011110100101011001
01011100010110011101101000011011
10000001000010100100111100000010
11100101111000011001000010110100
00100110101100111110011111101100
00010100110010110011110101001100
01000101111100001101000000000011
10010110110001100110110101101001
01100011010000100001011100000010
01001010000101010011010100101100
00100010011100000111000110010010
10110111111110111011001011011001
00011110001011000110111011010010
00001110100011010101100111010110
11101000001100101010111001010100
11111000001111111100000011011001
10110110001000100110111011111001
01100001011111111000100000110011
11011001101111100000010000011011
10010001001111000001001101110100
11110100111111111100100111111000
10110111111111101110010100100111
11000001011101011010111111100101
00011010010111111101110011001101
10110111111100110010111001000010
11001100101011110001011001011011
01010110110101000001100001011101
00001100110100000101101101001100
00001010010011110011001010111011
10100001001010000100010110010010
01111101101001101010100111110110
01101101111011100010111011101010
00111100010000011100000010110010
01101011001000101011000101010110
11110000001100101010111001011110
01101100000101001010010001110001
01111010111111010001000010001110
11011111011011010001111000001001
00001011100001110111011111100101
00010011000101101001100100111000
01010110001111010000001001000111
11110010010000101001110100011010
01101010111111110110110010000011
00001100001011011110100101010000
11011111001110110100111101110110
11110001111000010110011011001101
01011000110000111000011101110000
01010110111111010100100110001011
01010010000100111000111101111111
01100110001000001010010110001011
00010100000001100010010100101011
01101010100000010110011011110100
10001101010000111101000011010111
11100011001011010110010000011001
01000100101100011001111000101011
00111111110111000100111110111010
00111010100110100111001001111000
00010011101101001111010010011001
01110000011001001000111101100110
00111110100010000010110010010001
00110010110011011100110100111110
01000100100111111111100111110010
01011110111000000010111001010111
01001001011010010110101000010100
00011010010010111000000000010011
00110100110110010110111101000101
11101101001100100000110111101001
01010011111110101010111001101001
00000011000100100001110111011000
00100000111101000000111111011101
11101001101001011111110101000000
00100000100110110100100011100101
01100111111101110101100001111001
01000111100101010011100100110010
00001111010111100100010010001110
00011001000100100111110000010110
01001100110011101101001000101000
00001000001101101101000001100001
10001100011011110001100101010101
01011101100101111001101010100111
01000111100101011001010001110001
10110111000101111100011110110001
10001001100011000001010110001101
01010101101111111101000011011110
10100101001100001110110010010101
11111100100001001010110001001000
00110001111010000111010101010010
11110111110010110111010000010010
10001101110001110010111111100101
10000011011000001001000111000010
11101110010001110100001010101011
10000110000001110111101111110111
00100010001111110111010101110011
11000000010000001010101011100010
10000111001101011100100000010000
00111011000100101110010100111010
00111001000000011101011101100111
01011100111010110110100000100001
00000001100111100101100110101100
11101110101001001010001001010111
10011100001110100000001000110001
00111110111110101000011100000111
01110100110001111101001001110011
10111011100011101100010110101001
11111000111110111000011100100010
00101111000110101101001111100001
11101001010011001101001101000000
00001010101000001101011011111101
11100010111001000011101101111001
11111000101011100101000100010100
11111100000000001111000010011100
10000001000010111110101111100001
00010011000100011111000101000110
11100011110111000010101100101111
01100111011111010000110001011101
00110111110010110000001110101101
01110100011000100100100011010001
10110100100111111000110011101001
10111110101100010101011010001100
10010000111100010100011111001010
00111111100111011011000110000011
01000001010011101000110011110000
00111111110101011011100001000100
10110101101010101000000111001111
00001110001011000101110110011101
00110111101010011010100001101111
01110101000101011000110001010001
01000100000111010011110100010001
11111100011110110100100000011011
10000101111101011111100101110111
01011111101001100001101010101010
01110101111000010000001000001101
11011010100010111000111001101110
00001111110000111011110110110010
11011100100001100011110101100101
10101010000010001011110100101111
00110001100110110101000001111111
10100011011110110101001110010001
00110000101010010010001011001011
10110000111011001100010101100011
11100010111101100001011011010000
10100000010111010010001001000101
00000010111011000111111110010101
10001101110111011101001100010110
10000001010011011011111100110010
01110010001101100000110101001011
11000001000000010010001100110000
00100111110001111100000011010010
01001101100110000011011010111111
10101000100011010111000010001011
10011011100001110011111100000000
01010101011101100001010010010100
11100111100011010111100000110000
00100111000011001011110000010000
00000010001101100100010100011111
10010100100111111110011101001111
01011100100000100001101110111011
00110111001010001110101101100011
11011111110001011001001011000001
01010001111000000101100001110100
00010011011110010100100111010111
00110110001011100000110100110000
01100111101110000001111000010011
01000001111000000001001001001100
01100001010001010010110111110000
00011100001011110011011010101111
11110110000111010111100110000001
00000001001111001111111100010100
11011011100010101100101101100000
01001100001111011101010110101000
10110101101000010110110110011011
00001001101001010101000111010101
00111001010000010100111001111011
10110100011100110010101001101011
01000101011001001001111100000011
00001110000001011110010111111011
10111011000011000001010100001111
10010110000111001000001010010111
10111000001011010110001101001000
10100101010111100001010100010010
11111111001100011000000100011000
00000010100111010000101011111011
00010000101100011110010111001111
01011101101011000100101011110001
10100000101001100010000000101100
10001000001010010001111101001010
10010000101110111100101110100100
01111101110101011011100101111010
00111111110001010000000011111010
10000010111111100111000101111110
11001011101000000000101101101111
01110110010011000101110110111011
00000101111101101011100001101101
11011001111101001000101001010110
01100010011100001110001101010100
11110000110111000010010100110101
00000110000010101011000110100111
00000110010010110100010111010010
01110011011001100101100010100001
01110001010010011011110101101011
11000101111101011100011100010111
10110100001000101010010011010101
10111100000011000011011001011100
00011100001010110001001111011000
11101000011011100000110000011110
01101100011011010000101101100101
11110000100111110111000100100110
01011000110100110010111000100010
11100110010011101100010101101110
11110011110000111001001110001001
10001100101111111111011011010100
00011111001001010110010011110100
01011011111111001111101000000111
11100110011001110010101011101000
11100100111001101011101001110101
00100110011001000110000001110111
01111010111011100010100111100001
11110100010001101001011100011101
10111010001010100011111001111011
10010000001001001110000010011101
10111100011110000001101111100010
00000110101001010000101101011111
10010010010010001010010000001100
10001001101011010000000101001111
00101001100001101011110101101111
00100101101111010101001010010100
01011111010110110001101110000010
00111111010101101110110110010011
10000011000110000110101111011011
01001110100011100011100111101001
00110001011000101001000011000001
00101010011000000110100111000011
10110111100100010010011001000110
11001101110100011011001000001101
10010111100010010010011010011110
11001101111101101011011111111010
01011001010010111011101111000010
00000110011010001111101111100011
11010001110001000101110000110101
11110001100101010000000101110010
00000011111000010101001110001010
00010110111001011110111011000111
01000010111001010010000011101000
10010111000101110001111110111000
10001010111011011101000110100100
10000001110010011101101011110001
11111111111001110001111011001000
00000011001010111110001110101110
10110001010000111110000011011000
00101000000101100100001000100110
10101101000110010100111101101100
10100010111101111101011111101111
00110001001111101001111110111100
01101010001101000110101111000010
10000001111100000001111110110100
00000010011001010011110010011111
10001011110010010000001101011110
11010001001010000010100000001011
11111111001110110100001011010101
10011111100000010111101001001111
10010101100011110101011111111100
11101011001110111001001011010110
10110011010101101101001101110000
01110110000111110010100101110000
10010001110011001111000000101101
00110110000010100011011000000111
01111000100110100110101110000001
00111100111110001110000010110101
01010010011010100010010110010000
00100010101101010011100101010001
01111010011010001000000011001110
10100010101011101101111011110101
11111011000000110100010101101000
11010111000000011100100111011100
10100011100100110110011011000101
00111011000001110011111011110110
11010100100011011011001101000111
10001100001111011001100111100001
01001010110001010100001100101000
11000010010101001100010001000001
00110011101101101100011001010001
10101101110001101000000000101001
10101000100101101100101110111000
10101001011000001010010000011000
10100001010111011100111111000101
00100101100110101010011010000100
00000111110101011110101110010110
11001011010101111110111101110110
10010010111001010011010011001111
00001110001111111101111111110101
01010110110010111011101001100101
11111111001001101100010011100000
01010001110011011100111111101100
00011000101101000110000111101011
01101100011111010011010011111100
10101110011000110110111011100110
01000101010011101100111110111000
10000011000111011010010110110011
11011111101011001001110110010001
11100001000010100101001011000111
10101101010100110100110001001011
11011010101110110100001010000101
00011100001110001100110001001100
10000101101000000010111101011111
01010011101011111111110110111011
01100100000010101001010111010111
11111010001101110001111010101011
01011000101011010001001100100010
00001101101011001100011011110001
01111101101010101010100011001101
11101111010101011101100000001000
11010110001111101101110100010011
01110100001111011010100001000000
10011011111100000100001100100000
01011110100000000110000111010110
11110100100111001000110011110110
11101010110111111110000111110100
11001100001110011110101000110001
10101011111000101110101000001010
00001110000010010110010000111110
01110111111010111010111000100100
11111001111101011111010101001101
01010011011011001001010110001011
11011110001110101100010001001110
10000110110111111000100101001110
00110010000010000001000001101101
11110101010001000001011110011010
00101001010100100100111000000101
00101101000101101110100100000010
00100111011111001011101101101010
00001110011111100101010000000101
10010111111000110100110110110101
10011111000000110110101010011100
00010000000011000101111011101110
10011110000100111101110010100100
10001000001011110011011100111101
00001001100110001100001000111101
01101011100011110111110011101111
11000001000110100011100101001101
11111001100001001001110000100010
01000100000100111001101000000011
01010010011000001100001010110100
00101111011101111110011111110011
11111110001011101000110101111010
11101001011001010101010000111101
11110100100100001100111111101100
01011101101000111000100000110110
00100001101101101111000100011000
01110000101111011000101110101110
01111000100101101100100001011110
00001100101110010011000100010100
00011010000101000010100111010010
01001101001001000101011111001010
11111001101111001011000101101101
01000011100100100011101001111010
00010000010001011100101010111110
01101010011110100001111110110001
00011000101010111101001101110011
10001001001000101110110111010101
00001001110110110110001010000100
00110110010111110000011011110010
10000101110110111110111100000011
00001110100011100011110110110101
10111010110011000111011101100100
00000001001000100111100111000011
01010100011111100110100110101110
10101100111011010011111001101000
10010001010001111101010000111001
11100010101000111111101111000110
11011001010000111101111000011101
10101111001000110111011110100111
00110111000000111000111110010110
11001001000100001111011011000011
00110000110100100111011100111001
01010110010000101011010000100010
01010001000100100110010011001011
01011001111010101000000010011000
11001110010000011001000110000001
11101011001011001110110001001000
10010000110010101100111101101111
11111011111000001101010101011111
01101001000001111001110001001000
10011011110011101010100110010010
10000011010001101101000111110010
00110010001100000001001101111100
01010110110011101011110101111000
11100010011011001001000100110001
01000101110011000010011001101111
00010011001101010001111011110100
10101110010010011000000110100011
00000110110011111001100100001000
00101111010000001011111100100101
10100110010101000011111010001000
01001001011000000000110001011010
10000111101000010000110011111000
10001110111111100111101001001101
10000100001111000110100101000000
01000110000100101101000110111101
11001000110111000001111011110100
10001011000011010111101010000001
10101010100111101100010101111010
01010010111100110100111111000111
01110000110011100110001011110101
00011010010101101111110000010000
10110011110000011011100111111010
00100000111010111101000111011111
11001101011000111110010100001111
00100101011100001000011110111101
01110100001110100010010100010111
01011110000001000011010100010011
11101100111011000011111110001000
11110000000101111010001110010111
01000101011100110101010011100110
01000100010001101110000111110001
01001100111100000101110101011101
10011000110100000011000101101001
00011010111011110000111000011001
11111100100001100101000001000101
00001110000001110010001010111100
00010101111101010100000101000101
01001010100010100111100010000010
00100001001111110110000111001001
10000110110100100001010001100001
00110011011001010000011110111101
01010000011000000000000100011111
10101010000110101011001101010000
00110100001001111011111011000100
11100011101100101010100101111111
11101011010010100010110010110100
11011011000000011111100000010111
00111100010101101110110111000010
01010000101010100011001101100100
00101100110111010100010100110010
10110011101110010110110011110110
11110110110011010010110101000111
11111100011000100001011101100100
01010110011111101110010110100101
11110000100001010110000100000010
11010011100100100011010111000000
11111110101101000010101100110000
10100110010100010010101101101100
11111010010101011000010100000000
10001111010111011110100110011001
11011001111001000110000111111111
11100010010010110011101101001011
00111011101010100101101001000100
11111010010000010111100000011100
01011000010010111111000001011110
00010010101111000010001001111101
11011111111101101011011111111111
10000010000001001100110000000000
00001101101010000110000011111100
10010111010010111101110110000010
11010000111010110010010010100100
01000010101110010011110001000100
10000001010101100100110100010010
00001010011000000001111001100000
00010100011100011101000110101101
11110010000000111011001001000000
11110010001000010010001100111100
11011011100110000001100110011001
10011100100110000000010100000000
00000000000000000000000000000000
00000000011111111000000000000000
01000000010000000110111110000001
11101001111110000000000000000000
00010000110100001100000000000000
00000110000000110011010100110000
00000000000000001010000000000000
00000000000000001010000000000000
01000000010000000100000001000000
00000011000100000010000000100000
00100000000000000000000000000000
00000000000000000000000000000000
00000000000000000000000000000000
00000000000000000000000000000000
00000000000000000000000000000000
00000110011000000000000000000000
00000001100000011000000000000000
00000000000000000000000000000000
00000000000000000000000000000000
00011111111111111110000000000000
00000000000000000000000000000000
00000000000000000000000000000000
00000000000000000000000000000000
00000000000000000000000000000000
00000000000000000000000000000000
00000000000000000000000000000000
1deg=19968
deg tmp = 31
52 bit k-distribution
k(1) = 19932
k(2) = 9968
k(3) = 6643
k(4) = 4983
k(5) = 3986
k(6) = 3322
k(7) = 2847
k(8) = 2491
k(9) = 2215
k(10) = 1993
k(11) = 1812
k(12) = 1661
k(13) = 1533
k(14) = 1423
k(15) = 1328
k(16) = 1245
k(17) = 1153
k(18) = 1107
k(19) = 1043
k(20) = 768
k(21) = 768
k(22) = 768
k(23) = 768
k(24) = 768
k(25) = 768
k(26) = 388
k(27) = 388
k(28) = 384
k(29) = 384
k(30) = 384
k(31) = 384
k(32) = 384
k(33) = 384
k(34) = 384
k(35) = 384
k(36) = 384
k(37) = 384
k(38) = 384
k(39) = 384
k(40) = 384
k(41) = 384
k(42) = 384
k(43) = 384
k(44) = 384
k(45) = 384
k(46) = 384
k(47) = 384
k(48) = 384
k(49) = 384
k(50) = 384
k(51) = 384
k(52) = 383
52bit D.D:   4784, DUP:   29
