mexp = 2281
filename:sh.resD11n.2281.magi03.070226.59.txt
POS1 = 17
SL1 = 27
SL2 = 1
SR1 = 6
SR2 = 16
MSK1 = fffef7ff59fbfeff
MSK2 = feef9f77fd7fffe8
deg poly = 2281
----
11110000001000101001100000110001010000110010001001110110100100100111011000000100110110011001001010010100
00111010010100010001001110000101010010001010110110011011110000100101010111011110101010000010111011110110
11101011011010100101100111100110110111100001101101000100101110011111110010111000111100100000000001100000
11011101101000110011000101011010111011111011011011101010010101000111100011111001111100010010011010110100
10100001101000000101011100001000100110100101100111110010101010100000111101110111101010001000111100010111
00000000101101010100100010000010001001010110111011111100011001010000100010001110111001111110011010001000
11011111011000101010100011000110100101111110001100000111111000111101000101100110010111110010010101100101
dim kernel = 97
-----
10010010000000000000000000000000000000000000000000000000000000000000000000000000000000000000000000000001
00111000000000000000000000000000000000000000000000000000000000000000000000000000000000000000000000000010
11010000000000000000000000000000000000000000000000000000000000000000000000000000000000000000000000000100
11001010100000000000000000000000000000000000000000000000000000000000000000000000000000000000000000001000
10000010000000000000000000000000000000000000000000000000000000000000000000000000000000000000000000010000
00001000000000000000000000000000000000000000000000000000000000000000000000000000000000000000000000100000
00000010000000000000000000000000000000000000000000000000000000000000000000000000000000000000000001000000
10001000100000000000000000000000000000000000000000000000000000000000000000000000000000000000000010000000
10010010000000000000000000000000000000000000000000000000000000000000000000000000000000000000000100000000
01001000100000000000000000000000000000000000000000000000000000000000000000000000000000000000001000000000
10101010100000000000000000000000000000000000000000000000000000000000000000000000000000000000010000000000
00111000000000000000000000000000000000000000000000000000000000000000000000000000000000000000100000000000
10110000000000000000000000000000000000000000000000000000000000000000000000000000000000000001000000000000
01101010100000000000000000000000000000000000000000000000000000000000000000000000000000000010000000000000
11001010100000000000000000000000000000000000000000000000000000000000000000000000000000000100000000000000
10111010100000000000000000000000000000000000000000000000000000000000000000000000000000001000000000000000
00100010100000000000000000000000000000000000000000000000000000000000000000000000000000010000000000000000
00110000100000000000000000000000000000000000000000000000000000000000000000000000000000100000000000000000
10011000100000000000000000000000000000000000000000000000000000000000000000000000000001000000000000000000
11011010000000000000000000000000000000000000000000000000000000000000000000000000000010000000000000000000
01000000000000000000000000000000000000000000000000000000000000000000000000000000000100000000000000000000
01010000100000000000000000000000000000000000000000000000000000000000000000000000001000000000000000000000
10001010100000000000000000000000000000000000000000000000000000000000000000000000010000000000000000000000
11100000100000000000000000000000000000000000000000000000000000000000000000000000100000000000000000000000
11001010000000000000000000000000000000000000000000000000000000000000000000000001000000000000000000000000
10100000100000000000000000000000000000000000000000000000000000000000000000000010000000000000000000000000
00010000100000000000000000000000000000000000000000000000000000000000000000000100000000000000000000000000
10010000100000000000000000000000000000000000000000000000000000000000000000001000000000000000000000000000
10011010000000000000000000000000000000000000000000000000000000000000000000010000000000000000000000000000
00110000000000000000000000000000000000000000000000000000000000000000000000100000000000000000000000000000
01100000000000000000000000000000000000000000000000000000000000000000000001000000000000000000000000000000
10010000100000000000000000000000000000000000000000000000000000000000000010000000000000000000000000000000
01101010000000000000000000000000000000000000000000000000000000000000000100000000000000000000000000000000
01110000000000000000000000000000000000000000000000000000000000000000001000000000000000000000000000000000
00100000000000000000000000000000000000000000000000000000000000000000010000000000000000000000000000000000
10101000100000000000000000000000000000000000000000000000000000000000100000000000000000000000000000000000
10111000000000000000000000000000000000000000000000000000000000000001000000000000000000000000000000000000
00010010000000000000000000000000000000000000000000000000000000000010000000000000000000000000000000000000
10111000000000000000000000000000000000000000000000000000000000000100000000000000000000000000000000000000
11111010000000000000000000000000000000000000000000000000000000001000000000000000000000000000000000000000
00110000100000000000000000000000000000000000000000000000000000010000000000000000000000000000000000000000
11011010000000000000000000000000000000000000000000000000000000100000000000000000000000000000000000000000
11000000100000000000000000000000000000000000000000000000000001000000000000000000000000000000000000000000
01101000000000000000000000000000000000000000000000000000000010000000000000000000000000000000000000000000
00010010000000000000000000000000000000000000000000000000000100000000000000000000000000000000000000000000
11110000100000000000000000000000000000000000000000000000001000000000000000000000000000000000000000000000
01101010100000000000000000000000000000000000000000000000010000000000000000000000000000000000000000000000
01110010000000000000000000000000000000000000000000000000100000000000000000000000000000000000000000000000
10101010000000000000000000000000000000000000000000000001000000000000000000000000000000000000000000000000
11010000000000000000000000000000000000000000000000000010000000000000000000000000000000000000000000000000
10000000100000000000000000000000000000000000000000000100000000000000000000000000000000000000000000000000
00111000100000000000000000000000000000000000000000001000000000000000000000000000000000000000000000000000
01000010100000000000000000000000000000000000000000010000000000000000000000000000000000000000000000000000
10110000100000000000000000000000000000000000000000100000000000000000000000000000000000000000000000000000
00011000100000000000000000000000000000000000000001000000000000000000000000000000000000000000000000000000
11111000100000000000000000000000000000000000000010000000000000000000000000000000000000000000000000000000
11000010000000000000000000000000000000000000000100000000000000000000000000000000000000000000000000000000
10001010100000000000000000000000000000000000001000000000000000000000000000000000000000000000000000000000
00111000100000000000000000000000000000000000010000000000000000000000000000000000000000000000000000000000
01011010100000000000000000000000000000000000100000000000000000000000000000000000000000000000000000000000
01100010000000000000000000000000000000000001000000000000000000000000000000000000000000000000000000000000
11011010100000000000000000000000000000000010000000000000000000000000000000000000000000000000000000000000
01011000100000000000000000000000000000000100000000000000000000000000000000000000000000000000000000000000
10100000000000000000000000000000000000001000000000000000000000000000000000000000000000000000000000000000
00100010100000000000000000000000000000010000000000000000000000000000000000000000000000000000000000000000
10000000000000000000000000000000000000100000000000000000000000000000000000000000000000000000000000000000
00111010100000000000000000000000000001000000000000000000000000000000000000000000000000000000000000000000
10011010000000000000000000000000000010000000000000000000000000000000000000000000000000000000000000000000
00111010000000000000000000000000000100000000000000000000000000000000000000000000000000000000000000000000
11000000100000000000000000000000001000000000000000000000000000000000000000000000000000000000000000000000
11101010000000000000000000000000010000000000000000000000000000000000000000000000000000000000000000000000
00110000000000000000000000000000100000000000000000000000000000000000000000000000000000000000000000000000
01001000000000000000000000000001000000000000000000000000000000000000000000000000000000000000000000000000
00111010100000000000000000000010000000000000000000000000000000000000000000000000000000000000000000000000
00000010000000000000000000000100000000000000000000000000000000000000000000000000000000000000000000000000
11001010000000000000000000001000000000000000000000000000000000000000000000000000000000000000000000000000
10111010000000000000000000010000000000000000000000000000000000000000000000000000000000000000000000000000
00011000000000000000000000100000000000000000000000000000000000000000000000000000000000000000000000000000
11110000000000000000000001000000000000000000000000000000000000000000000000000000000000000000000000000000
11001000100000000000000010000000000000000000000000000000000000000000000000000000000000000000000000000000
10011010000000000000000100000000000000000000000000000000000000000000000000000000000000000000000000000000
00111000000000000000001000000000000000000000000000000000000000000000000000000000000000000000000000000000
11000000000000000000010000000000000000000000000000000000000000000000000000000000000000000000000000000000
10000000100000000000100000000000000000000000000000000000000000000000000000000000000000000000000000000000
00101010000000000001000000000000000000000000000000000000000000000000000000000000000000000000000000000000
01011000000000000010000000000000000000000000000000000000000000000000000000000000000000000000000000000000
10100010100000000100000000000000000000000000000000000000000000000000000000000000000000000000000000000000
11100010000000001000000000000000000000000000000000000000000000000000000000000000000000000000000000000000
00111000100000010000000000000000000000000000000000000000000000000000000000000000000000000000000000000000
01000000000000100000000000000000000000000000000000000000000000000000000000000000000000000000000000000000
11001010100001000000000000000000000000000000000000000000000000000000000000000000000000000000000000000000
10101000000010000000000000000000000000000000000000000000000000000000000000000000000000000000000000000000
00110010100100000000000000000000000000000000000000000000000000000000000000000000000000000000000000000000
01001010101000000000000000000000000000000000000000000000000000000000000000000000000000000000000000000000
00000010010000000000000000000000000000000000000000000000000000000000000000000000000000000000000000000000
00110001000000000000000000000000000000000000000000000000000000000000000000000000000000000000000000000000
01011100000000000000000000000000000000000000000000000000000000000000000000000000000000000000000000000000
parity check vector
p[0] = 0x0000000000000001
p[1] = 0x0009200000000000
