mexp = 2281
filename:sh.resD11n.2281.magi03.070226.06.txt
POS1 = 6
SL1 = 15
SL2 = 5
SR1 = 1
SR2 = 8
MSK1 = f5f7ff77ff3bfffd
MSK2 = dfbf4bfbffeffdef
deg poly = 2281
----
10001011100000010111010111100000100011100011101010111010010110001111111110110101100110111111011011101011
11011010100111011111001111110110111010000111010011001001011111010111101011111100001101011110011011001011
00100110010110100111100111101000101101100011011011111000000111011100101000011101010100100100011101000011
01011000101010010010001011111000000100100011001000000100010110000001101001000000010111101010001100100101
11100100111100000101100101001111001101011111011010001011101000110100001001001110010011010001110110001111
00110101011001110010010100000100011010000011100100000010111001011111110001000111100110011011110100000111
00110110010010010010011111011001111000100000001001001000101111110100100111000000000000111000100100110101
dim kernel = 97
-----
00101000000000000000000000000000000000000000000000000000000000000000000000000000000000000000000000000001
01010010000000000000000000000000000000000000000000000000000000000000000000000000000000000000000000000010
00110011000000000000000000000000000000000000000000000000000000000000000000000000000000000000000000000100
10000000000000000000000000000000000000000000000000000000000000000000000000000000000000000000000000001000
00011001000000000000000000000000000000000000000000000000000000000000000000000000000000000000000000010000
11011001000000000000000000000000000000000000000000000000000000000000000000000000000000000000000000100000
00011011000000000000000000000000000000000000000000000000000000000000000000000000000000000000000001000000
10000000000000000000000000000000000000000000000000000000000000000000000000000000000000000000000010000000
01000011000000000000000000000000000000000000000000000000000000000000000000000000000000000000000100000000
01111000000000000000000000000000000000000000000000000000000000000000000000000000000000000000001000000000
01010010000000000000000000000000000000000000000000000000000000000000000000000000000000000000010000000000
01010000000000000000000000000000000000000000000000000000000000000000000000000000000000000000100000000000
11101010000000000000000000000000000000000000000000000000000000000000000000000000000000000001000000000000
10101010000000000000000000000000000000000000000000000000000000000000000000000000000000000010000000000000
00011011000000000000000000000000000000000000000000000000000000000000000000000000000000000100000000000000
10110011000000000000000000000000000000000000000000000000000000000000000000000000000000001000000000000000
00111011000000000000000000000000000000000000000000000000000000000000000000000000000000010000000000000000
10101001000000000000000000000000000000000000000000000000000000000000000000000000000000100000000000000000
01000000000000000000000000000000000000000000000000000000000000000000000000000000000001000000000000000000
10001001000000000000000000000000000000000000000000000000000000000000000000000000000010000000000000000000
11011010000000000000000000000000000000000000000000000000000000000000000000000000000100000000000000000000
11001000000000000000000000000000000000000000000000000000000000000000000000000000001000000000000000000000
11111000000000000000000000000000000000000000000000000000000000000000000000000000010000000000000000000000
00000001000000000000000000000000000000000000000000000000000000000000000000000000100000000000000000000000
01110001000000000000000000000000000000000000000000000000000000000000000000000001000000000000000000000000
01001001000000000000000000000000000000000000000000000000000000000000000000000010000000000000000000000000
01010010000000000000000000000000000000000000000000000000000000000000000000000100000000000000000000000000
01010011000000000000000000000000000000000000000000000000000000000000000000001000000000000000000000000000
00011011000000000000000000000000000000000000000000000000000000000000000000010000000000000000000000000000
01101011000000000000000000000000000000000000000000000000000000000000000000100000000000000000000000000000
11111011000000000000000000000000000000000000000000000000000000000000000001000000000000000000000000000000
01110010000000000000000000000000000000000000000000000000000000000000000010000000000000000000000000000000
10111010000000000000000000000000000000000000000000000000000000000000000100000000000000000000000000000000
10010011000000000000000000000000000000000000000000000000000000000000001000000000000000000000000000000000
00000001000000000000000000000000000000000000000000000000000000000000010000000000000000000000000000000000
11000011000000000000000000000000000000000000000000000000000000000000100000000000000000000000000000000000
10101010000000000000000000000000000000000000000000000000000000000001000000000000000000000000000000000000
11001001000000000000000000000000000000000000000000000000000000000010000000000000000000000000000000000000
01001011000000000000000000000000000000000000000000000000000000000100000000000000000000000000000000000000
01110001000000000000000000000000000000000000000000000000000000001000000000000000000000000000000000000000
11101000000000000000000000000000000000000000000000000000000000010000000000000000000000000000000000000000
11110010000000000000000000000000000000000000000000000000000000100000000000000000000000000000000000000000
00000011000000000000000000000000000000000000000000000000000001000000000000000000000000000000000000000000
01100001000000000000000000000000000000000000000000000000000010000000000000000000000000000000000000000000
01100001000000000000000000000000000000000000000000000000000100000000000000000000000000000000000000000000
10011000000000000000000000000000000000000000000000000000001000000000000000000000000000000000000000000000
10101010000000000000000000000000000000000000000000000000010000000000000000000000000000000000000000000000
01010000000000000000000000000000000000000000000000000000100000000000000000000000000000000000000000000000
00100011000000000000000000000000000000000000000000000001000000000000000000000000000000000000000000000000
11101010000000000000000000000000000000000000000000000010000000000000000000000000000000000000000000000000
01100011000000000000000000000000000000000000000000000100000000000000000000000000000000000000000000000000
11101001000000000000000000000000000000000000000000001000000000000000000000000000000000000000000000000000
11010011000000000000000000000000000000000000000000010000000000000000000000000000000000000000000000000000
11010011000000000000000000000000000000000000000000100000000000000000000000000000000000000000000000000000
10100001000000000000000000000000000000000000000001000000000000000000000000000000000000000000000000000000
11110000000000000000000000000000000000000000000010000000000000000000000000000000000000000000000000000000
10100010000000000000000000000000000000000000000100000000000000000000000000000000000000000000000000000000
01000010000000000000000000000000000000000000001000000000000000000000000000000000000000000000000000000000
01010011000000000000000000000000000000000000010000000000000000000000000000000000000000000000000000000000
00000001000000000000000000000000000000000000100000000000000000000000000000000000000000000000000000000000
00110001000000000000000000000000000000000001000000000000000000000000000000000000000000000000000000000000
00110001000000000000000000000000000000000010000000000000000000000000000000000000000000000000000000000000
00100011000000000000000000000000000000000100000000000000000000000000000000000000000000000000000000000000
11101011000000000000000000000000000000001000000000000000000000000000000000000000000000000000000000000000
11101011000000000000000000000000000000010000000000000000000000000000000000000000000000000000000000000000
10101001000000000000000000000000000000100000000000000000000000000000000000000000000000000000000000000000
00111000000000000000000000000000000001000000000000000000000000000000000000000000000000000000000000000000
11001001000000000000000000000000000010000000000000000000000000000000000000000000000000000000000000000000
11111000000000000000000000000000000100000000000000000000000000000000000000000000000000000000000000000000
11101000000000000000000000000000001000000000000000000000000000000000000000000000000000000000000000000000
01110011000000000000000000000000010000000000000000000000000000000000000000000000000000000000000000000000
00000010000000000000000000000000100000000000000000000000000000000000000000000000000000000000000000000000
11110010000000000000000000000001000000000000000000000000000000000000000000000000000000000000000000000000
00100011000000000000000000000010000000000000000000000000000000000000000000000000000000000000000000000000
10000001000000000000000000000100000000000000000000000000000000000000000000000000000000000000000000000000
11100001000000000000000000001000000000000000000000000000000000000000000000000000000000000000000000000000
10110010000000000000000000010000000000000000000000000000000000000000000000000000000000000000000000000000
01111000000000000000000000100000000000000000000000000000000000000000000000000000000000000000000000000000
10001010000000000000000001000000000000000000000000000000000000000000000000000000000000000000000000000000
01100001000000000000000010000000000000000000000000000000000000000000000000000000000000000000000000000000
01001011000000000000000100000000000000000000000000000000000000000000000000000000000000000000000000000000
10110010000000000000001000000000000000000000000000000000000000000000000000000000000000000000000000000000
00011000000000000000010000000000000000000000000000000000000000000000000000000000000000000000000000000000
10011011000000000000100000000000000000000000000000000000000000000000000000000000000000000000000000000000
11110000000000000001000000000000000000000000000000000000000000000000000000000000000000000000000000000000
11000011000000000010000000000000000000000000000000000000000000000000000000000000000000000000000000000000
11110000000000000100000000000000000000000000000000000000000000000000000000000000000000000000000000000000
11001000000000001000000000000000000000000000000000000000000000000000000000000000000000000000000000000000
10110011000000010000000000000000000000000000000000000000000000000000000000000000000000000000000000000000
11010010000000100000000000000000000000000000000000000000000000000000000000000000000000000000000000000000
01101010000001000000000000000000000000000000000000000000000000000000000000000000000000000000000000000000
11000010000010000000000000000000000000000000000000000000000000000000000000000000000000000000000000000000
01010011000100000000000000000000000000000000000000000000000000000000000000000000000000000000000000000000
00101010001000000000000000000000000000000000000000000000000000000000000000000000000000000000000000000000
00100000010000000000000000000000000000000000000000000000000000000000000000000000000000000000000000000000
11100011100000000000000000000000000000000000000000000000000000000000000000000000000000000000000000000000
00100100000000000000000000000000000000000000000000000000000000000000000000000000000000000000000000000000
parity check vector
p[0] = 0x0000000000000001
p[1] = 0x0002800000000000
