SFMTp-4253:25-22-1-18-11:7fdf6fff-fffe6fff-efbefdd7-fff7f9bd
generated randoms
init_gen_rand__________
1813804608 2921587219 1963910345 2682687812 1106171596 
4284375761 1238111011  169430673 2380364899 1715236328 
2406970395 2243318264 1150898132 3887728491 2168051252 
1663690193 2915791959  693429234 1579637655 2411618162 
1286468948 4115624282 1606626081 3184536930  943714233 
3233662587 4030721882 2292099351 3792007600 3467939077 
3827146871 1169856852 2149525958 3443775750 2234221681 
1780938536  749692554  827278150  546143297   82919632 
2055617809 1698346958 3463587920  487885417 2715371996 
 520959932 1305096734  187230142 2768645474 2243307770 
3212560825 3330576985 2754225501 2738126577 3540231408 
3866298593 1618882348 3929382292  583595347 1552920312 
4058507145 3433206514  609157187 3364739112 3444703657 
3766421509  682692758 3606126875 3131812798 3441618349 
1421406231  874937449  417895992 1339197635  148853041 
2683018159 2115339519 2360571266 3484567651  156227481 
3442717341 1778253072 2786206208 3033549518 2519629225 
4265803460 2708190833 1671391018  672680291 3489977679 
 724717347 4209754375 1825316631 2654216617 1974103864 
 354533683 4003779900 3215155756 2225787439 3331388529 
4173641285  498581528  479152228 4186723837 1484207299 
1444988699  305909462 1562898320 1904088605 1035569618 
3461833202 3385484222 2915382082 1013393419 2869474296 
 990619664 3043473806 3837463898 1385850870  688841742 
1047720059 1436076150  110749913 3605782662 1005930451 
1382208008 1960954441 3893456122 3643981883 1710964086 
2405936387 2980437688  974835424 1707804552 1420847410 
1904766984  572317513 2718312631 2630140180 3531297268 
1501659538  175582229 3399318138  802771121 1910243601 
4019433842  142255142  232418675 3886733689 2654990976 
 791538661 3923805595 2478781183 2316647148 3721857823 
 299871214 2238115104 2340758273  600753508 2103406209 
4016039714 3561614372  236631455 1141096162 1402148957 
3887855439 2291334883  998202184 2881806279 1165593840 
 122670958  254485626 1023557433 2355318035 3731995612 
2063296634 4232068165 1736183367 4098541454 3704040884 
 606389906 1737490184 1606805836 2851491682  355319637 
3479064634 3747694274 2895776927 1479535650 2487781896 
 323363438 3672004581 1466530982 3122504889 3775047363 
 107789221 4183279298  102607336 1876653710 3471792867 
 553568500 1294547464 4029950733 2900477292 3774523022 
 931225117 2346692081 1680770585 2174997901  462237696 
2120103192 3156120208 1751195208 1230020232  208237027 
2815063968 2015667911 3482274149  606858404  989551438 
3911125172 2023348427 3731544141  590685752 3329894492 
3013737315 3415383835  602260090  892914726  620685947 
 701989871 3795870870 3219520767 4253882009 2622288720 
1578864588 3298692114 2244657599 3058537706 2047931770 
2783601310  148885836  747990747  725559124 1246182248 
3353633159 1067553748 2606806684  378681986 3462742235 
1566711013  970698498 3416168347 1457563768 3492864536 
2328573015 2235438632 1407392872 2930075677 3440053766 
  29134598 1462788168 3610622312 3886426873 1722598080 
3088032014 2278939651 1657809002 1810349780 1688569027 
 124748974  786297744 2801297837 3387166901 1211817057 
3948061426 3861790925 2637348199 4164081947 1527829688 
  93862381 3429191085  814877940 2321959410 2786872341 
4037011870 1187584697 3548928399 3297142371  723032520 
2488022321 3491313394 3659541238  969684844 1265931287 
1103980272 3466400116  441688822 3591142058 2064254247 
4203076924 3395438787 3845019882 4105544577 1276166173 
1909268273 1759983164  853172558 3051162809  299978311 
2149666231 1790316659 1256857673 1062124728 4085286147 
1884280794 1053460304  175472248 2960125379 3429734942 
2075702667 1204877917 1441721096 2232435005   28723677 
1611415278  709554918 1683429468 3773483797 3666830216 
 125499167  392536352  892630165 4224029641 3915859970 
4269118786 4012991455 3492457899 2338563316  446767898 
 522280471 3819835343  768069218 3031669058 4068861018 
3625753843 3523340177  238649636  974973806 2618440323 
 914632988 1672456026 1044349754 2535044637  347188950 
3078829196 3606705584 1462959050  901080835   87333189 
3237397014 3742482155  827413261 1146316536  986360230 
 211746740 3704421244 2478472455 1172613184 3088617094 
3510445100 1334807097 1727924529 3182875927   49991786 
1190221617 1052752331 2944910718 1381461684 1451809926 
3748177079 1865585131 2049852913  225413136 1555735381 
 757697292 2880431491 3831339712 2924895063  972663224 
   9499043 4203967500 1379975273 1136966835 1334995062 
4158705654  492972037 2657562789 3625877391 3117514057 
4186822350  896351930   30167597 3383335853 1345353251 
1604447750 2329353493  253008187 4069431260 2013319575 
2902156146  119118971 3750505774  907566278 2948858761 
2297662327 3423316738  197856072 1673864826 3389292532 
1975375051 3615405144 2227012296 1945712988 1291398600 
1369613330  973418467 1259659629 4004273776 3309140117 
3653084003 3948281090 3342419119 3700014542  101571782 
  94737725 1456600447 2562717799 1825109709 2136787473 
1771979379 3527583237 2523505279  418455945 2054380988 
1577014615   16894075 3481353555  314025908 2258003794 
1458037055  982196029 2641455008 3104533766 1910328862 
 321194448 4290196143 2798225095 4283765924 3077923123 
3067111691 2416014494 3007722373 1759740088 1012658365 
3736807932 1048399634 1662872010 3989156148 2090789904 
1092557452 3511011693 3203903882 4055070223 3382413271 
 950375742 3771117890  920180821  408082900 3982069823 
1845679704 4072283286  421339045 1617663600 4021520129 
3690500630 4243962882 4190069115 1860969579 1819188106 
3747068800 3851322383 1221204079 2135538510 2985279529 
4068207269 2112016159 2741633672 1667102637  423775209 
3918127725 2203785878   59505856   16240626 2354541639 
 748751244  628987438 4073459255 3991309524 3966253067 
4022167610 3334556953  958510399  401385851 3591426599 
1570510600 1337130846 3303210234  945273293  352532460 
3706437774 1478336350  424915594  952695705 4206689415 
4017465350 1508313004   56139190 2523538160  514588669 
4048041757  409563672  417323746 2956585693 1082693399 
3856656840 3985416463  515434595 3398765350 3662027095 
3502965924 4247174500  555401290 3861991021 1938132990 
3413507193  378741473 2959951481 2172454878 1948576174 
  49591164 3406894827 1304157243 1779251302 2065114751 
3741415344  375308486  970304650 1886802078  922430705 
3905441817 2045440084 2237519969 1043254320 1572251785 
1716427272 1032117221 1763526677 1776550855 3199890168 
 785017220 2243907215 1327854400  466096475 2224676270 
1474220616 3352133946 1170984556 1043040209 3667941624 
 801249898   74486143 3623761966 3427954145 2123071837 
3050424171  443845309  165206038  503983246 4154087337 
3337902787  904469882 1897132480 4292669191 2555501826 
3489900057 4086281739 3102409427 2941140925   34897466 
1284791844 3847083155 3996165541 1490878690 2125204149 
1002531324  682965520   36155933  939267408 3832181247 
2748748118 2949947770  734185776 3787526889  187852691 
 761210389  780035317 1153426047 2632878065 1517135938 
3685726824 3696910303  732407981 2798138423 3659728806 
2884177206 4057808091 2237006503  822784833  534821305 
1457572528 1478730060 2947680143 2080371676 1273227349 
 287914378  910186935 4240029372 2374957694 2460352346 
4206883169  551499014  992519279 3812785318 1067108310 
2323250551 3520466482 4204011224 2366592934 2594265652 
3493671647  953222373 1672397653 4190278385 1132280087 
3408893455 3845633026 1420600589  650130756  595933926 
2842353271 2733685786 3500449376 1739258533 1757700803 
 185455952 3249546086 2663356454 2102099875 3081458689 
2138570558 2466521198 3434070970 3779087052 1886376552 
2106504944 1521662414 1198994384 1462404061  822555000 
4242001820 3104682225  321576649 2471846287 4044060656 
1434497204  813900691  335387051 1192138135 4279390571 
4246450089 1556880994 3927050113  180290345 1781515009 
2359466244  681801196 1270901012 3421872595  993005157 
3996306826  593612999  171839835 3858892934 4128885957 
2323845268 1072921326 3460635852  193296532 4235826960 
 742663030 2780245904 1576601179 3419867219 2108259511 
1778696866 2632295478 1984948305 2535616167 2725600926 
1155828334 3894496748 3549037705 3604414656 1928082050 
 436649755 3888412902 2787717443 4044910257  818330122 
2786309637  422462254 1075164575  702597336 3492237402 
 554208863 2699549152  527778921 1155925089 4108781430 
1385370969   57050189   35368183 4280849086 2701619329 
2796999203  957497736 2269361770 3914071269 3753795668 
2364467825 1363575025 2232094744 3016200701 1704315847 
1897648361 1181496992 2029929061  770513833 2037445833 
1402592663  246877986 3938693017 2707020293  420409250 
3471786016 2875411932 1600620240 2693559696 1679240873 
2287635166 2879202836 3033608604 4110271752 4171941420 
1760618514 1060175732 3899363001 1688277644 3525395503 
1879385345 2834752591 2572521512 2990704158  272312647 
2357223935 2466574404 2610175557 2244816973 2967074527 
1083169991 1138163965 2512360571 2450825955 2002199550 
 922373628 3252018626 3201555242  688383861  148345513 
1037734178 4290141770 3003284621 3577759218 2245915959 
2840197425 1744751112 2553385290 2480687133 2167639650 
 560816568 3665813850 3224522479 4032971316  451186543 
2940639581   43677201 2659560247 3846510495 1991944308 
4166986616   58609962 2396264431 3704767185 3478958344 
1376182758 3386804028 3356534302 3901353234 2529629442 
1240625761 2362515693  905299505  792040721 4233135756 
1240103384 2280550434 2626730809  173350888 1154745537 
 650434372 2427377939 1883995923  130312169 3533054157 
4082495885 3572660655  557587097 3427426253  626204221 
3370774831  931177712 3806754907 4050325716 3361894887 
1584219608 1740550443 1451681709 1656101523 1808063287 
 667068355   10564898 1308949759 1056016309  535690629 
3527115576 2953927014    3250487 2630180512 1202297008 
2620798171 1223386044 2613446139  912194033 3571698843 
1775349081 1126619141 3346349029 1841850371 4119104162 
3455689071 1578735136 1101972212  521246560 2765486006 
2070676618 2747824278 1285030699 4198592249 2160766990 
2938721735 1181842387  266673041  838377156 3904055897 
 163407348 2179187669 4090166070 3785119879 1911456407 
3657697633 1012410281 3439358485 1420887822 1789344602 
2894127407  859653766 2685291309  777020609 3035785921 
3936019076 1865256287 3713727415 2015116534 3441925444 
1156040847  437326438 1779499253 3142100357 3081789120 
3122049396 3025501579 3383809195 3575812628 3379993803 
3454477775 3608145164  203153473 2491466679 3763957401 
2033117636 1196781759 4288522202 1746073324 1076200685 
3536187936 2306239339 2621342599 3719629838  564192157 
2468660120 1230514270 3106470573 3741212006 3438349467 
 649578264  816290538 1698228579   59963501 1318276685 
3015627408 1729459950 1720090261 3462486074 1412244911 
 138685050 3830911191  777261376 2968383297  890143727 
3007350898 3306218244 1140844182 4217003544 3221698173 
1551949008 2453084595 3186702883 1469434880  758111477 
1761005122 3707400169 2679150148 2127252101 2806175880 
3492470961 2015759138 3713028878 2547262162 2791642432 
1165799529 4172896024 2129073087 2910410828 3091856289 
1877753468 3956143208 2462956641   84572333 2536080968 
3639184470 1783696596 2418419492  858416567 1278289546 
2957932081 3578782729 3370338567 2159383202 3303136701 

init_by_array__________
4247753997  657399590 1921825605 1068876166  741568685 
3704405235 1285916899 3642741396  979593347  813571084 
1919093191 1773583869  834084599 1439818671 1136623206 
2219505664 2890409606 3358527865 2942062200 1023659731 
3838577639  725572471 2570290537 3690051720 3346097539 
3739251350 4138118223  158973757 1114547811 1313272462 
3493216105  598267555 4067808357 1302666734  822065815 
2491299037 1807149653 3929923356 1558968567 4086412368 
 829385761 2417898481     106328 1331140676 3513812390 
1745099932  875326872 2711464215 1807484136 4013380607 
2590864220 4119406231 1645270563 2348057321 3493144209 
4095257645 3777824466 1878764338 1975211450 2854289986 
4210359718  697202124 1397366534 1972181847 2654486558 
2076996795 2872322555  744814209 1955473644 3707248540 
3991618949 2319171155 2885189418 2552691444 3493427542 
1098231609  598345262 1396719907 3718608337   81656955 
3650969692 1437823145 3593050314  424672890 3761884242 
3100912894 2757874095 4151231446 1523594126 1217805481 
2371567416  277809701 2730021338 1218399039 2752895526 
3745184174   24139730 3750543503 1773716356 3549164165 
 639874456 3270584288 4220242329  759156584 2666149350 
 699485020 3140211317 2432321407  473157667  407296684 
 860718687 3145924996 2166356375 2698139716 3478387911 
  97848824  267569973 1110136379  103594059 3080024800 
 462459865  482808494  518604148 1079444027 2076391333 
2621472879 2197178915 1180522989 4110764187 2669399993 
2501392170  207979300 2298902245 3388599318 1285108395 
4204093442  568720658 1995071021 3000955187 3058399765 
 741576174  351346428 2372092160 1554952496 2420024111 
1737387545 1077727387 2428199468 3524602476 2112937369 
3104360082 3226682144 2384946500 3617658656 2967868575 
3928856416  819099165 3823411557 1195140821 1996913856 
 190829614   62445389 1400069091 2269749228 2880979312 
 987434312 1021462935  786162815 2282397173 3089397515 
1912726931 2025506732 1386994947   54182982 1301242113 
1321106546 3732452573 2144831683  578571965 2667129793 
1096665781 3365433745 4233552387 1299166462  861897763 
3343554534 2157802777 3661008849 4060759543  825288682 
1588596049 2973307858 4094295306 1597320455 1763344096 
4084310505 2420748565 2636245781 4145915087 2458441458 
1507032560 2113626416 1966397032  812812741 4191776770 
 463998841 1792609506   84067688 1516562971 1323346578 
2685604803 3625403718 3380013909 1643874022 3041878788 
 318537419  353392976 1133121053 2012877381 1598166272 
2552218383 3102095386  560353631 3895037579 2003655587 
 287436332  408467204 3361682384 4284547384    7633476 
2571523535  838921201  520184174 3819611463 1976451241 
1889673869  192321939 4254353317 3555279377 3024963032 
3678755486 1352181320 2562281963 3468563431 1738864241 
2674014092 1594983936 4189301757 3323950594 2862430131 
1951825280 2456292154 1050271207 1671760521 2406790299 
1015727526 3367762740 2774393029 1948408245 4100691489 
3233270380  443808608  244685841 3255648645  730259977 
1232086678 4289314128  929801064 1322802862 1743943073 
1039469179 1468077554 3946006651 4003009807 1006144710 
2580646819 1989525059 4076798466 3980738087  987206383 
2884860511 3090452058 4004003856  603309423 3781188321 
3138307728  799515783  795398798 2858925530 3621443355 
3333937969 3672636627  140948165 3481986928 3661583287 
 634346636 2903461882 1439655332  223947369 3329462029 
3049667866 2415932861 2055409997 1151497622  847695406 
1232486871 3074539706 1087196769 3772905702 1963811251 
1690439817 1667976716 2345388861 4034811681 2088733391 
1210842006 1164021727 4121289283 3513510679  280154583 
4192115797 4031038938  290115262  298813005  255713415 
1820432063  521507090  233954489  308189716 2081779168 
1660189250 1157470693 2704703561 4084435874  268342522 
 927243660 2871242468 1495396912 4076000338 2605023653 
2231421540 3534433659 1931202954   10769915  615652983 
1196880913 3374814497 3830233778 2130576944 2266672346 
2961626616 2190697363 1865664080 2451456091  854101505 
2436170866 2079253134 4003834159 2756950527 2913130378 
1704487011 1396211560 3218323613  411502078 1180481984 
1077775221 3864382009  918713104 2077603122 2180385680 
2284307666 3874630456 1112599214 2439305453 1383888548 
3837489007  480370409  691129364 3804809183 1521116495 
1308332128 1062280932 3422775381 1274484003 3664503964 
3193288744 3130446593  596144807  318084305 2311184937 
 407372612 1432492090 1358164448 2163900972 3600525716 
 727481737 3992881457  134095624 4285331026 1424834276 
3064332991  492007918 2113717273   33617808  433083274 
 992422514 1375836930 3700921344 3007504580 4099099518 
3860547803 2796818560 2109832792 3491118132 1302096810 
1235077144 1257692521 1987870193  585304839  773652266 
3830201003 2634951835 3124222159 3998030065 1503323544 
 902087577  946391028 1377032344  197814951  318663296 
 507365022  586144547  928280483 1075315937 3801242108 
2381635190 1007996668 2512524960   38440021 4092445800 
 761902828 1082738396   72456122 1678140637  208942821 
2911360484 2011108919 1646840191  150370053 3391855671 
2710630664 1721543426  365362795 4222684239 2277041992 
1339907319  336037162  999933172 1400508294 1800273769 
3507728235 3260310503 3907887140 4061767829 1746988289 
 132536895 3062699662   98805112 3899649900 1062745112 
2238375821 3561368662 2856200709  849376623 1160751306 
3669067672  966863089 1114307109 3098638747  395807608 
2238746126 2755723413  229527098 3571592425  843620351 
 337373734 2361247932  557501627 2799521512 4079129773 
 854165921 2331754443   17311025 1130120457 1222787803 
 893113650  628250177 1952039002 1217521076 2734934333 
4008758995 1648733865 2858374266  887131659 1112798083 
4137260132 3067754248 3493515002 1773797054  508615038 
 739222435 3051674191 2550968589   40921311 2315325300 
3402994732 3118708410 1703978480 3304566845 1198702620 
1169904430 1231395795 3545456823 2993884809 3602164607 
 547892379 2836635992  504613550 1820369121 3625139245 
3670072170 4187776485 1901634795 2561884447  678182950 
1215771763 3800786053 2927163186 1485369442 4238770829 
1033792452 3332610482   96773874 3035624072  339170588 
  39329441 2968854378 3052682155  391299546 3126727601 
3536531679  433725959  727025083 3047232342 1691527202 
1495773494   20741269 2325193560 2912016041 3260038433 
2318832185  957484354 2099312074 3253432756 1113031842 
1982629704 2096935012 1772581646 3335004453 2274463237 
1831235363 3592278028  486550792  670232796 1730974772 
3981487358 3348528020  353886880 1122163015 3735435864 
 954774079   51827603 1075370949 3537997960 2909742337 
2764448746 3595455821  222353664 2936503336 2218584270 
3474568384 2142114580 1272409012 3058424672  795204424 
3013545448 2502293036   86223968 3094913865 3074070537 
2336882236 4221372399 4179181735 3195350634  581670732 
 350391984  215128687  611675628 1448482492 4121440846 
4280827178  976111604 2097264856 4174211519 3523789331 
4283927018 2491063895 1010071543 4091149175 2906311703 
2614737833 2209541762 3568437160 2230775103  303053087 
3304611943  158324899  854300854 3546528853 1180674872 
2859513752  979446105 4068521589  831388366 2612529064 
1935401714  104935374 2673728402 4242056319 2525343240 
1073554679  353688202 1075078192 2358144744  969837560 
 796976275 3298601940 4024887747 3674226343 3933658864 
3154857807  542708903  137888170  393092422 4071632992 
1744399899  812417941 2889576503  197197172  322653578 
 581923149 3087491403 3726258421  862863841 1646227104 
3653407975 3268944319 3407347043  307431070 2372615660 
1712339711 1462572808 2162841653  436494059 3041742473 
1101846625 3942854699 1374119697 2897575244 2604180669 
 289903566 1037064788 3940873321 2146637120 2896744373 
1988550727  493541858 2148623693 1912524328 3869492099 
1495346802  422837162 2389891422 2025543883 2906987682 
4273261866   70150209 1985548233 1253091211 3260933536 
2593712355 2967221739 1338474713 2476406611  844483811 
3030312780   19799742 3921507586 2537381923 3414629878 
1093743993  202167960  714233748  856277617 3745302463 
1794784952 3215940239 2060099372 2231202425  790092466 
3160109280 1934564881   74921343 3413181991 3626871869 
2101190930 3853487740 1615679312 2739096249 2202834271 
2000378161 3784701061 2445143133 2805794680  665341271 
3513819102 2990546708 2577863675 2442047709  986208753 
3551551985 2199403816 1208326581 1841510101 2076609572 
 400586625 3429968534 2607162142  128462119 1277466319 
2408538452 3245353432  714166824 2839503132  876097752 
3643985344 1881998700 1679792714 2109536256 3714478169 
3468092206 3914759511 2280177097 1560420092 3251243057 
 208455529 3262742572 1861552005 1571211885 1064866332 
2100847554  122499134 1213156750 3696135386 2869295636 
3342050552 1109581396 1753027116 2593618658  554349302 
3117597780 2091954637  172030319 3131698785 1751346549 
1802079541 2768526300   68218149 1224674805  509022927 
3893303251  143590477 2974097226  553381107 2888747855 
 964739800 3618970594 2816639617 3836746321 1039677936 
4234513719  583193923  408904877 4140477837 2483923577 
 838949308 3574350611 1545570363 2568903619 1880484931 
1330887108 1298338410   68912078  461662877 1950753188 
2253307305 3551894987 3315832145  301551560 1887561431 
2839091813 2454189104 1459360684 3506492139 3761100294 
 443729676 1989876268  753051784   49019828 1330491336 
3841737451 2072932538 1037040541 3640947514 2778053939 
2929517459 4244492948  110327309 3374687142 3764898129 
2466664964 3834537937 3483447070   40851966 2818331516 
 711088563 3780679024 1562609418  216627398 3644667397 
1196782579 1648615618 2011279725 4294088668 3785726535 
3418577918 3293022226  350112261 3258139947 1817312155 
3796389243  804591308 3677553088  951598100 1290599866 
2472731360 3225357987  554284783 2210268614 4240756472 
3301702696 1607899675 1392502169 2610107168 3071747971 
3262774395 1506214965  909778658 4292944032 2454295913 
2990571142  644548742 3545930319 2900707483 2789095487 
2464134566 3594094403 2897166597 1111017823 3777700789 
4266331087  152694934  910169302 1593877121  828851397 
1760346002 1333132265 4243621920  286419289  839795626 
1109009270 1660400764 3351351517  293208676 2295319642 
1728918848  258292278 3202591657 2597025370 2697327536 
2657191086 1972659695 1689740227 1540540424 3857503740 
2083994120  516365175 2663683607 1043519329 3651043728 
1453989225 1821346458 3253337272  842533560 2696133328 
 476762638   81882069 2858663711 1920623646 2750583192 
2839918491 2740561343 2583681044 1247242083 3678130419 
1359803000 3391164704 4244566471  113176196 2507498862 
 213663916  100114801 2497791703 3254116557  915179865 
1184804874 2718083398 1246412156 2016503717 1133274672 
2853816839 1494316718 1747119363 3566215908 1076931371 
3467266869 1389504162  481585419  610384718 1668327393 
4245578842 2841335052 2596315421 1902485275  693764865 
3990375762 3683592893  557648461  765896510 1766713552 
3329474118  750687679 2594413602  815933395 1461630503 
1407902613 3232032996 2242244737   44883604 4199883967 
3041140384 4289681078 1160373579 3932310588 3186198573 
3727142860 1371303516  473217617  386101005  384751340 
2631851603 1820275505 2594408190 3529419012 2436931416 
2679219391 1943519880 2456123889 1579276002  105518493 
