SFMTp-132049:439-10-3-3-8:cfffffff-fbefffff-fdff7fff-b5d77fff
generated randoms
init_gen_rand__________
4121619556 3616555207 2071230266  204565446 2008053687 
1627940297 1740752881  983102188 2383602536 2354616721 
1306998399  569378447  848893968 3238541787 3190282858 
2545729741 2639185401 3424395516 3690210705 1108194271 
3756072999 3029807645 4212122466  473726232 1951286862 
3046698748 4100950522 2216047878 3996419642  397534338 
3113835669  827242663 3420923571 2071963237 1899040181 
 112105232 3039038226 3370950396 4253482795 3963467962 
3172909500 1161209726 2736775267 2141609348 2564685269 
1381069199  360572938  333353541 3601285296 3181848662 
3430313912 3663877782   77496697 2135314886 2727914348 
3460864847 3296069995  107097651 1769110477 2863074687 
 309028773 4131080835 3518857182  248977059 3698988449 
3602390393 1896851229 1700932183 4009165358 1810349009 
2802281267 3227532875  277760487 1657428886 2218050214 
3131742356 3150539208  307847252 3852620411 2174652883 
2968013093 3997682034 1145582570 3377389058  805622492 
1707694463 2651596525 2480591572 3114551879 3876197090 
3604642531  477776315 2055333212  353042678  805277041 
2682996975 2726759400  352990804  737040149 4268226993 
3868858789 1308988991 3712108312 2764563704 4188137540 
1337813074 1822562852  172381079 2752341283 3690859328 
3419852318 2089240663 2024477841  890583413  462979098 
1799501872  907877679 2607642490  196390943 1804433088 
 300521180 2254371760 3103674780 1906215753  501512290 
  64073442 2255024942  152639403 1842883818 1156955106 
2676721780 1273745323  166940136 1257450901 2543765633 
1759587845   72667914 2735575656  192610098 1655390387 
4019888325 3368364753 3182738952  535286163 2334982341 
1303954022 3480890662 1731495307 1323218352 3388569315 
 838745938 2340713809  409155661  232688955  919304426 
 228511401 2121068178 2538507129 4098649633 3508247190 
4044435122 2990831107 1920393478 3269183870 4114158142 
 489164714 1964851053 3210884428  965395660 2283816047 
2836083831   81471789 3108909013 1678293782 2542904365 
1820855819 4153361866 1579647511  491383821  569369376 
2729782570  894718339 4202806799  403956773  322010154 
1128612298 2136781504 2875561567 2930028568 3294768628 
2856860665 1050223384 1463801375 2782609108  381195543 
2937751737  157495159  352128257 3496571505 1612607612 
 980810104  417883703 3965549506 2391627620 1064470955 
1850460518 4258677727 1550103817   37472937 2560671504 
1810979901 4047214565 2440466496 1208098414 1241937226 
2411986725 1521918706 2428420172 1610071532 2101251652 
3819440834 2362008447 4135205250  400702028  926177413 
3679456877 2735136499 3810146789  155218205 3173177038 
1450502716 3894333489 2041788674 2963618271 2352692110 
1684506492  938497842 1335545080 3963066068 2180088631 
2554058904 1010298071 2909628747 3187667773 2816263577 
3410439479 3069418716 3934706878  495367136 4063264978 
3555269134 1234698735   95351354 3191061397 4104815520 
3707136486 1494025105 3440304207  940205635 1927839352 
1854808614 3892119007  599338077 3984678709 3256887826 
2315122662 3017616846 3009601525  155660019 2561397815 
2946860446 1671722951 1972774537  329866697  780655248 
 325868728 1576804489 1216693947 4195523540 2513455398 
3231259171 2906316210 2334071749  356382814 3704543562 
2031582139 3198464884 1846670563 4030287574 4082950534 
3746896053 2011349097 1717912720 1836124710 2309918210 
1965950570 3313728137 2806781869 2958165610 3721536125 
3190699750 2779577244 3805026309 2144354718 3783965609 
3869700654 3126867673 3771796454 2492695480 3585943994 
4071090574  158551431 3694763207  979144444 1039247052 
2001577451 1028170745 1473252009 1601086394 1046500932 
1629738819 4286876169  708470486  969342146  728973393 
1242869651  196804233 1077860062 1961591189 4257759742 
2600907548  243507390 3518558462 3024465160 1127233393 
 912562790  732007171  579415098  323648246 1769024258 
2287801273 4178973138 3290606948 4229790297 3403914400 
3805735731 2159288610 4145932431 3337906867 2589920555 
2931744253  887165450 3522636713 1031003540 1510898166 
1512680046 1379947055 1901831132  650769368  597659025 
2967759223 4156230487 3948460745 2192948579 3799166950 
3078134837 3560787725 3777123999 3029010276 2150193587 
4136709218 4235886161 2898613891 1060822039 1172496685 
2502305666 2122486857 1993575519 1448536171 2632932951 
   3559678  748327493 3842671805 3598954766 1843099871 
2078085483 3362397771 1573750005 2106517966 1984402188 
1724881280 3283968245 1065921530 1189947383 2739067670 
2036401488  379952807 3597143956 2160039194  691331737 
1760104363 3557794567 2046138782  546453398 1675552468 
3858275856  238479634 1540529821 1900720727   87922371 
 562156891 2745386454   45778600 3573101833 4016942019 
  64517462 2086970952 4014266030 2802054454  158324772 
2195736714  880402747 2691836905 3258947272 1534531903 
2063525142 2715153705 1819258228 2918995075  148616778 
3810242842 4220769498 3390424368  883132064  484054678 
1890991478  179355804 4113710992 2230791360 2696217672 
3646673805 3407121237   68193627  502166308 2758981874 
 336827178  817430103 4124182255 3184910275 1941317263 
2406214454 1769588338 1209223270 1244631505 3207055577 
 852230681  112526385  801137530 3386628498 2516493315 
3142691425 2941161211  980467326  164614965 3580988715 
3610104513 1892010356  331409399  418474430 2283025832 
2979296172 1352595841 2893751528 2961512885  627432162 
2001290339 4109425708 1557892014 1250219236 4147997748 
2073289505 3676680100 2066815785 2132915784 1069757549 
1903570312 1387921249 3377817735 1595377173 4173393394 
2587407431 2052563591 3653232778 4257994692 1576023131 
 666702304 4255140365 1857159326 2594095937  961094135 
 834882034 1703657892 1800154242 2407047378 1319393119 
4262868183 2514862914 3667333197 2275967062  892513359 
3390298624 1877579456  665597394  330652576 3613639559 
1797555331  865842730 3678876516 3330084323 1723450398 
1358688009 3791748410 1895393003 1326914504 3484633009 
2026471142 1244264007  667493587 2506690614  787277817 
    397456 2494765746 1592916602 1377062417 3519072007 
3192323021  497496014 3782379095  175163954 3839007602 
2337094790  540315121 3686148539 3575447746 2254315900 
3112925612  972745769 2557629660  140775241 1395569165 
2122514698  638575260 1004155739 2130292039 1756580684 
1028151980 3502826660 1841380935 3137644239 2377306771 
 822721185 1041624555 2309963063 1356925048 3128895335 
  99576983  744027740 1076857176  952574292  561591435 
2502920471 3909583602 1365967573 3796765556 1623424739 
3336877782 3308586635 2952695890   75930198 4086583433 
2050322268 1365186102 1699193752 1264313389 3558091846 
2574783201 2038025460 2937925011  775700417 3186781213 
2271120494  945118149  405643271 2998462761 3099929287 
2014745932 2413270079 2331115402 1753253420  352220018 
 612685908 3166461974 1018815092 3952508014 1307488981 
3508129895  155541433 2648073594  168989781 2814795166 
 433205319 3772620775  321292669 4249136160 3082290988 
1590252568 3394708623 1795265920 3430778865   62478164 
2223802686   83092625 3964633521 4066151911 2936479663 
4030610779  567492798 3328465459 3810068690   72709148 
1647910187  935571585  847095853 1714623484 2602170829 
 497233278 4017196893 1038544309 1716737681 1887492200 
2050159283 2996333921  105504974 1133127280 1161511140 
4205405383 1370066243 4026929724 1301547814 1597244561 
3253979342 2090014184  360177296  741332786 1775741895 
  20053967 2878836867 3539459142 1729300580    4144158 
1776476834 2324030647 1660306905  489107581 3391525115 
1844471321 3806717456 1848964048 1747265553 4142572320 
3562252661  145582336 1629756115  961054721 3459385304 
3667429014 4288954428 2907014488 2810560994 1851297630 
4145536575 3765952029 3253279540 1617817950  885666742 
2141898092 3404764567  572475547 1768284742 3542700131 
2089484888 2562961683 3410915383 1853416829 3792337480 
 840361371 1062397073 2759196911 1512486931 2319441927 
4219490242 1013164192 2887377380 3773276535 2772603443 
2893230550  750032437 3394592103 1743781781 2541960328 
1869464914 2305109056 1311423312 1229902938 2000393729 
3591600772 3046529327 3158500509 2766651109  223666411 
1212268410  567748921 1491830240 4151045526 3713426986 
1802196879 3087777758 2633423197  408964862 1616525856 
3618087891 2312475108 1596395372 1433196691 2597905623 
 144004500  737142384 1038188937 2019685737 1331095567 
 959500758 2863531033 3026004048 2625450420 2632337036 
2481839912 3093674407 3889801387  772502696  824099760 
1983099064 3736055449 1967594440 2251426919  474391705 
4274275099 4129497489 2116817890 3814842845  945069394 
3220151713  290924056 2127198446 2973410174  272325301 
4204118355 3011758720 3742824676  564829984 2129261544 
3783713392 3860301537 1673804253 2379216233 1229257860 
2855497288 2800266210 1636713113 4002603021 4113083186 
 912716301 3608377247 2210538444 2076183702 4247959576 
3580189902 2763366355  505302184 2922991661 3137931804 
3352893883 3399110781   22188326 2226488245 3089307443 
 134595550  876589016  623755470  844882571 2556171079 
 797243405 1698471217 2491896612 1312165211 3995279829 
 421312959 1119696259 1581214580 4170057731 1279567961 
1542634702  859281957 1215688971 2991292965 1862091287 
1023537937  385871660  877024809 1167933469 4000919376 
4104169893 2364719936 1758987308 3430769880 2296618192 
 760286593 4053577465 2583665219 4281193637  925548184 
2493431402 3344600557 3255312471 3748750577 3185920524 
  77266037 1293703976 1656904840 1350832847 1293271621 
2554935181 3489383453  200081250 1338095478 3725677900 
 106624957 3486813040  151369912 2108286114  471365217 
3225278091 2807636259 4022820964 3194558291 2274477697 
1641722953   17187037  255477173 3702771858  927550569 
3216154384 1480415549 1047384726    2755738 1515148473 
1270942605 1425291869 1194485389 1959748018  169096206 
1048298650 3793344697 1626897747 1767847993 2424770136 
 987762267 3701416306 4249291802  459194311 2155954726 
3940076987 1969132546 1666290159 3719998377 1186802647 
2299653270 1801757870 1186216744  659860303 3582976704 
 913573447 1522152826  285953036 2789876231 2457221973 
1575596242 2465184011 2697341371 1259694321 1135690399 
1993851142  835153962  250372146 3020391793  940016003 
3691141380 1940302496 1512586702 4072029051 2196487942 
 230602055 1840855249 2120868917 2298318684 2708192030 
1546730422 2807493452 4065996830  790659756 1565045697 
2554676389 1285158007 3300433074 2898118477 2357058632 
2636561961  838429556 1738173815 2656789450 3170744407 
2560374794  242002641  762080904  323630402 3600969359 
1916570927 3880151206  110375126  720709156 4023369161 
 628768569 3586540775  124050754 3950309832 3321204528 
1694637518  872205862 2954721261 2006198892 4012328734 
 960543179  471324625  245532208 2732807616 3330441119 
2561623679 1999750300 1462317366 2971417266 3481075467 
4187236259  202423535 3363276517 4219705607 2300758937 
4278656793 2622829894 1732183832 3306499165 3516568094 
1427345161 2616256908 3530999471 3810265181 1529541808 
 137531695 2195389786  935284411  693327654 1273886917 
2428075764 2082119933 3485165228 1191559511  290208203 
2616010397 3944731280 2581437595 2927827384 3895841914 
1304839289   90572214 3500353799 3032117785  524360183 
2619627985 3021559728   88111191 3946272320 1147196526 

init_by_array__________
4240561430  694588687 3933918287  676402641 1665427874 
3633259538  942984581  730224107 3168490096 3509261541 
3221307587 3886895775 3468479777 1435126725 2687334206 
4165475155 4166114123  282298827 3707246109 1370911173 
2362209714 3363815803 3588415204 1788586661  821797553 
2452810945 1561404641 1615077215 2936279266 2774326210 
2943355046 1414631617 1161409619 3505833123 4018630124 
2792978992  350855683 1077322077 3177363712  630278803 
1144295859 1626603144 1643490854 1810035215 2142979494 
3997270653  419984182   52347015  114117618 2910130491 
1109281751 1635940995  790263295 4244489714 2370047396 
1283847535 1640451248 2032607001 3072406064 4007129998 
3857435430 3469301733  477971395 3636753747 3019402757 
1990431184 2733935890 2827421046 2196957458  613159248 
3485955004 3756266101  133886928  348420014 1529150563 
1927017017 3185411905    4340945 2305186283 2292512175 
1791157562 2628848548  316793265 2970685433 1385327059 
2536633821 3777631163 3084953373 2899111576 3053067263 
1704009413  803122624 1967677263 1146020935 2884038871 
3928671408 3667050528  123439415 2531566644 3242203641 
3727958872 4165500197 2827554304 1700654572 1641027429 
 371101311 3940606142 3298276195 1346585799 3808013881 
2305632949 2288652635 3316781129 1765336216  591473079 
1276007636 1323857062 2411956494 3342671472 2864446315 
 403700998 4169083024 2941146179 1713197501 1803834768 
2838768669  819075897 2494615027 2043873662 3566532643 
1751200566 4014909920 3875783405 3485522755  478589902 
 290624835 1200049496 2036231006 3045214473 2138097883 
3667030575 2856270573 4099030976 1682166236 2026553268 
1661055672  832074585  127511424  842912878 3431358415 
3926818876 4241078386 1681066740  145647320 3272657715 
1080908795 3012581112  183360353 2377243448  840724038 
3355389602 2995225939 3125585146  191299221 4049400030 
3818971184 3110120818 3127371177 2241804934 1613997951 
 888972215 3843620666 3626404211 1047372672  260317984 
1008431368 2732892994 3544394685 3160500752  322906516 
 986474919 1759589295  252158417 3970216029 2191060944 
3000501354 3443990824 3936234941 3784921913 3858481121 
 100400245 3472294157  296376157 3541504411  985081390 
1711063262 4109111266 2990407975 2229411036  396880678 
2768214711 2496756676 4122985794 3828392037 2763018993 
 737814661  910072995 1604703470 2705812043 3934307981 
2626498357 4209570258 2092089853 4100463950 3989837114 
1647985290 1391119444 1030097512 3893960122 1276543472 
2742688006 1679670017 2394131098 3422706383  662879694 
 410176723   62163234 3008550640 2077427765   68335651 
3157313326 1007257119 1704027825 1282713569 1221291450 
2519058726  702345759 1330671850  551877042 4046597951 
2723817764 3778867790 2812935647 4095822355 1785128720 
3161566149 2333269944 3304442349  976966152 4294093957 
3919314625  215206220 4246271669 3509988005 2009288981 
1122385750 2275756692 3713010391 4225040594 3898180423 
1079877295 2934576405  540940759 2889412133 1333219318 
3110494954 2565750668 4277552347 2224309757  789675599 
2319185087 3973752814 3336652051 3525819879 3620601268 
1402133502 4103326596 3991930617 3965736619 3329882966 
3058984138 2858198113 3341673415 3963562080 3270977051 
4166818006  402635226 3016052623 1482358185 2755099534 
3232310403  800563368  455526141 1783462204  199772278 
2155597758 4235158129 3404795756 2805876501 4042793485 
3368732377  771213479  277105638 1940634319 1196753733 
1242377144  755828707 1949856400 2441763765 2708507700 
2534854829  902778441  870409036 1881587565 2104830949 
3245489865 1468676491 1986871246 1126110268  702926948 
4236516880  595332312 2360923415 3948624021 3515593903 
 859858862  674084264   25814069  870072273 1971736584 
2338051333 3973175440 2465711708 1517234278 3517126931 
2604162749 3247146860 4063673996 4117126847 1595932993 
3185232556 3294427586 2860293944 1899132166  152392905 
1632191482 4104518912 1289163850 4231336222  887269813 
2216562297   13982211  822984347 2592548233 2825853100 
1084146600 2119445141 1346762413 2864354941 2668920506 
1488687844  244647596 3369760455 1219234629  792730970 
2649278242 2333542193  541955383 3464163950 1678859210 
3223303607 4081567766  232102786 3631188524 2389968022 
1844530328 3850665561  293942561 3980985463 1837488563 
1889893625 1261815021  165941072 2404244292 2581434692 
1013839877 1704504403 1459471435 2393582331 3718230076 
3487996337 2551885008  440589289 3352319683 2476180307 
2357071735 1445813112 1856326486  391571797 4218852175 
2530275973 1062196003 1907524878 2889402865 3388688208 
3690226052  327836639 3714263036  218064705 3681339602 
3120091122 1058415227 4013753167  238305614  777389459 
1783068417  261624324 2057175600  407087091 2165592791 
1223871247 1765309308 2575948314 2862369328 2731617454 
3011112395 2977917919 1444887658  776663305 4179862720 
1254891471 1830615207 2279034689 1213685677 3433255121 
3059334174 1122239645  734154848 2486394376 2006182171 
2745875701 2234228090 3757335848 3712284268  921781428 
3508447132 2958977211  343806198 2281470574 3213378803 
3201381731 3262718693 3790500332 2144776282 1458449973 
1755046138 1460190754 3529345730  649846892 1579503086 
 363437470 2225694708  238011116 3583668581 2447822482 
4197546879 4258317042 2178773522 3211280229  225362243 
2966318156 3878020983 2171832719 2771626026 1181264339 
1290683468 2294694269 3986319745 3870700297 3588139330 
2166009194  112068022  632070103  202331620 2130011644 
2436122088 3883482688 1519506493 1666875792 3573116366 
 843223019  784035898  622659731 1928036745 2933424103 
 634999691 1356942788 3650605669 2600561995 3420491941 
1649155335  721216494 2962793123  769087220 3002229106 
2823411090  610485089 1636175392 2572612336 2437125972 
3674719937 2036665412 1024561788 2532459486 1829358864 
3403212873  340523657  694686934  594359485 3355967213 
4147089795 1492339190 1621610204 1392303534 1510161324 
2730375264  127371231  663420723 1630072731 3112056027 
2388270130  788358146 3370276362 3310664625  908852349 
1942099792 2109158986 2909198903 3095049041 2099133348 
3385665355 3145848141  855735628 1534325085 2743702417 
 391233334 3008046592   74480200 2970505692 1953294555 
 714613403 3631096886 2762618544 1651148575 1614788341 
2968648714 1164195693 1324671705 4162612008  639637458 
3347989165  751702500  134589709 1203691658 1006592613 
3603181343   27006537 3887899384 1559616664 2455296450 
3179615234 1799087545 1280420707 1356178574  361940633 
1891357430 1207923560 2359447449 3255227852 3500270721 
1717631246 2322850066  736339322 3212791922  329277155 
3700179931 2467486484  928750390 3858069882  614345332 
 285092131 3389442038 1692816105 3887892034  296261919 
4104180441 3857175097 1033210721  682879510 3367647984 
2322147566  533789434 1818133010 1230362650 1992375643 
1490128115 1789406650 3118734121  711490319 3479183119 
3810374003 1006237053  573431191  290238018   68751843 
3241557982 3675379254 3710235821 3574186345 1351430923 
3680855890 4132627051 1164380047 2956127355 1326504021 
2616591234  477575226 1628582376  761566838 1962239716 
1623732426  733737239  768354335 2208196318 1735183302 
3341222525 3896960888  269769073 3002085981 4230844202 
2191643753 1209804966 3221580255 1220271497  517823684 
3606538494 2901036947 2769165053 2488022410 2329235405 
3020907794 1551382345 2792914734  750102242 2977961709 
3875040624 3842529326 2214476520 2101155561 3633771354 
 881069662 4281734245 2190180492  304854141 1035249488 
4028496876 2340916380  508517355 3724835397 3724333752 
1179993905 1553002835 1296318887  217459777  341339050 
3745022796  473234608 1540458132 2136046631  817011896 
1821275798 1951684856 3541802560 1944451770  134676915 
2781744949  375572852 3764083357 3556393667 2798436186 
2159187193 3918291378   97668102 1728389414 1051137802 
 538775121 4195789059 1018113134   53822567 1507741477 
2919486405  853348158 3885640050 2528612140 1540451201 
 671248453 1381445723 1618624518 2314038823  993085894 
1062193881 2334016110 1088193085  329171647  578009568 
3488658333  829872338 1047556161  410402051  968605390 
1434927008 2554466266 3634009550 3406065456 2865897891 
 620237950 4265877131 3401767860 1364459119 1234320974 
 548592671  785906806 1949140485 3940757666 3195295472 
2601247438 3672315872 3532198610 1333648513 2346916166 
 192344380 3682428037 1301376523 3507905339 3758318590 
3019032352  899335876 3618389653 1819810549  502897726 
2800939884 1352886869 3368861094  131413718 4245321593 
3582939456 3181141059 1252544028 4245950946 1991865561 
1286510689 4176094776 1651779619  517824946  407837251 
 728093912  381084679  804600839 2827425734 1142309399 
1428173595 2214006425 2362192481 3444508127 2529415801 
 307284309 2003785736 1406494627 2896171654 1971220122 
4224496315 3405174419 1622559902  681161700 4111879238 
1103901544 3340658279  600903135 3169376913 3463699801 
 335597403  183924552 1992073809 1433976866 2849731109 
3720869842 2498225250 1198747689 1249920001 2591895874 
 368825867 2114658191  566927071  951984320 4024572687 
3455497903 2392863480 3104002450 1423226726   66625413 
1918575816 1825950359   74550943 1831379548 2514136041 
3838151879 2900462661  972927168 1430801888 3783668203 
3124557093 3495518811 2927212461 1655533038  596911439 
3213402984 2335864704 3955419496 2384189281 1251996495 
3492120241  122802866  990688642 3026822027 3548170962 
2215448090 1172873320  422065567 1344149929 3993961870 
2873885842 4099457658  544141819 1254803771 1472449723 
2563809802  444005273 1242335847 3526732530 3653898350 
2740349998 2344040495 2604842483 2220458423  688872469 
3149489987  551326861 4147511750 1200292170 3581849821 
2195519245 3454186273 4258692541  895756353 2310634729 
2750636247 3868396644 3414866925  534397462 3159699082 
2253537841  453222192 1283329877 1063690980  164203518 
3486046810 2620846372 3851449443 1129492248  286073381 
4111201452 2999459816 1783709570 1237826385 1739672728 
 294366829 1937105652  992170953 3696698977  915105841 
 158468978   94688545 2481429345  108261665 2157639457 
 953588298  649652153  580757708 1821249068 1598171547 
 247932680 1950398066 2691380236 2561018429  570741396 
2984296958 2395217254 2163031729 1369366031 3867073432 
 612712987 2385043847  960661256  844945929 3687079352 
3872451885  906719347  888754966 2185045813 2623196145 
2291817154 1596850497  245714979  362119245 1752346143 
2348464162 4284558989 1113366380  224699714 1997713500 
 888869911 3034255426 1513711087 2751983104  827749275 
 649229856 2436203554 3284011362 4045646414 1105266680 
 306076931 3914022548 3626181208 1263568425  202124851 
 130034024 1727527750 2375051348  900560531 2144923910 
3245576719 2039696467 1698839394 1620218359 3708049672 
3632275107  923798207 3812759445  603420968 1980977836 
1545956225 3531806350  816072040  636411732 2312751281 
3384736644 1811972024 2060371797 1231159669 2497700273 
2920544676  836343301 4273464658 2024922837 2343060876 
3542985308  165813147  903901305 2142984709 2138209106 
 606996672 3641567383 2666696430 1499103927 3679425895 
1949941168 2241276883 1221150385 2661126829  823517892 
 309545248 3077642413 4215655545 2790587992 4184636200 
2040370000 4050531738 3593601802 1519771588 1332138293 
