SFMTp-86243:165-21-1-17-19:ff7ffdbe-fcfcf5bf-fbbf6fbf-ff8bfbff
generated randoms
init_gen_rand__________
2600473322 4197701817  541893527 1162943298 1565689999 
3205162876 1098073542 1599978315 2881239034 3875404617 
2882795696 1691680718 3336529209  187450965 3810062660 
1216024504 2976314614 2763230647  184675715 1290148300 
1248147919 2006388887 3866344012 2503128088 4058612154 
4123963605 2603061408  472002124  176229684 1356418005 
  92698454 3014906263 2366205908  221540535 3115777642 
3925588835 3823653917 2703597633  923408257 2262709311 
2648422335 1812527298  667329286  450689550 3552995990 
3454092305 3617491233 1840375795  670767908 1273090105 
2151688989 3096670364 1090529618  113992067 3231401877 
3255491710 3761081332 3923150248  389544565 4014821188 
 183370735 2794969913 1161668102 2579180179 1298081947 
3768322383 2024445802 3808431170 3922752401 1860158038 
2624553961 2547503992  216796816  769461786  593253459 
 607862602  276136609  389008115 1325278802 2806373116 
 984961200 3193266489 1569111667  974392465  903517502 
2409791095  831819333 2726592223  909939440  768204525 
  45689823 2060092408  966656281 3153583836 2782181425 
1199488117  159474239 1974989056 2056100312 1303490647 
2060479108  859838854 2104750807 1818479920 2259613481 
2231368389   48280051  702030074 3479975639 1460968168 
3360961324 1308513604  530989245 3877915881 2179082819 
1774206915 3478454180 2742208898 1702848438  469244324 
 647248803 3700375915 4134578661 1756798809 1627365452 
2108297746 2638540310  585368367 3744316618 1396062981 
1738962906 3311402375 1153041923 1618303413  982155000 
3009527406 4179021896 3829077830 4144132288 2052133207 
2230438091  223220381 2571672417 3560644186 3235015880 
3990526421 1450590603 3764888574 1664721058 1105978785 
 571112161  563450259 1091177313 3482816539 1944544123 
 657344253 1373601412 1333864135  382301730 2991052977 
 372806056 4009219339 3479363817 4149733903 3980134053 
1920200747  176118222  860808309 1886951397 2287853508 
2681058703 3645965296 2568542107   91347027 1520450688 
3169900226 4067406087 2841225648  934445541 1392821679 
2295241803 3001123152 2903344495 3757422701 1587012833 
1212406794 1663325943 2453347575 3070242498 2726811475 
2573040841 3935824976 1442143114  512949245 1554332800 
2415859858 1506418277 4076518798 3867349831 3171888151 
2991109256 3274349402 1063244739 3694202748  696602796 
3162295959  364719805  317437824 3273597349 2318924699 
 316694161 3702050737 3714496776 3562540183 4025962503 
4208947945 3522274407 3192402648 3960777310 3388692147 
1307109883 2447250582 2149726265 3711604783 2371686707 
1382659019 1331019373 2534132328 3873190368 2706777747 
 628965280  138225298  166124495 2062572024 4012662662 
3102497001  676203192  388485418 2247233758  662554262 
2825059655 1155089319 1338783185  953284437 2483684883 
1792839352 1087808911 4161344927  273769462 2665109594 
2606070774 2322127992 1900303357 4091969419 1856953435 
3828568991 3497675014 2434726522 2645097753 4044225582 
3223434207 4164380213 1053382896  784692490   74496163 
4151399740 2795389843 1300652009 2305486319 2989550149 
3368660440 2538818396 2495563427  778906429 3438703236 
1504509765 3185045734 1027875344 1552007135 2742329034 
2903355484 2260803543 3818875911  477473994  265725829 
3944704865 3569208480 2620939826 2801925461  529613691 
1315705612 2550464848 2090536884  515600567 3141964592 
 161554167 3047613621 3626443801 2305249876 3742778559 
 547601428  950437919 2240400092 3380799683 2348438870 
2538230383  504442590 3693894373 2919454820  533631423 
2385777057 3852454551  870064726 3622239984 3299497738 
2756340950 3208613534 1518237803 3176758855 2481216709 
 323647433  952574462 2223182563 3406120455 4234043993 
2716261521 3179680508 1652042637 2244092056 1632001681 
2370912818 1092868894 3985337983 3558063858 2331406254 
3506152469 1256620867  600140788 3582267675 2987755231 
2492969052 3187228648 1476469790 2660189304 1488358621 
2562565195 1354529594 2473198363 2397133848 1700700292 
3534563196 2353463551 3355612603 3634030937  701079986 
 147399968 1133433006  836531783 2733456014 3631729783 
2478457270  530917127  891496152 2385753167 3768727928 
3217728772 3531437744 2300012523 1551162070 1971291254 
 348396559  387529573 4066630145 1557254917 2416500979 
3232460243 2573477933 2292572729 3393819496 2002746751 
1833415269 3568762867 1543631794 1174751189 3373472185 
4235648554 2629711046 3809950784 1104727854  926932154 
 365173391 2859351346 2734103304  551148570 3543982822 
2298651956  374371344   50454894 1469240877 2290334507 
3769278311  569213809 1443927750 2323003358 2135742586 
2472417303 2660398213 3369653264  991735411 3363217632 
 871332369 2212167192 3055937297 3807960107 2482449929 
 444250763 3454761801 3077517278 3755952128 3566842846 
3501046802 2506639504 1876787429 3538891417 2796431622 
1920382877 2409439812 1296862116 1315576996 3179065592 
  54710886 3870955872 3133233805 3194360664 1686985023 
1250510009 2742415028 1189150352 4193694347 3699192060 
2843486204  384375543 1569824821  808178431 2587304503 
3349865125  311340303 2320678832 1615158558 1965142127 
2255227988 1171785335 3773316312 1253104999  131774220 
 478977349 1658207354 3024011105  810878789  103762325 
 287712733 3721879041 2410652489 2098331275  941655368 
 744932343  976726584  138265874 1759075378 1485508657 
  21725926 1318352777 3730918621 1784151734 2431859543 
 202081065  438620833 4010905849 2722194480  462113147 
2062597144 1010649837 2718104913 4268631137  884740534 
2364924873 3100361907 2960180941 3269679458 1091453965 
 976730107 2712295094 4147545857 2144620259 3074476398 
2091922516 3103114581 1585930982 1127235060  700891767 
2592200563 3719148209 1755927223  654084420 3116396984 
1466993600 1129009126 2554438517 1075600967 1137785215 
1787166072  237850375 3438600700 2382561074 2456433408 
1744335254 2519614238 2273555141 4213742574 2004766897 
1688334895  302490686 3674203439 3516378789 3568955127 
1165120195 3934049547  267701442 1801738060  120535528 
1073923152 1460356558 3698641259 3392644651 3661335516 
 943352780 4084350027 1412706309   60121162 3858710809 
1265592998  104447993  362427946 2138122009 2262773743 
1854203267 1460416117 2888927584 3643825500 4056963593 
1992879581 1970616657 3169857075 1588254566 1185734074 
3904488895 2420166970 4069030720 2625867287 2049132164 
4089362599  128679117 4289142130 3078881944 2191059104 
 635744262 2795701763 1066408500 3016219593 3063765087 
1199827542 3563462578 2021898449 1017034871 2326692768 
3485995839  116217712 1881504707  469795529 1970362336 
1139721958 3060789306  561549982 4061009022 1438337006 
1523463408 4270208398 3662893324 3489047930 1998442338 
1905936171 2404607170 4181252869 1220822374 1574818158 
2190983170 2767607358  357951551 1608350164  749134479 
1679030793   95381628 1531977901 1131126724 2984362688 
1769985156 3587192806 3448699129 3765040392 1555974461 
 355333975 4292273468  683706287 3445061339 3910313936 
2844813148  352196028 1619339607 1758363800 1335074924 
   4660178 2104712043 2889626825 1745124715 1159446558 
 427553276 2916785471 3806840173 1785490846 1063150955 
 960827230 3759712344 3148682814 2543428433 2062287107 
1263455710 2587706800   34002411 3560865121  194144727 
3913343225 2076368310 1576896251 2680835886 1277014219 
1538758929 1484214144 1969402168 2144958040 4154089201 
1867968075 3067712409 2999787685 3845141486  736902444 
2552588910 3506223602 4284496626 1731966858 1559945497 
3216728034 2823388135 2718732153 3789007883 2125067125 
1244936516  821353332  382777398  610440204 1340300691 
 304196616 3376986199  563795092  847963817 1989501028 
2020846687  198267967 3006904641 3203816420 3269920196 
1674542969  973301071 2737596894 3319038331  753402712 
2992735427 2873993323  708697627 2319276689 2201883168 
2870477374 4126424130 2500976687 2423575174 2913261529 
2423534710 2174487354 4052830904 3320053259 1201026487 
1227910758 3623960533 3432889505 3292401648  656146587 
3060201823 1381715206 1924226269 3281301176 2089900019 
2979459147 2748059745  842361633  582322068 2300678292 
3335906960  313184684 2817220402 2814927368 2652934696 
1025742502 1218719683 2043558495 2047789312 2158077433 
2957818997 2861971146 1285555516  887696910 2873039645 
3803628309  818640552  166396580 2148489517 1504467079 
2412306953 2374808956 2436404895 3974853467  993656223 
  88912979 1475139416 4124401270 1388684917 1235470878 
 468555758  463989739 1744915557 3636621084 3761059698 
1862794715 3427781224 2239929406 2655345839 1126502278 
2840179484 4185747447 2257271650  427559962 2659359840 
3415463583 1431933062   24158943 3849314007 4259750979 
3754605932 2520733655  565662314 1341754019 3322818741 
2252177165 3608972334  907435720 3009055708 1164577339 
3265977229 1475348819 2166400232 2060738745  710434671 
2597096804  391563007 2103292185 3538557927 4002437729 
 409041524 1513060212  636140058 1121566396 2899179921 
1102905075 1349364639  754215269 3160577788 2744253125 
 966531112   20453022 2133415043 3299159898 3908652513 
2224526924 4251866958 2719866552 1519508046  741911385 
 434463456 2408528390 4220088784 2724176674 3749799960 
1260242531 3099340518 4190770948 3168027909 2576824991 
1859701015  413556515  530923613 1054142026  701927167 
3208611786  108102674 1048068198 3785023043 2568209766 
3235417555 3118931402 3990571365 3448202123 1723608694 
1505122406 1323116763  299096035   85726973 1325549910 
2578753413 2850765517 3865567833  134180839 3747391025 
2455978786 2543096538 2754753527 4172325858 3864605908 
 590815696 4216579651 1334050254 1750098677 1311247268 
1271877917 2595080866 3980741486 1920929685 1853057404 
2958597344 3474731592  182292293 1538995837  742281179 
2199545863 2603736203 3742041380 3921504191 3543376729 
 768457816 2918885688 1206897790 1558969336 3539563418 
 690263172 1494199254 2051291787 1226525406 3605138784 
3257439330 2581337171 2919021369 1890271041  992877477 
3336368881 1268314066 1409755922 1726159021  509860017 
2611565913 2031017282 3138530177 3441241927 1804941821 
 343678328 2162809260 4287351118  297933085 2918539565 
3425030240 2683689196 1749762900 3065853544 1046001076 
3276375476 3183268300  802301519   59845847 2935366782 
2626678503 1187412784 1335665037 2819560933  431971599 
 816999767 1538299820 1263586064 3728673861 2611048382 
 652048736 4218687821 2280857389 1047950497  443200439 
 455414121 3473932152  933227933 1072775737  356756349 
1597752815 1468802032 1377190257 1777563064 1513769168 
3612200812 2000017203 2697540240 3120392775 4221027047 
 412800502 3244899790 1908728166 4178959034  952034054 
3420078544 3780475076 3021490230   46583792 1265884627 
1536900515 1348933091 2858099264 1251678519 1327188859 
 182244950   67692849 1247988980 2957419988  404584559 
1924206219 3205891126 3074145484  931304131 2770908498 
2635085576  847598131 3102171012 2746382397  522671949 
1461081638 2943888795  229124582 2580656063 4019272570 
2383494571 2895531752 2353613524 2687453448 2959166971 
2366824585 1614324173 1451310871 2934265375 2098104791 
3149910842 1136046128  445389720 1162538401 2647980893 
 243226844 4225323565  783111328  731227556 3368077185 
4062831694 2799695277 3859262588 2986896215 1956026823 
1168869614 1202247648 2210926872  472162267 3674310179 

init_by_array__________
3530501286 4000897017 4246938437 2439374915 1896288553 
 975356672 3939704376 2004337078 3306048636 2853997921 
4064975301 3804787697 1193061667 2766298396 3246765735 
3356306148   57011710 1301181128 3753303044 3404088199 
 397721357  584909231 3153908994 2455903903 1599237006 
3496961815 3512182292 2653676129 1603618343 2716309630 
3256688804  347831531  651136602 3892829539 2779353178 
1420437607 2751325742 2455612549 2118766203 2286095442 
 268520118 1869701085 1530095864  217409565 4172579930 
2410844857 1258610302 1501261277 1097334129  961450444 
2157615990 2363862849 2291865622 1561659464 3896077178 
 329094610  687140746 2701909264 3536978646 4252462107 
2103277375 4001373375  713743293  897168734 1048147814 
1278049938 3530227817 4291064919 1595511729 2056691042 
4196280710 1138027619 2172041783 2833606412  400611029 
2884995247 1078236339  727061742 2494023399 3920505482 
 867665677  686273780 1650462618  921615006 1479845925 
3884735805 2811258490 2769029860 1238040416  642154794 
4017031821 3859295074 2316037192  862326879 1239928263 
 851273769 2103231985 1740168164  957744509 2419481252 
3670161269 2902987134  879281978 1448514694  668633624 
 924594379  482415331 4279599109  376153568 1109790669 
1937229690 3630536864 1510848618 3399482134 4070349254 
 215037542 2207053266 4040854522 3459695321 3846172785 
4185034014  833362315 1542495247 3306838624 3928679071 
 967923480 1695990356 4047709533 2999446005 2846321923 
4110928045 1713261936  400112695  293712738 1617397826 
 701951613 2895457794  836619355 1482854223 3552332021 
1873422650  524371484 1560196303  488241059 1248454332 
2279868234 3377007782 2791220715 4164826625  681141844 
 180658227 3534429913 3003603588 2253438247 1215218945 
3407864144 3231189272 1275857615  528363816  779016527 
2500677875 1849960996 1666379971 3636831345 2353314360 
1880192854 4166946606 1995961339 4251335157 1731983498 
4265742711 1599097624 2302910101 1374519703 4045856159 
1406193010 3757405257 3348977453 2933973787 3700159033 
 173971284 3906353587 3240906199 4007338156 3871234429 
3370084597 2423175846  954143623 3213272904 1953936782 
3313406591 3188743815 2758417489 3808966508 1433246418 
 469037485 3866363481  589137937 1220723443 3425908694 
3622170616   30662333 1722661123 3206834749 3398438859 
1350867259 3832199817  581780475 3730226319 4228734305 
1021339250 1102705424 1517137444 2957859657 2137723058 
1684227618 2274086583 2726991608  923488228 3547354211 
4212947370 2329207196  481566953 2926691314 1743297011 
3076479303 1793198273 2823635426 3509241801 3297878037 
3786428431 3936691717  557204830 1572658435 2854698799 
 173877213 3048239292  335563087 2157220794 1452187102 
 930731296  487684398 3301738934 2951993565 2038678479 
2519145966 4004010112  878969611 3919143069 3380842620 
2943301910 1398220967 1867078890 3972545170 4214164640 
2282688513 1087775188  987848787 1682926686 3165827630 
1451603627 1999119449 3475042749 3785699998 3414883761 
4064391036 2578938031 2269136382 1861571071 3204672738 
 164232046 3784544356 2895538883 1159302363 1522262913 
1917395561 1223996318 3022439859 4131754152 3710814906 
1735730151 2196954500  874062988 1834804090 3313683040 
 117382725 1943399169 2854116263 4027292305 1367919662 
1304818869 4006534417 3085089449 4033811007  176130443 
4092287775 2513627577 1753326226 3652880935 2288743760 
2683338572 2798195042  936094120 2219364314 2015661660 
2741692414 3991352582  497324679 3017434125 4143108092 
4145813885  390543603 2653111236  174293615 3371616054 
1762312016 2460493951  107713736  258645670  749374839 
3965420647 2799074935 1464520248 2321443780 3953848854 
3759245313 2033224486 3448530790   38066550 2674468237 
2328698515 1950509925 1909679144 1013165341 2127985089 
 352974081 2985111800 3174539846 3709495613 2056848726 
4103752599 3453951213  414813011 2619059531 1863508499 
2223048328  154506787 1247362674 3049765749 2665250044 
3843733879 3363407269 3285297125 1552094503 4167671451 
2471631635 1001144438 3752505807 2585183616 3621434763 
3861416328 1516249649 4014908435 4085416920 3341742423 
2254003903 1365078789 1396075043 2930423435 3786292767 
4222086067  802963186 1404059414 3393099627 1463556421 
3246655981 3404174749 4182708313 2334798025   22206257 
3076342745 3805645633  250967726 3446328404  641832245 
4229939767 3022124858 3352450468 1973691164 2543761070 
  62230528 2788906270 3793876983 3256180963 1515826481 
2223446635 1962453434 1171787608 1676500192 1187993373 
4024371838 4112169111 1875596485 2102642614  155403726 
4197124948 4099318348 4216575758 3522761407   47580293 
3875499418 3931654304 3452446592 1524628372 3926458440 
3898520880  501517811 1621804616 2881933731 3344014504 
2771345584 2351248249 3583362492   14578163  940888703 
2317014525 3262521788 1438444295 1314777440 3771830548 
1315737613 2243603908 3853902315 1766347191 2032336119 
 472842940  545484536 3138850936 3192197043 2087974210 
1647763066  885796396  398063923 1325889334 3823876133 
3141767327  265376029 4293480530 2909664167 3039492340 
3752000117 3668184569 3000216789 4212135174 2976651271 
1887301605 2533988060 3945561062  418439598  416712205 
2535758410 1653384175 1043176646 1059635255 4088656718 
 348760659 2062268045 1912504290 3789628053 1172945405 
1773640533 3337633456 2716065715 3079995939 1209548724 
1890400964 1984922582 2647219094 3326749887 2666565753 
1441129225 1501996194 2822204398   32659641 2235075340 
3225741404 2298550413 1619230048 3795250466 1736140227 
 819185097 4052791265 2630322206 2855219519 1657950462 
2699531901  901563531 1362295812 1448141982 3995412958 
3254692622 2114204133 3750721176 1716636569 1671424873 
2096931707  591304022 3855648377  841885158 1783156146 
 885833806  556484526 3366070271 4246325535  320637434 
2525941758  564904152 2407923278  381710906 4176007921 
3853091103 3738918489 1254333484 1389666317 2763262522 
1885185248 2375252105 4072715516 2163093424 1875592172 
2815820717 2965398710 4006524641 3286168171 3621207670 
3313107873 3986338750 2804593272 3397482815  239867253 
3361533339 4137693258 2710507272 3394912052  163840301 
 179473886 4219255710 1537860248 2665343750 3423901130 
1576127264  536144523 3842024283 3020744687 2873457253 
4131850999 1695572140 2443731621 1417815622 2746629230 
1241188767 4195392625 2859545550  687652803 3405569522 
2256892139 3121650276   46185313 1336561966 2945435150 
4082266912 4033847770  778602435 2129586591 3732662012 
2099346507 3835247456   60557984 3932125986 1306144250 
3851342864 3847771214  857042072 3828872991 2865632859 
4121826395 3127943439 4175078844 2836901497 3780671639 
3178729881  534294403 1810111565 2462096281 2547028819 
1000852202   61919082  823075006 1574339574  941706214 
1841348901  161632753 1037958953 2714977330 2256892040 
2112382982 2988994163  796751051  365854478  616273130 
1546251822 3961137714 3381909260 2665138074 4149349084 
 774195674 1951203053 2286247250 3272559573 4021674025 
1598090625 3875049496 1068202288 3194986876 1026657407 
 838943601 3640235182 1075300099 4219035125 3421908900 
1675250877 3356544484 2595890711 4264267436 3854221461 
 883880227 1207600859 2255350826  739438663 1051023734 
 498879692 1131071259  625515363 2660537017 1936814609 
2563596521 1828607232 3331430307  876124310 2865472466 
3106471011  694479283  670326784  303548000 1116661351 
3664784776 2055745829 2780304335 3977154303  201883431 
1558126766 3937885908  545200222  203945100 4086714354 
2145969827 2889572756 3296443334  996633960 3621663619 
2176840036 3131593397 1309298796 2730496539 2277734329 
4056063385 3557047503 3648764385 1152594301 2559836546 
1917957419  581474272 1670872017 3896444339  722361728 
 454913834   55572626  362815480 3715784070 1358170908 
1332217308 2182640440 4035768773   22005548 3059834945 
3857778479 1061559660 3751455507 1324781774  379235912 
3780825865 2386182036 1941564739 1230442496 1000140177 
2999947439 3348186424 3624894678 1665712202 2425093535 
2823349169 3659193768 3070878228 1255900313 4137843075 
2112396881  838258465 1930719363 4218903966 1477944942 
2963648305 4021716469 1127570458 3652458214 3487105961 
2490439654 2476273416 3829333166 1471560693 2752975665 
2727499041 1686651128 1307718074 1096008287 1050715072 
3860005721   36805661 2800135444 2168281250 2110170735 
2269031632 3078561781 1121715032  809678833 1127034615 
2232564573 1957438620 4279385856 2409564527 2343388204 
2299275843 4144425943 1192555477 1495289986 4177051778 
3918493740 4217766030 3947711796 3982339831 3241823459 
1974253215 2182274013 1741938643 1936674006  333145998 
2916084778 3149017275  252814141  910667997 3744647123 
1718879036 1521958110 2018157806 3391778359 3620817832 
4235760260 2411994722 1344686804  177295373 1416909646 
 690514669 3558188886 2398691513   19738638 4095727619 
1596552809 3438766501  187715608 4014055036  821690560 
 762951953 1948835687 3358449316  344825407 1862606243 
 168984663 3075851296 3954764496  111802807  860423831 
1815234787 3094653537 1722688220 2600128513 3829625543 
4264048277  466469121 2761528402 3701590912 3587065820 
 550241950 3826657605 1022872219 1810448072 1368889832 
2971814200 1820254998 2785548592 2488718385  408584363 
4229990037 4183450382 3176948095 2908075533 2432977964 
1372730284 3078692340 1422359406 1004460110 1971117678 
2097285445 4275864240 1429260287 2799540066 2152856868 
1166883684 2645776739 3979059554  880905980 3509158939 
2291688769 2045684797 1819174203 1108249868 4039568946 
4166567044 3984999369 2087518927 3991542153 3197422643 
1506690693 2014550536 1051480587  961800774  254744539 
  84104079 2093897012 3060408522 2215644984 1998742575 
 728784543  414241135  615570128 1387836918 1947642677 
1048295882  839279102 2755221017   96766989 1511567511 
4045285540 1378615443 1167326076 3896949715 1180765291 
 304725534 3166947183 1685860703 3426422900 1235940538 
2035570769   13006775  212583573 1875054083 1022084029 
3611555010 1316981889 4278679053 3281597061 3386481983 
 466277871 3102352342 3986636307 2138768914 3148829414 
1459292383 3721238532 1488730245   59453564 2197597526 
2555547247 4170915648 1907477445  627644779  759491795 
 169123284 4136491300 3152725328 2737438053 3059187183 
1040380790  582805705 2509720411  245060336  305804441 
3677388845  605788502 3229390148 2485466611 1518278532 
1349343347 1018805961 2628800645 3811738742 1750506274 
3205740794 4253760090 2442726536 2330121904 3090859572 
 119844134 1444365179  536180240 1540073819  992630350 
1510809390 2674225970 1093592080 1399269266 1708750123 
4232292798 3223568393 2491252216  112371383 3765434423 
 688019467 3908577275 3086721967 3974133036 1308179297 
2497400477 3290873814  567243686 2571990777  695986840 
2982287038 2656861307  921830791  431662920 1707949499 
1327913653 3610922391  864814357 1326123244 3801764433 
3806557855 1575833686 1412151002 1365638126 1439250177 
1335456595 4176186677 3342555878 1429345513 3887681411 
2230853510 3661718601   82782311 1735355233 2870128285 
2448985392 1926645441  253207119 3979518299 2640161295 
1469096369  585180057  552678426   62475395  178427394 
4051323335  371167744 4235549222 3096099687 4112474367 
2391087086 3629598009 4071147995   74505961 3859763803 
