SFMTp-19937:65-20-1-1-8:b9fffff7-cbdfffbf-4feb7f99-ff6ffdfb
generated randoms
init_gen_rand__________
4289778835 2892810451 2387188148 1249958715 2487126280 
3097292333  347235474  852637020 2723119759  732383611 
 713438731 3605169971  589810535 3216392901 2836644132 
3903812208   39312482 1209014782 3821659227  929595286 
3818413514 3183435018  921719092  977339084 1403647652 
 223503644 1266578798 1480156725 1293080512 2986358569 
1744922299 1363483964 2952534397 2329690465  338849025 
3412455777 1572122005 3413857036  789352396 2252535905 
  92891718  760223449 3644128496 1255221247  461709421 
2140704784 1407733363 1653131588 4265269391 2149270357 
2951569282 1622140145 3922072723  301970044  752414033 
3581196927 3648974918 2104156898 3873656788 2855734564 
2145534673 1309713095 1604407798  781590561 2645686881 
3402591042  994576079 3823070554 4118346522 3509770456 
 328623066 3328793864  780374128 1187768029  823962526 
 208194537   76374824 1156654983 1178137958 1442327556 
2144026034 1846098151 3790400418  157248057 3252920551 
 796287225  675633888 3181363931 2419184779 4234247823 
4241635629 2048708176  402892860 1770335415 1022786323 
3214723188 1857145134  404238307 3528583159 2519716258 
2871509776 2018861463  145865534 3071912987  283203747 
1201171478  236310831 3956056728 2776271010 1754638872 
2566014658 1338621001 1087287158 3975180887 2476621485 
1463984436  929734348 4140287653 2256207698 2760226027 
2446166981 2184643347   91086883 1553266940  188687770 
2657189048 3828890725 1010721755  719959474 1427279894 
1177626087 1320634093 2559088438 2761823504 1306149700 
4160606923   10888591 1405435552 1483766560 3199497186 
1405667859  844806702 2359214820  953335717   60521823 
2095198296 1882171414 1740895959 3806515595  872388406 
 921462611 1190414145 3462101837  411356201 2007270591 
1200866449 1539991222 3541570831 3528499073 2518968770 
1674758413 3066327604 1370086888  686482793 1363860270 
4271515486  428648850  822598719   99494679 3982738090 
1441396394 2093360443 1392037702 1104611102 2675803806 
1874019228 2979521615 2330048289  457691344 1051556254 
3852875588 3257892591  198025201  460567912 1850350422 
 384402847 3364311918  695742078 3780826735   26316487 
3009122382 1296885651  314335370 1232143421 1586021396 
 258113105 1487773855 2493114080 3874060333  355725035 
2273291314  117955613 1158694151 2488497877 3276787756 
2110446355 3551477706  785303915 1084330626  111634975 
2029861322 2594344209  170240282 2289091888  710380855 
1349841729  139812725 1958524844  599585358 1876467287 
3899713826 1972618073  786196359 4241820604 3866237435 
2529924393  346860842 2752055574 2999878451 2965372955 
2038981695 2865126224 1495814411 2374852390   45924812 
2783152851  200400153 1514909243  581855928  744326683 
1846308314 3865670582 2573577299 1866215487 4010221901 
3583750821 2474271112  175692890  455213007 1270986100 
2857150350 1631710069 4117043541 4129717622 3099361588 
2670935939 1184345448 1915124101  317395828 1392227957 
4035494851  794489434 1636183991 1844370267 4262414069 
  22921608 4094762631  731650839  565994940   49975971 
 384615050 1070314282  156703928 2681687388 4133442185 
2123645105 4287042094 1693626143  291181659 3221474307 
3161670619 3628328800 1782136593 3185667968 2790104586 
  21033795 3348910164 1678149987 3367729698  831951162 
 486565355 3368183586 1274925048  218082249 1829826267 
1807528237 4053664606 3249545534 2540549062 1438284706 
1420107822 1161878618 1737723016 3274927234 3336883384 
 484891821 1658128768 1615694876 2544253972 2824340716 
1747635833 2946265828 3300584863 2023304199 3437369174 
3185311470  255901747 2593701364  220400616 1307832498 
1061951156 2260324587  778364140  813728061 1767035842 
1576356911 1498276845 1999147432 4160775126 1361957549 
3403157536  777648073 2400742445  198437609 2625428382 
2800736474 1152867786 1633867330 3798476386  322888732 
2719467298 2751089611 1631703032 4053425756 3981236091 
3852918394 1673326579 1914641174 2128786725  108979813 
4249117757 3139924446  599953288 3455886418 3426129297 
2988915093 2364527371 3491736247 1795909640  938108947 
3899680421  998889813 2211672408 3209685636 3797385930 
 830864620 1292285180 2392212505  520269810  908890217 
3519980891 1908328499 1908085386 1989623649  447925498 
2850433538 2923890714 2099937617 3273212055 2923385377 
1606199324 2788499168 2643695655 4216944784  389901698 
1169870239 4044023698 3823231207 3027578709 2768105143 
2991135106 3803322398 3519214056 2092551252 2809532621 
3201164958   83586231  286300521 3299072401  766709489 
1225440844  518384339 2420211372  513628898  169619411 
 453774042 3672975584 2830389474 3840689316  600820221 
1613243816 3012678916  652117401 1056714685 1492145120 
2224955678 3841650288 1599827774  647154838 2058305438 
1939256116 4219290787 3307140549  351484148 3440900062 
2757429346  225886455 3712960348 1764389037 3448467122 
3920873771 1865846079 4263788529 4000687355  823770993 
 686862996 2761516469 2462662867 3982334896 2206790556 
3959219732  751530469  930116736  222236329 4024977625 
 147380358 3660946059 1153097577 2788130544 2804382447 
 912139273 2461666021 1979775039  489287509 4063003049 
 459174404 2656380382 3833942697  634165541 2868166216 
2869789607  118114656 2866982604 3473625938 2058854512 
1212401697 1502374299 2090168757 1764425492 4128004552 
 816282651 1375266131  691520943 3519079571 3873905733 
2894635654 3258129754  788457884  452449591 2421287695 
2018854899 1456728591 4162125327  448760502 2797281399 
3452845328 1066463638 3058728499 2339441513 2468107055 
2877037299 3263782463 1878708281 1868897280 3049058555 
2658193528 3010107250 2827739665 2717906741 1207909541 
3900487767 2832639474  607055309 4102251834 2275432361 
 419445486 1948023805 4016998925  520100579 3861502988 
2846085692 2452807370  879957660 3497960187 3254620390 
2624696645 2907946049 3980401416 4028296989 2417903144 
1371093875 1356157227 1226436089 1366256245  770245432 
3919856369 3193507763 3324578937 1819769249  347672245 
3414331892  953642553   58811378 2980479815 3699838686 
1210323146  210865462 1332199413 2615309090 3917465297 
3629877642 2336552100 3607660502 1098664298 3164889532 
 561793668 3288848386 1029458122 1502234473 2337609701 
 618756051 1287021014  128923312 1370229392 1512494466 
 493436321 2414454892 3518648947 1593313025 3611051227 
1686733436 2774389405 1040783633 2307080906 2583409135 
2966303001  917617114  484549853 3004135575  453389442 
3955489380 1283332307 1000054398 2889195858 2667186203 
4015048638 1766665849 1714132876 1458059173 3185029686 
 553139433 4055126292 3566752044 2794618122 2025398781 
3209616976  128613826 1700916503 2239785077  100271527 
2399489841 2111133490 3133554402   61918543 2678520861 
 511446174 4095784055  429866362  606152182 2647995320 
3140914609 2430786129 3033542897 2092023677 1263804863 
1613909251 2680071428  820643426  110883369 3191913942 
 526832174 1223629599 2282023042 3583967873 1757641299 
3967162041  385609705 2991013769 2612521914 3793553579 
1652913563 2568286073 1311002240 3684933399 4209152030 
1070510869 1410951956  819668774 4233285118   83778216 
3165479717 1380443584 2303165705 3962852324 2502724201 
 724331683 1164044708 4116677311 1543501576  382761787 
2518267305 2881096268  695009994 2147972061 1587025318 
 418204089 1447980284 3543450220  427122970 2483758097 
4210001607 4093624174 2894994008 1524033320  129413677 
1545046048 3888239544 3389796962 2912153669  128183111 
 189723221 3164206797 3931657956 4018972094 3784855458 
2396682753 3750501446 2633324871 3490816748 2880167755 
1753089080 2678996875 1506847827 2852513501 3420412191 
1063301034  610854388 1082005484 4054154721 3542445660 
1332247861 3775644400 1625860512 2540874766 3431316384 
3255966912 3980391548 4099737449 4167725942  671913873 
1132892431 1072883528 1406172521 3119005673 1332916822 
2600058227  760760767 1210608754 1968104318  320544569 
2132105052 2542567104 2028353783 4122589011 3554078048 
4189908509 3726386290 3512304049  731022880 2950401751 
3382761617 1717714341 1809197327 1526364813 3235571318 
1237880331   99303160  960130335 1338291034 4046535118 
3893875912 1668619602 1723075286 3890915406 3495844584 
4069377618 4092507929  222180930  700015281 2431514409 
3234186527 3246829528  228132657 2786726441 3952193447 
 935194886 2557169832  836817910 4031218697 1259318954 
2469314655  293212598 1235091607 1127055823 2539919256 
1999287917  556317838 1651655339 1870694063 3553134943 
3708156395 3636217065 1194094341 3359768590  237999058 
2988395741 4055583279 4257360099 1413017254 2964329428 
 241456183 3672044845 1118805449 1145911282 2302218064 
2958063643  850718001 3378217333 1597546009  185938875 
2081650075  175245563 4110850851 2533667960 2886105309 
3836197201 1731579768  272138896 3548290207 1895803694 
2078895387 1458138036 3412925574   13588277 4005590490 
 303742883 2558359222  125591219 2238908665  562501705 
3199627429 1477790304 1195926291 4161593740 1215745227 
1905125249  767373522 3677051766  963012065 1303414438 
 405232380 2160592428 1372413035  948840141 3853946671 
 348317264  503744996 2740026228 2752776867  557115319 
1110536488 1466240557 2528589449 2620217866  370610417 
 199277232  876483808  747319919  257526269 3452250926 
3401270389 3914422140 3069829037  738160324 3028016156 
3121847134 2040393648 3800372134 3027389502 1546011417 
 824990567 1081148455  412254020 3005412206 2069421975 
 107330753 1795151531 3032793168 2149365323 3066856648 
2651976649  561156276 1531735513 1507304350 3029836905 
2255193804 1977527821 3750983903 3924630958 2990907822 
4289212676  379535073 1580097134   32996300 2796452347 
3278570706   49226824 1395270570 1337064959  982301606 
 731462341   72937556 1058203260 3857105383 2637111644 
2365979111 2970624594 1774135101 2535377501  677749672 
 795514322 3853956937 2041165394 4068353015  639080502 
1100515926 2985908003 1607994296 1959902772 1641283954 
1458667658 3295273692 4153070015 3325858102 1536210552 
3298093819  273578565 2032346785   29468386 3100685152 
3780220569 4175984402   45805765  842041294 1962996632 
2102188577  986955334 2564664270 3353278601 3858705950 
2833538997 3493932287 1401389866 4111127301 1456489363 
1804950395 1083080944 4108980121 3357648732 4097882715 
 757536615  116461359 1851756201 3606527767 4091802537 
 216324912  616631920 3006802503 1422495797 3322873919 
1086119615 3435801745 1204210404 1977384819 3537944395 
 326898324 3992110673 1524272901 2501923895 1436808550 
1333351106 2022261136  363461811 1070366035 4115792519 
3230927908 1161928848 3946539339 2697291937 3586492007 
1323570796 2083088349 1647413059 2583405968 3626970046 
1667427744 3314578699 1413460358 2866303445 2619449993 
2076039327 1387119314  671333317 2989498718 4071983251 
4095173567  947621941 2940327732 4258616833 1979228011 
2502039934  783423289 3458850611  558110978  201410219 
2991281309  845568785 1239376254 2772226327 3389565289 
1520446594 2976678007  325875215  127888599 3464835741 
 805838166 3646711752 1863728193 4024913304 2864664372 
2890681970 4120215863 3166851853 3531315330 3222454132 
3687441154 4019669831 3249386025 3096668260 2961009089 
3152352147 1445806276 1883818108  479358232 1035449806 
1955118780  108859814 3532607888  501739746 1333208168 

init_by_array__________
2342130044 3555394032 2702905921 4152018030 3816738784 
2875068151 3425136164  149604343  615536783 1733238119 
4291745027 3127034905 2163629135  543295497 2526457548 
3045641887 1214130017 4193398897  198333317 1321116849 
 267776820 3339221999   10588053 3385047488 1449936686 
 938800045 1022372587  712892622  579041869 2508748607 
3824708789  685155639 2121620438 3950973024 2876009230 
1703175969 3885191194 3728794463 2568132154 2310648094 
3942820221 1073057061 2167148035 4092788979 2071921806 
 703606661 1073223582 2806356711 3619747896 2233645010 
1273136823 2726066400   74921610 3701387972 2592470009 
2095465661 1254256717 3773045235 2458220924 3101189190 
1484549852 1687047187 2782462015 1680197038  916549090 
1728639843 1268009193 2770189018 3977368072 1924176819 
3001481071 2048921794 1251345176 3538067404 2605600637 
3901376193  902964192 1085783585 1168773997 2931368694 
 296651596 2939693963 4243594696  307731581 1922281575 
2847420798  350366677 1589510285 2846944102 3335512026 
 900088624 1006850312 2468871529 1032111472 3031458373 
 220007526 3380786826 4111177132 4262127234 1767968839 
 816847437 1595902842    6353520 4193213309 3128192840 
3730010857 3379720334 3429222005 3782966149 1264334308 
3734704236  661562583 4229927092  721598457 2691180853 
2266570178 3333424755 1964547094 2970674509 2244862930 
 632550864  893170130 1765649922 4097696242  950522494 
2967949283  335119556   25225248 3320086604 4167390180 
1896110895 2113724674 2932674017 2743391878 2354968453 
3389850323 3466461550 2044659194 3754150430  667716002 
2979864620   58178078  959540931 1615591816 1455416751 
3624083097 2109867264  726679148 2954123521  403574158 
 429739998 2233541373   29661994 1839164868 3102905624 
3506938062 1473269129  121932555 2041794992  713056444 
3842303290 3217314921 2788222138 1052396151  290698776 
1585066778 2940785915  176212306 3781327477 2742033878 
3488852226 1523316134 2165420144  477764647 2782906941 
 821217357   39974714 2511781133 2857736883  570717690 
 173439614  523926717   56861271 1384601384 1090555002 
3024345479 1575457133 2083007068 1776217191 4291606380 
 172419753 3730941904 2510637041 4189997796 4245918792 
4209054128 4113437734 1846864642 4095769624  840528078 
3243252669 4113448317 2350629421 1585167324 3700055703 
3917175084   66439540  191061365 2649791954 1667813103 
2344900114 3231283385 2207708454 2205059023 4101996616 
1265076339 4267110423  467163969 1069146640  569161061 
 307619171 2938929033 4293535341  767186771   68443051 
 556713715 2895169313 3068269652  204026358  886585045 
 887774226  111777834 4254584559 1112239805 1311559981 
1017896326  679982763  112905577 4044071123 1542046608 
  92570554  398334652 1539678226 1285291610 2143122364 
 544479419 3180718794 2935980987 3930323621 3241644899 
2379823585 2037111786 3542126451  669393912 3787474540 
2190797689 4214508151  428315346 3519000780 1331538395 
1197488032  400169218 2191851931 4187102556 2609709235 
1583117663 2532784211 1397093253 1932082787 3577223338 
2283721163 4179391592 1250750889 2952023451 4188440778 
1105070384  489921050 2639432218  212378347 2599891100 
 359655151   90571468 2879959943 1627114635 2127446101 
2815682288  173329084 3528425422 2033029361 3472840496 
 583258758   53771456 1920868160 3313570184 3176858622 
2297593855 2549430723 2752064259 1020075836 3729560814 
1261414648 3600601207 2797307310 2691517097 3012332034 
1628486852 2210655916 1883787488 3962124118 3874886283 
1929026535 2324897382  773500098 3609471961 1413879200 
2182220615 4113486935  466458804  703004542 3242992369 
4035976758  951859414 2624832691 1403418303 2019044955 
 314415999 2613729729 1098499713 3855701409 2339447907 
4088799460 2559137073 1984341551  899644206 2549768108 
2154967934 3875845196 2236839784 3613180258 4277132651 
4293660947 1387680759 1259041990  493358083 3483369776 
 103425483  280627404 1222278776 3461167880  240520757 
3098138117 3123617791 3899886536 1414842805 2027014073 
1768602360  136874793 1891595090  774173647 1596234034 
 969660914 3483689487 1454264368 2134517343  901169407 
3582892915 3866815690 1864710337 1072126484 1443421217 
 528473469 3270777489 1171277546 3156269962 1204124523 
 575627780 2551345440 1703567549 2745932020 3013614422 
 751918193 4092745454 1952498762 2243842242  836021620 
3430846001 3718883052 1507686782 1621356743 2635296293 
1883923619 2095445394  230305931 1684396135 1130643174 
2018882504 2945668502 2118650063  135219912 1770693977 
4016300526 1663561632  424215902 2085546249 1764127132 
4198979646 4051069500  843486387 1661547225 1861171517 
3413921058 3333989077  730069602  939403768   71997284 
1752684700 2869011108 4099825796 3808164682 2112959103 
2906672743 3223145191 3555951585  573592567 3820728274 
3079248857 3239654284   66131521 3482882465  559885148 
 715639923 1695627764  300741328 2596155969  144578102 
3581388540 3886786925 3633647214 3335921057  201118636 
3181757645  233162975   26501058 2177222567 4086269065 
1583247842 2838131026 1731724254 1821002926 3521192717 
1818777271 3307363172 3956166312 1444552414 1688409063 
2234286225  631832470 2601344955  850292018 2000184324 
1492386177 2914695944  523313005  896940845   90257328 
2950356444 4090419799 1991695532 2340136423  595630994 
3505691463 2196407302 3035080745 3829749572 1017924196 
1756192214 3537329000 1222585555  138616695 3715733563 
3172855746 1428416643 3127394486 2684686768 2064815679 
1638748591 3722229127  324705872 3585539975  791706668 
1948788555 1252717390 2542857133 2449710324 1409828265 
 243686145 3521763459 2058845203 3428639505 3247307066 
3871148294 1274059927  713424240 4141328096 2002092053 
 960602412  771303856  406698199 1850121050 3804577177 
3680050926  683691032 1021958818 1572685695 2711634039 
3525772054 4041051537 3703270087 2853921889 1655028640 
1928542601  222535927  599571188 3210979027 1691082143 
4250505639  969926087 1340604093 1946714515 2706369546 
2416182201 2885440356  783493554  467327526 1799339299 
 620817016  543445886  773956238  863841412 1026584957 
3153889833 1837083640 4155831717  861150028  556514232 
 843459707  859024493 1191453506 4094251653 1254087210 
4006045132  598749546  494166282 1223612162 3560865197 
1825585136 3038322706 3691720896 2453790872  941346856 
1870614480 1113071668  195030584  334300169 2016017330 
3977446943 3775238304  683460090 1840563062 2656669396 
 642889907  899930461 1205421262 2243888303 1606134988 
3613285895 2307818777 1175214280 3647677340  127130879 
1059747849 1603113261 4199359757 1255010536 3431310077 
4177658651 2715503964 1750524327 3895705217 2458579496 
2694985863 4048183460  930316159 3446847938 3958993990 
3122674155  853187766  591003522 2120889739 3801364695 
3528362319 3857192651 2020861944 3771080486  886925313 
4109458963 2028716451  235531016 3465273425 1184612858 
 403074623 2991505394 2525678962 1988952661  768594653 
2641864961   24444122 2791990690 4041927300 2096063899 
 202639716  460457498 2823148316 3731073105  769005789 
1165226788 1725984988  602623258  747073753 3971823584 
2731156929 1567759092  186914912 1642106295 3870484293 
1993344004 3209650163 1649677432 1453860455 1480848332 
1926854751  614733684 3227035627 3252642866  955709189 
2572449945 2278148130 2662326593 3381694458 1050545810 
2431498925 2438452472 2092449841 1181443414 3804349816 
2930112410 1630587881  312116454 1863544374  611712106 
1306356218  994898685 3519257509 2258508113 1071534735 
3547826951 2918552480 1693320131 3598960227 3696474882 
 872707363 1609414894 2183631465   91809149 1064713904 
1907616075 1628005107 3651319132   35693602 3045367119 
1907440621  921284333 3957045004 1151041179  392222759 
3807661168  145663934 3219856404 4152819151  642257321 
2615807882 4226538303 2073098242 3656906240 1821189087 
2613456472 2412712342 1076338825 3896622962 1580749646 
 417549114 3953615404   10851234 3970551864  406695778 
1294837188  574761390 3219158710  450084901  164518253 
3149431804 1022901939 1858556310 3253922429 3553486181 
4085538042 1237594478 1719493150  799447171  359589487 
2153912003  986412436  549549393 3564061373 1620774618 
2790711413 4000720409  341650951 2693123453 3441897990 
 145229182 3479874947  365636219 2635913791  523773200 
2639640615 1167300249  218127753  663968484 3289780133 
3076786051 2121722340  603933972  730994345 2350225303 
1321824583  294779858 3814601766 4170849474  391175933 
 672487249 2547443313 2822813107  910404651 3052463310 
3789071195 4237557064  644619423 3974047902 2707976799 
2386912553  425964445 3386942516 1569825013 2440273398 
3353108713 2125685016  427226563 1240133057  163285586 
2342725820  680322745  597237622 3307169757 3519194246 
 862296650 2036707086 1007446673 4067197103 1331024681 
1454796101  671601106 2634809894 3831879717  339076946 
1430037591 2607556177 1657814795  104555919  705823565 
1445092026 1839068149 2095539789 4046719823 3642966217 
2202478197  166608039 3969153072 3229744144 2710783487 
 269848470 1462580979 3628703604 3274215894 3699455957 
3102626598 1626916376  608957923 2198523776   43481775 
2658856075 1708910627 3853291726  865404112  317987918 
1060944380 3841807149 3105947092 3395126719 1485845824 
4035173430 1224775360 4096183724   93950178 3958097505 
1152875873 2720356878 2054828385  240013436 2265376545 
2342471324 1836280500 1674052941  232234802 3466414295 
1461670547 3950484506  785869285 1315397597 1667164854 
3273847316 1206761666  262582169 2876723932 4268048280 
3702436464 3805563687 4039524866 4066064862 1971976946 
4055361405 4135356175  236547291 2749758066 2048147031 
3378674381 1938026896  607104791  844770807 4106307570 
1678991404 1576188495 1547132084 2101449041 1236849515 
2695667726 2580195590 3145087700 2775408562 1988184645 
3158861019 4176370803 3820934511  307369445 3168691399 
2649786412 3474154588 1270558691  350249791 2533179348 
2748057322 3832060818 2847125557 3050644205   97758581 
2374226234 1897937684 2272627356 2131458196 3007883247 
1977223136  201803029 2555458702 1412404327 1107132986 
2055596438 3391939201 3003747244 1933431475  418654086 
4019608967 2437948773 1422057734 3142386508 1743937550 
 904758811 2682596779 1513190890  695824875 3498941692 
3278449834 2641333169 3261781565 3376523371 4034753571 
3262149722   51033287 3551875763 2920621693  938395830 
 889029065 2086504358  682030360 1627059572 1459224899 
2103563829  852988351  684184954 2217322127 1045094126 
2778843997 2056550987 1647428387 4229959702  434952423 
1332085412 3105281172 1846399674 3739428173 1217576569 
 671717403 3232627936 2629766082 3050935951  748593607 
3522794550 4025160871  650848221 2469961455 3889434593 
 570132298 2280440323 3408914346  537170523 2705791168 
4223790991 2002952155 1709290481 1052324619 3426790198 
4236871998  808725240 1025387153 2272866703 1480495139 
1569274832 2997969377 2352075742 2424812284 3231153515 
3870236352 2895474362  564429621  500915164  920994228 
 974068946 3039708643 3348216050  227726980  165892265 
  54029440  373283173  904766520 1712763619 2452477075 
  18885843 1040687274  631467755 1833724457  559342838 
1530147457 2818518206 2098622851 2025050437 4103715526 
3992548543  765395244 2777173755 3486808602 2093969908 
