SFMTp-607:2-19-1-5-16:9f7fffbf-f6fed3ff-debeff3f-eefff77f
generated randoms
init_gen_rand__________
3559730938 1859169132 2560144440 4006017793 2915132275 
2834277115 2730765815 2046759743 1595539025 2796634033 
3155942946  387168690 1161965761  912786847  814732880 
3145796148 1184205883 1005676206 3012080589 1999006289 
1133575936 1816233925 3138669307 3846865728  358185920 
2359463471 4093681808 1168147065  927259257 2091735395 
2862156207 4202233598  380177478 4272480958 1384108748 
 221072810 2870658359 2481875619  153035780 2472436540 
3985519049 3722690947 1228737987  944835200 1224670063 
 812386659  790752721 3406105249  415504934 3716361880 
2071124301 1558144119 1157763087 3029065181 4277161629 
 472630777 3623900612 2509971473 1708895421   67657306 
 629459499 2117060195 3523970195 3923304995 1570205675 
2641688065 3036679688  961176911 3598546209 3435343481 
3219439696  761653684 2974745754 2265997132 2846368128 
3141697505 4203822128 4207817555 1904808865 3006727971 
3833169536 1368038591 1982038470 3377324860 2602195483 
3158885806 3922239476 2212483406 2838067992   32567989 
3654500236  526731793  684298036 3307671837 2392276962 
3140751127 3319698043 3187107938  144101213 1381537049 
1699654223 1461978268 1056954363 3814577874 1103709860 
 157455958 2970262557 2320221044 3368745210  995789891 
3154473955 3750059387  512836074 4255964060 2297455566 
2467930195 1911039588 4069207082 1213257634  824036318 
3655096480  428424959 3770692831 3801682352 1151584838 
1706818819  638636032 3072347797 3960476426 1790101934 
2175428198 4249752928 3377183680 1681945351 3098054035 
3969299092 4202825793 3771233982  302269684 3799717586 
1731626170 2441287798 3036859045 3438006621 3597734019 
1356364464 3114557307 1163013323 1215646690   26125418 
4277430679  808520243 1547489781   53343031  127991784 
3782999738 1085763174 2261400287 1272351070 4209149400 
2956727964  410091691  308823138 2448857120 2082544106 
3659484281 3740295880 1893625467  764964124 3347003205 
 953133294 2180980277 2592335416 1114435929 2017665739 
1075545677 4198932019  790928348 1386974156 3090632787 
1443040202 2167271798 3060782958 3895638647 4197627022 
 493063208 3701444947 4004463516 1196415144 3114866891 
3714433704  459804224 2647364900 3793011366 3315939233 
 418368567  100598863 1469857307 3501233750 3120755128 
2944382123 2989227236 1086847877 2594064860 1989261658 
2414270061 2049038857 3708314901 2676801962 1103369225 
3697745609 2967971010 1107363377 3004810387 1707679339 
2994200280 3788945927  100992867 3253742052 1878372897 
1578907964  772078159 1142286958 3751153251 1764343236 
1798921394 3808140165 2537570649 2359149354 2439498660 
 386534627  331358460  494870643 2502610813 3114266893 
3525789948 2817843937  626211606  756595314 3505830828 
1697417252 3551144689 2646604181 4155753655 2418622641 
1634101197 3882420881 3627453001 2040546994 2685452887 
3498842371 3893725655 2546751610 2438449050  619113347 
2276194832 4225346547 2453371479  812698526 3934201475 
2052119622  841536322 1640420441  879391386 2424145354 
2895108501  939289082 3083092992 1839707794 3213457315 
3599595653 2024146984 4051063653 1938914519 2966734677 
 461016666 3391378113  734517887 1585553925 2520895096 
2455240008 2144025930 3499150738 2467353027 1539084205 
2174332202 2821553037 3091488528 1000838813 2080838692 
2025810109 4030049543 1829676466 3301580567 1663891082 
2863347688 1979792115 2692305653 1717575793 4011086148 
1135718084   17671879 1647192606  117698546 2656051468 
2746222764  810337646 3356538832 3602371507 2439566523 
1572040604 1760866542  960821701 4287227765 2543643508 
1020107865 3512342221  594765319 3253878855 1565656990 
3478726550 4101258898 2142102289 2129902355 2468820993 
2744324560  983783169  671116077 1530284718 1783299795 
3894262674 1735111191 1572284188 3733614200 3982413389 
 943900991  320276844 1620908550 4185517751 3220086548 
4247542626 2390370109 2788052117 3388059548 2143012441 
3578460711  652218109 3812917095 4122623627 1767671214 
 244801296 3308522972  478436239  809037424 1128587707 
 304051514 4152529923  548848518 2725236004 2349561763 
 363486645 2219760362 2109148938  564744717 4111659390 
2557793908  541288466 3664071874 2573564429 3857635232 
1967265659 1280831228 1684438572    5223992 3754305728 
 880890976 3094156514 2370100953 1137318873 3944252654 
1517892589 2845628793 3471363342 3610829160 2829423604 
3112678992 1928791245 4042808926 2709699439 4141784030 
3201939790  507701972  728701266 2727622541 1742477973 
 180077787 3326494319 1500847996 4223643165 3261583744 
3621957326 3969146169 1021793244 3591524058 1839073426 
3539016132 3812366754 2451495418 2854409004  208520136 
 130969930  345702814 2725024257 3254302501  331718900 
3443486253 3578420062  654450624 2782562701  344056690 
1303070559 2562542167 1063849601  388870542 3268427140 
1327299813 1485351504  501264543 1268803309 4263103069 
2812150654  664991751 3806222931 4138284033  239519548 
4196317945 2156320334  242038839 3775138317 3026972518 
2773420814 4169813297 2319548453 3621743429 1655288779 
1745794467 2446029272 1949579147  114921394 2209211810 
 260862914 2578004405 1079211756  879051859 3029780977 
1422633372  828343577 2562022345  253796041  817522580 
3173497294 2072461962  308050202 2526273272 3662203304 
4015393083 1278900064 1422167179 3316401332 2274700023 
1151897108 2211035966 1346477336 2771700630 1173855637 
2857972324 3276010862  950419315 3894518505 3432342574 
1079409321  841087445 3907024547 3542784246  305521493 
1090386309 2493722860 3754401299 2118055607 1439312244 
3936629627  301354822 1403115267  890691148 4050248216 
1684657363 2945596967 4032212522 3933571210  736484818 
4257317687  902393947  787270279 1895574449   96637502 
3428867421 3134847679  196207760  915900081 2760786861 
4007888039 1443171133  208694133 1041365014  727844730 
1320975175  739782497 2427230759 1719743862 3011488050 
1166180636 3019242447 2110804779 2252137312 3608465993 
1138861679 1724954118 2297198854  454477102 3440321523 
3694438970 3109996884 1430790902  679794395 2290871419 
3366385790 1450858256 1996555910 2708111725  536269334 
3758847839 3068557045 2262945139 3883024052 3406634066 
3506987443 1491908157 2973553534  936596208 1537506949 
2723424742 2171197592 4088780360 3626696747 2774766077 
   3515239  376908851 2868597093 1012782691 2064436426 
2515359507 2436101966 3314871111 2956337885 3647278437 
1104841857 4294374384  909783240 2584845828 1820016323 
3576311366 1010198989  410220373 2403754321   90198903 
3724803878 2533553578 2243190049 3296267098  395962340 
1470277187 2647075574 3438003111 3627208775  591710418 
1674678464  749260012 4176787827 1236713353 1080687764 
4018618024   56305011  232898243  862993578 3931254547 
4038511362 2493716677 3016360917 4129939186 3524256910 
3862307474 1412371422 1323316980 4254465861 1439995433 
  88550154   77186503  600088254 3280624045 2878947679 
 479722591  925115599 1450532511 3718845182 1984258692 
3528544751 1579745764  812109409 2806630692  333345604 
3814100350 1211532401 2516340120 3220849970 4038056972 
4220574879 1140143736 3056260891 2726744568 1001662757 
3565344245 1217623597 3517520652 1701342628 2977682216 
 880061658 1923062348 3741366608 3585157637  138623188 
2574081227 3122224612 3004860390 2895523867 2147404508 
3433083476 2816312514  386853547 2213703204 2521646840 
1606999157 2436198067 2810487147 3169657674 3071780554 
 684192335 3949941746 1480703194  250416125  103185278 
 229069642 1697517552 1509440946  811734918 3402277224 
 347805569  266601257 2403645083 2165379284 1392042802 
  82548986 3637206351 1964507720 3107238548  444987590 
 520250482 3530356486 2121214967  742842764  525005534 
3404282394 2078418459 2129327778 1274815587 2091166954 
1776632327  156356235 1569729828 1810601783 1743071670 
3324455220 1914227545  296262872 1612244838 1733491705 
1853396919 3185236398 4181391819  403916866  185352301 
1710181214   18649719 4036514176  912298117 2568517400 
2798121346 3763120121  360251922 1364771205 2781936727 
 406816753 1540424897 1731299280 1816467631 2001932566 
3642916751 1734257010 3800270630 3259677584 1021222373 
 610796684 2792728414  926698514 4086393314  821853424 
2196072283  549411063  358429643 3145203157 4230321905 
2990273942  822276189 3963136290 2335410478 3461066472 
3468667005 4109916647  195038054 2123770711   68541184 
4094944508 3516855629  832811447 3090582451 2763115527 
2874168823    2046540 2449065154 1787602488 3376809484 
4117057257  119919267 3865353828 2990322086 1461044107 
 503070405 3563020611 3198766819 2791593600 1463129717 
2361350004 1414651809 1397109272 1246391164 2232151662 
4180028558 1925041569 3201276787 2508396868  360223220 
3727425033   72302292  555043511 3179522637 1442974433 
3117034209 3214250574  574753446   53839120 3283602680 
  63164851 4176289164  489442138 2762236716  612685156 
3935062548 1420993419  438303880 1065622599 1474963786 
2547248387  924499172 1592042108 2218406118 3164846925 
1627296666  630188146 2225829623 1375386853 3957370193 
4250396718 2423358961 2656633407 2659732014 2041432811 
1293495393  836447162  421291886 1895918662  858635494 
1497647992 2405817077 3741985543 2037161868 2654466309 
3247219750  605231171  819089810 4241261241 1464084639 
2464118330  192783002 1856948554  328253788 1372963741 
3044775296 1442862259 3179758980 3775930465 1343579497 
1481013928 2341303369 2437924356 2090548210 1350758229 
 264546007 3523684586 1253527568 2654906477 1998742067 
 417915909  869052796 3821801043 2802077745 2947032592 
1347329106 2223521891  975502223 2898958237  497854803 
2489318615 4236281723 3535672698  966820014 2918459042 
2621951483 2096730262 3678936590  590360337   29769354 
2796450649 3975647521  836178179 4270561928  586953508 
 228180842 2763282505 1415084827 2045253268  334266039 
1593796719 4096703803 1302727508 2944885809 3896517867 
3471209993 3802973425  456514986  848161828 2384148689 
3333365497 1857997863 1690766231 2584383961 3333187758 
3917300593  673004314 1749241155 1730471614 1846358934 
1637384299 2538438839  623687318 2325219011 3357014319 
 767663177 2876833519  310838359  968531947 1139406647 
2856117338 2113231711  906253993 3051338745 3879690996 
1081157078  479861901 1575513206 3321174844 3682203184 
2354028365 2445341094 1107420444 1341613979  191186153 
3829098509  326301406 3493831274  565510636 2693774530 
1733792880 1667013383 2852382182  193451764 2467831799 
2501032553 2823043923 3757772189 1626346256  681794707 
1729752819  463147765  957439955  701852282 1349405713 
1052473272  938147075  440791091 1158095905 2554815524 
  10916221  896481711 1984829983 3060564906 3467187050 
  51023937  356156983  523961237 2025665040  779660783 
2057109499  419251653 2562313985  439135598 2992266863 
1520489572 1417758740 2851537683 1577609911 3363201240 
1657951819 3615038811 3181858787  950315596  215635222 
3276762717  975756992 2121000159 2375199586   66549048 
3079749843 3505810032 1493930581  127645050 1891759722 
3761097713  299469777 2212418009 3567525493 3453154386 
1879351429 1342536835 2342586051  974323820 3678919628 
3455439962  235953040 4170865521 3074149587 3944694214 
2861638229    4418245 2417052788  681640916  371406774 
2988969349 2559899959  642928715 1997759003 2423961430 

init_by_array__________
3688506985 2454712779  856584999 1442698445 2591200933 
3335779591  680498890 1879531234 2749610094 1318245720 
3563794562 2151024454  136984902  751065924 3496389180 
3891404405 1083938715 3432850246   25050999 1980937339 
2888260500 3346637973 1912151384  934380448 1360288885 
1199246991 3530300577 2348261022 2160488656 4047569061 
2275671692 2225870686 2671009214 3130204937 3684478263 
1313180694 3967786096 2545697186  746315395 3430440211 
3762079202  778671092 1771091824  803273035   61400897 
1494608575 1520944127 1938433722 2290580365 1423266589 
2620761206 4034496089 2701711392   84406457  955672020 
 515626042 3919090337 1287143720 1012404289 4152861531 
1022199252 4125342563 2030920635  821311390  289846759 
2441325350 2397126290  354806672  637326794  452011403 
 331854965 1316864134 3009328118 2289187543 3446046316 
3646500432 4204837488 1494218707  981380719 2443580283 
2778263799  196463955 1573099866 3510983128 2893040438 
2097211202 4243039612 2396788874 3390685820 3261572757 
3438310876 1216449036 2138104833 2922062899 1747547460 
2884124178 2201087735 1061721578 3381889534   11072664 
 810669532 3119445626  776738023 2876480737 1257779456 
1468982020 3575546334 3468743586 2072822511  228244405 
1305030480 1842687212  926903463 1903928959 1609148266 
1939400221 3837227453 3805744146  365092934  566290635 
4237291280  686691346 1631744774 1672076398  701855489 
3279685118 1252299387 1511521205 1276541715 2635361105 
1486190784 4129799475 2266919033 2309167816  539577686 
1436046320 2858337036 3566278724 4278458636 2233465186 
1031003684 1188180687  940144791 2258254375 4111231143 
 510495173  750869113 1083375277 3334231990 1302884869 
 202174104 1726134977  862381318 4065366049 2674382579 
1496813789 1157379217 2950716392 2771597232 2113026952 
  89233557 3076604731  866626752 1183361899 2739571406 
3599519447   10309753  551804476 1007983993 4272929108 
3136822850 3069383688 3743713322  389729764 2568572005 
4204893705 1734780330 2994384954 3516409591 3100238491 
 163526274  129913186 3954607125 2707400381 4121644925 
3912636225  674690750   51925987 3910691392 2287454254 
2330360474 1589827558 1664986906  444609154 3442034984 
3635647458  644977884 1910919856  589194635 1865388333 
2069031016  825272919  565952312 3912261052 3665727828 
3579311819 4212999317 1063915589 2172495042 2374079448 
1961074770 1995474675 1464067965 3671993295  204026811 
1676493823 1431413668 2192032697 1734554329  181204107 
4063355420  670415076 1207564385 3212053528  413366484 
 915755228 2466793843 2371626054 2935572658 3901764820 
2976270845 4115417218 3481780005 1487748633 1006816531 
 872121883 2195157115 3273549549 1857551691  270440032 
2470055487  520163473 1338661025 1290605462 3287800856 
1016490582 3176812721  339728145 1500926177 3693284719 
3620206920 2131699374 1579684609  450571261  543697911 
3941055996 1393074112 3410907046 3044306272 2273572659 
 799433451 3996749808 3068133786 2483868382 1234615620 
 154629788  218813128  217522722 3798019359 4054410701 
2255297080 4291785935 2984982875 2944789494 2923969308 
3035082855 1881190431  610715766 2237760186 2752584288 
3403828153 1442845780 1766371632 2971502722 4238798504 
3163260132 3545064357 3152316396 3003259097 2591468099 
2959571822  526057830  346144375  834470932 3275567524 
1467376333  216203532 2494865814 1187911031 1713941198 
3872332452 2603573276 3522692321 1127430351 2477546125 
2575082402 4137403320 1403488097 3256336572  302926261 
1918340667 1389176991  411330530 2623535483 2863997703 
1344343739 3060784371  546999325 2127591858 3285988293 
3175921102 2694362407 1597373014 2357877917 2541229273 
3405984158 3011152480  965220093 4012231239 2253438904 
2683555675 1295721447  317693668  327155293 3994271133 
 164870421 2502713522 1913996719 2928574420 3600852465 
2831656498 4156306573 2287671984 4143600118 1266717955 
3927986709 2893285939 1610873456 2230986147 3436618283 
4064846951 2053341503  952039977 3025382139 3647810772 
3289711756 3501052388  122699316 1430984971  665051258 
 141622528 2002610689  540670802 1826792567 2973239316 
 575815433 1546893436 1204880897 2694056944  690768055 
4168900795 3164219011 4250705338 3734973181  912488305 
3299676694 2388490911 2276399215 1994252795 2990889120 
4142134424  956591623 1017728671 2047496969 1113995250 
3240941064 1492720523 2895779122 1672986175  428363279 
1629827119  355452076 1328723836 3612821413 2746755383 
 406932945 3663057697  715570845  438269457  125240309 
3488138451  798970507  191608179  441232202 2655454667 
1050082862 1055446417 2092308780 1133572020 1957190224 
4172366356 2988351490 1383650612 2741621426  425527589 
 612993908  204805449 3282118518 1898467494 4239826358 
 218779198   45227691   32034160  301664247 3473322890 
3140389829 2141080397 2710672335 2062328402 2139193897 
2387736697 3165229477 1561877709  306270158 1921238326 
 869436991 2709096959 3690222507 1932546855 2105365928 
3126513206 1821061370 1821897157 2763273366 2017339122 
2004751354 4289543060 3867198306  198007893  962906689 
4215849321 3707000003 2577840977 1938013619 2446379027 
3153940319  553677625 2544885696 4219827864   82145017 
3292190362 2469559561 2235118773 3934342426 2255459614 
1386245370 3009820180  749742559 1213909181 3286949642 
3492021364  811148797 2305239297 1108134768  874996465 
 866902772 1858250438 1213076180 1233965513 3276778122 
3265971040 2607758157 3522409200 1069252465  745849572 
3724479343  692971015 4168004810  562398817  348701711 
1097253952 2409304242 3479839721 1677800890 2722583327 
2852205334 2370418578 3215864866  852070447 3653150838 
3230115183 1434529507 3874625720 2938261173  115964722 
2640257813  624982651 1282883201 3142770370 1757906237 
4054308560 3984957104  517170176 3670601664  939310088 
1324671630    8786397 2034629498 2532981771 2612600361 
2555092842 1479330971 3783718605 3053123464 1583681137 
1870714127  415116677 4112966608   65421176  116464065 
  51416752 3927516086  749116696 1303646312 3092312028 
1970249324  501615627 4072202478 2495393914 3143151527 
3353550308 2077975175 2970812649 1602975921 3366486993 
3318065690 1195625667 3127830934 3940323299 3429394514 
 364300641  427710256 3818464261 2089946221  343632719 
3742319260 3181457682 2747039353 1847313840 1038208198 
1818699206 4183286356   47187271 3939133101 1946446903 
3094897666 3429756630 4118560596 2215654976  250462252 
 715693765  856795166   47674962 4133608964  853209212 
2335295536 2577685218 2151212585 3841491697 2257718057 
  95045705 3452273214 2598430676 3008119701 3282772864 
1444832008 2473042228 2432581569 1224407239 3124079721 
 257990491 3165569800 3221432112 3856800166 1086209623 
1320028828 3881013860 3185400278 3925880802  202936990 
2194033628  379152469  201606219 3867912175 1916637259 
1403124659 1286031389  623092796 4188816118  202280285 
3412399803 2626113751 2149688952  357315713 3511840576 
3319971480 2510523968 3883377618 2029650744 3753750732 
  61999293 1484011017 1839646156  587923104  222240432 
1833108505  405038071  362601216 1485974916 3135514578 
 153578512 1873935017  962460168 1688193459  770003244 
2650295430 2642396453 2153257399 3024790930   20395016 
3853856958 2965744015 2076669247 3812520340 1475096429 
1012930099  228203801  754041326  685461754 1762380046 
4219808718  783205173 2042771051 1276470006 1359948912 
  78941040 4172822821 3982340385 1372599354 3789023961 
2320586081  185071106 1142494039   32351957 2782902768 
1287168979  470764159  838630093 3150139392 3283627907 
1353931577 2883008128 2778550006  439102786 3154618215 
2357579233 1163743746  138819458  631287716 2466698634 
2431380078   96505508 1854845516 2045750928  798459935 
 761314806 3842276547  358931359 1863758217  521026435 
3837505022 3817001783 1703094744 2955509673  955678765 
 657669768 3778199589  572694371 1456635476 4291286148 
2455187427 4266328304 1137637596 1818128122 1168380645 
 426083446 1502021919 1473051242 1716443411 3931325595 
  66264059 2615792318 2440078610 1897649724 3100987513 
 467150918 2100626867 4019749866 2126372878 2973866854 
3935025718 4075143075 3608159213 1792946632 2990410931 
 113229395  181896034  538078307 3950751960 3503832537 
 636548368 2095214570 3747687010 4060892571 3580727298 
2165243720 2700408342 3280116367  650793264 2965424932 
 532129207 4087711771 2471334098 1348268566 3446051114 
1159754629 2368191055 3323224340 2220890312 3805502893 
2113764400  207378370  728967132 1434666713 2662413877 
2742541472 2398917313   60412134 3509192516 3608379363 
4154095752 1418683439 2785283877  338697766 4215343490 
  45017804  985030736 3460987926   37512521 2868060864 
 400673489 1608365615  300243342 3008293281 2447069651 
3002218085 1575498845 1014832703   19028549 3877773320 
  65465076 4140590333  714551514 3460713801 3197711702 
4222011871   66196142 1450275831 3714938540  862388159 
 309738642 2596522937  477470351  784216918 3607359408 
3939643964 3832592413 3816323089 3426050094 1126746195 
1465922280  308058113  517487461 3735101027 1318981461 
  43783705  114458024  121125607 2024170360 3071434073 
3356815826 1149292310 2686639977  772609482 4267384585 
 165053863 3956752030 1168519461  287429302 1678900470 
1643719808 2809777277 2247161785 2850599645 1424685649 
4056974154 3254873866 2263516204 1021417199 3391664712 
 779382464 3720417682 1005348663 2927062701 2337073803 
 283099512   42989177 4293887011 3509496423  261509977 
2710893596 2272646457 1719724475 1244526978 2596102321 
2824909862 1108505599 3955492419 3690310672 3687646118 
2475657965 1817181333 2300150310 1028136281 3102527439 
 870747325 1901886775 2450210326  126096934 1975773303 
3971823001 3015178656  260182075 2339630496  746063809 
1541795580 2601091274  406644113  472461478  429630964 
2027897972 4068294671 4006643579 3542507507 2450783045 
2697843086 2371799833  241487224 2371173355 3070495550 
1537868879 2876810141  477555604 2989648934 4048723161 
4210671289 4052496897 2328934309 2991279459 2436555707 
4002272218 1312395949 2570548785  184238755  230046151 
 697813260 1242809242 3030481278 1981942809 3407008416 
2137140498 3358192571 2214209475 2060936040  757347612 
2979473007 3191104663  392571996 2891885920 4186423843 
1473207005  304789710 2283256575 1787159630 3872294716 
 718162447 1588946610 1231109282 2855052374 2719845308 
 196896030 3890129829  416061188  987587538 3520504091 
 532690964 2567120355 3555573953 1298496306 2384166424 
1806121055  207955414 3798271290  337654587 1642956183 
4154291105 3185043622  158559989  965724982  248609430 
1781534519 1020348562 3208608707 2438373262 3942261595 
4204912269  110903644 3571505719 4097519762 3978241566 
2086480881   81483609 2280741301  501614960 3819869962 
 903621950 3412293966  302054647 3071352729 3856743612 
1621236229 3108611180  650971670 2290802469  801514799 
4066671890 1394129521 3225163066 2857843276 1728090007 
2535935404 1454795386 3677368293 2403624799 1778451776 
 618616545 1009363091 1170098943 3182998169 1300196005 
1656096936 4121990891 2576623768  370073076 1725315995 
2068097040 3596542826 1200500360 2898677979 4075730903 
 878073647 3198481732 3068108640  203515362 1451810288 
1497023537 1431460201 1906302569 3087662813 4072470118 
