80,281c80,281
< generated randoms
< 4098521530 2000763888  512971223 4121649741 2709967110 
< 1026100639 3163426961  552067806 1317420599 3954682536 
<  596040274 2120373591 3905407827  361707751 3635829052 
< 3486007000 2328383015 2706915099  342113091 1136325474 
< 1781455603 3660500803 4259559064  917614251 3554327215 
< 4125914112 3275309772 3667173895 1439119099 1632230119 
< 2449019710  489152767 3165602900 4258092383 3337890510 
< 3278227981 1001517498 1979620672 3489401927 1423466306 
< 2290112413 1492913642  830167294 3339464162  442416029 
< 3750497413  398569091  772464850 3108588457  421956460 
< 2549558255 3126480092 1495268876  957525942 2670980937 
< 1170621949 1198582738 3891253127  206142262 1895416314 
< 2635268934 3584033095 3784749795 1651907954 1592124976 
< 1950685999  407945257 2315798795 2776855507   55713061 
< 1892967540  693203461  902079390 3573696594  625706136 
< 3868580437  205469054  979928857 2388411502 1090683713 
< 1138869212 3054109979 3453157644 1635190250 4135997135 
< 3797391932 1397688167  909289339   67645192 1213462892 
<  418571051 2366627857  503642170  483378115 2176870830 
< 3506641225  664702151 1215290499 2090924411 2178081788 
< 1037800837 2867979731 2785419225 3882575001 2647113062 
<  532681320 3347705718  530966718 1352094371 2409720664 
< 1889302649 1511598908 3809148627 3160171944 2987254624 
< 1865148120  586987096 1938130064 3510314272 1952741264 
< 3810643117 4237970950  399367647 1525627023 1259150287 
< 3464091057  323433720 4154397484 3296569612 4070743214 
<  422087579 2997282050 3439138284 3241003926  324846320 
< 1090040683  596424744 1278903268  627457719 3409014478 
< 3837858188 4204400924  881245859 4211315635 2425661100 
< 2835815613  616645092 1289907473 2500829358 2736532407 
< 3269079372 1030722553 3484925809  687419788 1612850574 
< 4199834489 3557070306 3619174681 1521893053 3409407850 
< 2864745013 4272107753  175404280 4156877869   71329550 
< 1264306524 2097346044 2760889844 3404428415 3851048054 
<  946689583  667494561 1346474239 3846413687  555266399 
< 2348491869  741791500  811378478 1045414856 1301644768 
< 1878025802 2491877548 2387966224 1121312849 2722047542 
< 4269930532 1622713301 3824557527 3121004677 1220257145 
< 2102674894  964311106  210315490 2641659628 4063898657 
< 3669997615  286557561 3141475673 3295541708 2864210147 
<   16181623 1939593733 2787544102  261691474  397698236 
< 1318669796 1668519889 3110770605  462632582 1568053983 
< 2403374785 3912432615 2936540577 2332991918 3527186822 
< 2301719037 3250118112 1760607144  594802888 1318955014 
< 1625152862 3276435485 3806961886 3515851587 3633359842 
< 3125760171  874372275 2517474960 2225005009 2569499186 
< 2505000932 4096146504 1809546715 3748701050   22593428 
< 1266871165 1148290535 3444088182 3659367179 3292046938 
< 4232821988 1270865579 3165178385 1651680868 3860004058 
<  297461810 4148401140 2840987595 1690641499 4213854236 
< 1101140425 4139363132 1219411177 3770763194 2377048712 
<  123510633 3827779016 3989681153  413219282 3417429972 
< 3533989897 2263806041 2908235293 3618755664  334100019 
< 2232053218 2850358951 1022001967 1883767744 1049557132 
< 2693015224 1497858955  989864819 3374881932 3033765804 
< 1641169843 1168328453 1942100726 3066662396  242038578 
< 1176427560 3782182938 3602323007 3298708502 1256285960 
< 1433120533 1263826359 3563383364 2998697649 4210133342 
< 2539427683 3777596287 3685125224 1189610200  300469875 
<  181358564  696062514 3221184912 1106265362 2036764189 
<  464540362 2794096716 3465161010  797648834 1049715771 
< 1461886657  491862559 3127255852 3124509520  137779580 
<  454335947 2034418939 4212534544  507779101  781523603 
< 2616947863  655556631 2181812248  418979315 2277178958 
< 1209131121 1851813007 3354448323 1168116118 1239487932 
<  615185821 3129839893 3807455561  339162964 3495596176 
< 2666883735   49885975 2891404429 3688672709 1705980320 
< 2082755211 4036895630 1735583789 2670895179 3099441598 
< 2514053079 4106369776 3968202311 2150676606  253873143 
<  690060280  819232912 3305791340 1616974755 1869996792 
<   54574709 3854426426  186898691 2181182264 3791034780 
< 2087755544 2923772559  828098637  349571964  654180605 
< 1611869101 1041822602 1378113653 1198889411 3966968075 
<  822704578 3375798576 1486211318 1438860875 2231104150 
< 1969078850 3660575769 1760436025 3272903997 2826219115 
< 1742020711 1924390320 2151635785 4023207265 3078781033 
< 3684530485 3724852570  146205989 1861695417 3196049104 
<  620898202 1386913159 2797365635 1260659548 3094631826 
< 2320341304   27078282 3852599752  917742992 1268964163 
<  736866275 3456569750 2366437774 1614825686 3329446674 
< 2025508815 2553705960  462685847 2329870429  815233896 
< 2529634673 1878968037  834694382 2920482231 2214180493 
<  874673173 1462962229 2377501628 2891609213 3026866693 
< 2909662858 3291082341 1371948629 2893123161 1831616915 
<  284846800 4032970675 1492709786 2679147859 1513575446 
< 2234275580 3969211068 4002883936 3775908032 2552000873 
< 2500082055  889611624 3705739778  620483396 2263618933 
< 4029719659 1979169241 3022515082 2914677743   10954825 
<  233812375 2192126986 3935922062 1941221224 3317301084 
< 4222840905   52775738 2357274511 4179978223 1442691182 
< 2091708911 1697980786  798682569 2544861687 3721462965 
<  625193964  918218057 3620513958 3391146717 2405590227 
< 3463350029 1742629906 1594069482  409619375  278016605 
< 1578967840  200460375 2473551852 2744552485 1746266471 
< 1895691767 2675026836 3901477495 3386454313 4247356148 
< 2325598545  817452829 2929617715 3114060603 3612653860 
<  915000923 1977887636 2972149718 2059385222 2411003033 
< 4017127783 4259989607 1400422600  798058745 1141487745 
<  883275647  137526989   29729861  633238316 1933713258 
< 3796486034  137569677 3192378018 3761804725 1473483440 
< 3521487456  420211086 1594281540 1826804401  332356289 
<  205634083  920510242 3472381132 2168285555 1867807913 
< 1684201186 1517146542  919396151 1116471883  541458579 
< 2178412062 3224449679  492953009 4187113489  514368328 
< 1288956915 3432286905 1832283287 1327486583 2905685428 
< 2293455725 1010203552 1163911579 1414541616 1385915706 
< 1919968154 1054038433 2808888848 4131308500 3024539562 
< 3337106961  393448352 2665009062 2895650169 1016854719 
< 2943900197  561450983 3830269854  504026503  374914844 
< 3199129317 1438124195  952031905 2100981998 2260447828 
< 1392344291 2465193925    5329225 1931738084 3829072993 
< 3584998673 1670964271 3130742178  959651787  977037713 
< 3879902424 3548454346 1031251116 2354086053 2246445154 
< 1665501357 1136746169  188832513 1044781507 1488412485 
< 2402932319 2601138853 2493509950 3539266284  836023915 
< 2526415539 1107140010 1564232122 1231860313 4187544175 
<  621287636 1981681359 1055604801 1404198292  178088165 
< 3738087285 4208780184 1143632857 3688033874 2815387767 
<  775257722 2828715006 4293594397 1561110033 2460052079 
< 1303653295 4041771235 2122659134 2817344911   56044774 
< 2385376792 2356044908 1879278552  892514632 1090148453 
<  563171581 2173374112 3706661605 3661458109 4033697720 
< 3693457078 3292299810 1111599998 1490838504    5948138 
< 2982380215 1904392993 3460963567  407670705 2091403444 
< 3177765991 3604360392  798020658 1977158195 3309278082 
< 1895384703 1824878683  157813832 2017345319 3617569165 
< 1563130793 1017893161 3086467561  531888285 4205462999 
<  684241603  852380656 1717782141 2825560343 2878859001 
< 3388982658 3805903107  234070323 2438504725   29550008 
< 4085954650 3757956708  180689671  351796203  919713839 
< 4113784637  102611181  559734495 1231521896 3633760772 
<   40450321  562368565 3676705353 2896543163 3243275427 
< 2912030075 4138324794 3530592787 4192792017 3046372823 
< 2011911440  246934644 3902289167 1368647446 1354899336 
< 2038523494 2883820729 1780859146 2577690729 2653184836 
< 4234018798  766186282  283990085 2304204051 3324290792 
<   88800379 4088501666 3738740972 1075893157 1405525236 
< 3701055436 1364487380 4062232039 1308865484  560385506 
< 2838674582 3680382496 2661467552 2194464945  334881431 
< 3961580961 3279303693  478167143 1592074399 1290255062 
< 1376695184    8808615 1812994976 1960942478 1243673922 
<  628468916  406730715 1621305232 4060025242 2846692305 
< 3493281103 2277972014  324371886 3116904976 3500596610 
< 3120030352  718271603  618501102 3895137937 3723823081 
< 2430563175 1811165989 1829885715 3841469730 3845808671 
<  212401169 3756621236 2465461056  833968997 3756021818 
< 1456170626 3277070664 4014985928 3351169611   51073136 
< 1928503690 3568021403 1293420360 2806035268  688769079 
< 3749806285  207130624  426784565 3400052712  568085094 
<  725973304 2639728185  411200138 3870523134 2435615683 
<  438054510 2047961504 3785784085 3886792401 2234000243 
<  961552817  281289641 1001387747  164416172 2164427556 
<  536072758 1458047529 2207664220 2583310988 1129074110 
< 2276899648 3598817945 4128399428  338809451 2100382442 
<     882379 3284067349 2379399604  101226499 4071506155 
<  409877524 2636402569 1650520877 2322047309 3287012037 
<   15512760 2709599767 2580669374 1866204094 2034903806 
< 2077692498 3584891293 1300321879 3652847310 1376802000 
< 2757561107 1713872129  509323362  885268859 2379339185 
< 2694034997 1171678169  550749161 2066213468 3508689841 
< 1366097746  164461840 1700312554  798277823 1399908883 
< 1068910613 4165921398  742766129 3704456808 1908179197 
< 3330496509   20842264 2608670781 1708716703 1446413291 
< 2324849656 2659372193 3014994645  471238052 3620969662 
< 1206660200 3017789140   47621237  827751786 4067748985 
< 3486431057  657654878 2442091657 1093212325 1796180935 
< 3016347275  517736523 2107957027 3697932622 1416862087 
< 1672185897 3781388662 2529138055 3536863377  927085345 
<  542940053 2983384668 4208723300 1573056691  296237157 
< 2427645848 2423173920 2066766493  425797220 2297309522 
< 4190486710  112632772 1273850341  447444469 1235914056 
< 3201556016 1546273462 2253011085 2991637724 3433323576 
< 1530263555 1379672723  509039889 1041375554 1768745327 
<  406709207 1744023205 3261562475 3753726629 3953730922 
< 2197242653 1487345336 2028460039 1487078158 2215925766 
< 3693984738  369557470  672828528 2992866176 1507992925 
< 4117508356 2419084575 1480274254 1347457487 3620529210 
< 2804508380 2668496107  618899244  486746994 2699175098 
< 2760537889 1272797371  287415890 2625886837 4235503482 
< 1875699901  911702474 1405999124 3345673002  747145190 
<  669655472 2781986500 2967108715  518043318 3762206751 
< 1087143857 2124268612   90504207  508119066  787951177 
< 4224191329 3463534110 1528471479 1652281083 2338823163 
< 2752348511   15858157 4051933079  493307808 1058803441 
< 1217655201 3176615531  964237913 4261050117 1837734255 
< 1787543575    8007852 1901229263  469214789 3717992536 
< 2131009469  208670363 2108290685 4095355226 1825176209 
< 3317898702 1788854974 2947616813 1509601557  104624051 
< 1598271532 3553888162 2803645613 1048366735 3038665134 
< 1625403791 3498918388 4194344641 2927754797  154042722 
< 2596824190 3083980129 3831243158 1259815678 3198042931 
<  601727388 1945406898 2047829490 3197376885 2821485934 
< 2177610184 4101887828 1053166757 1826230368 1329761820 
<  537376683 3155360954   71175313 2151609923 3842623018 
< 1309656601 3587969552 2458826738 3178840017 3409939757 
<  504850569 4022935221 3606441556 2995295709 1532424004 
< 3052114596 4003048318 1497929026 1887282018 3793664562 
< 3990558133 1465525683  177728453 2549972933 3571480178 
< 3970689475 1209321029 1705941527 3869468729 3485995428 
< 2004538793  704226370 3632534975 1163113945 3742962164 
< 21088 tick and 624000 randoms = 29.59 randoms per tick
---
> randoms states
> 1646833001 2599221291 2258159203 3711751464  958395876 
> 2748120296  108494114  712505194 1602076913 3291706020 
> 1630339072  528709547 1327107999 4087378226  648571032 
> 1740087472 2660407735  537840459 3927026586 2440683528 
> 2837449500 1184673128 2322672112 3565538538 3071254366 
> 3236950348 1083421809  484240519 1454580375 2344485729 
> 2778510611 2870256046  246658916 3128800969  247779810 
> 3727868210 2874975718 3203868543  537753983 3721420844 
> 2430216296 1045660884 3213766654 3997712946  872666855 
>  367496534 2752143396 1540343251 1490966484   15942242 
> 2068484347  346419294 1954822158  830507654  344672308 
>  511903445 1803453253 3732477151 1505714320 2248950542 
>  174511468  755746758 1122629221  301727572  127404019 
>  737790666 2927613504 1035873820  730100133  594718973 
> 2043418412 2477975903 1584498401 1536025501 4136724313 
> 2619107124 2842114878   97635501 2751411767 1921373090 
>  598159403 2503604808  868724862 2317096370 1969550509 
> 2995370718 2205104008  611664810  715903737 3903903881 
>  987717720 3813624398 1121083697 1853887356  650448275 
>  258555049   29568476  839269691  528300759 3828086516 
>  844060514  211672714 1239064703 1929723285 2248282394 
> 3646834077 4159006082  626482541 3786605030 3843991687 
>  489013054 4102561496 4279829987 3823783711 4136751211 
> 3460666608 1389992024 3833580882  630454346 3315053810 
> 3615551433  895428147 2531371690 1860899834 3963800923 
> 4275298324 1416035775 3452038194 1027014986 2158141849 
> 3890491148 2001511930 2973137112  505684644  481533709 
>  678584835 2669376013  837947458 2465242927  952656568 
> 3554398698 2898841396 2200580531 1882472168 3996351044 
> 1916214078 4176886611 3157056208 3571814413  732650816 
> 4026103225 1778288788  359614793 2985243848 3023004131 
> 3077674903 4255857270 1524787513  714611216 1705037598 
> 3751465325   94003433 1501603649  410611395 2683044160 
> 1406221650 3698447512 2611260867 4146681286  186696321 
> 2875708789 2180202832 2809825280 3803995106 4039107511 
> 2159093268 1837828820 2016731155  202513887 1141331086 
> 3290309213  893063315 3698343681  743551076 1759128695 
> 2261821171  505757094 1559697911 2822650373 2304290413 
>  958133395  886359356  125288169  549631592 4139152759 
> 1206512257  260596731 3935826996 3871338945 3433718457 
> 3625491376 1688963145 3064511666 1516712111 1940414335 
>  167722246 1430670010 1376007026 4154017084  759092052 
> 3635158914 1913246055 2312134536 4068502165 2732701141 
> 1444279578 2542225553  733059235 2667460564 2556421620 
>  731516850 1202722021 3746815048 2971059673 3664351566 
> 1137597964 3451897537   84487350 2286826765 2013311927 
> 2630435251 1563030607 2889504361  927740362 1661678881 
>  277532360 3363684796  398654056 3824451344 3608807714 
> 1078877726  485477025  734947738 2097034075  549192627 
> 3886431665 3018996513 2595596291 2284688383 1317847119 
> 2922018250  552272103    2317343 4151569909 4221423166 
> 2009316900  450971734  864655961 2809153671  694848989 
> 1769433603 2920131077 2041922142 3822534190  796885792 
> 1003092099 3824704549 3138272460 1511918211 3072328838 
> 1925516218 1301343418 2633885732 1429124715  712017261 
> 2320347330 1616170995 1793511870 3523921762 2988737291 
>  415932954 1682469196 2074517059  873962829  348978220 
>  969337690 2825743105 3276826828 1153519604 1576938955 
> 1189753675  876897510 2331467044  671369123  918693037 
>  223567165 1592075847 2521650013 3207119812 2261416033 
> 3460361577   32251813  465843527 1812213529  499146070 
>  520767153 1699890610 3882465925 1482304627 2859725812 
> 2491968573  137764917 4070340883 2365611573  112430351 
> 2439976539 3425461271 3031976487  433611585 2626847498 
>  246282746  582840814 3396066062 3580060207 1184071596 
> 4196000093 4256398923 2387130970 1007639664 2132616386 
>   45823944  968061425 2942110460 1019195054 2700066026 
>  677285847 1235549869 1422701233  781094219 3856020499 
> 4113149280 2410406681 1956634517   99329577  541727267 
>  596653833  621122942 3767844512  949745666  149301566 
> 4184137030  743340262 3934505383 3193128595 1822699328 
> 2758713693 3695286993 1917708512 1334779102 1361141535 
>  360972303 2646641149 2763479304  448181151 3641819303 
>  165482087 3006525148 3733888534 1577380690  247238418 
> 3975386024 4115538658 3049164520 2040057923 2284900373 
> 4248431146 2803422980 3227986315 2073100497 2251015743 
> 2960453765 2380662027 3888475237 4039266356 2170038770 
> 3536366646 2352521094 1275811591 4247431023 1287708767 
> 3132838241 1103990684 1796526481 1444597558 1510659497 
>  640923497 2108004958 3888134101 2824207217 2084357111 
>  167271997 1011745686 4104461948 3839099529  571478516 
> 1208635765  135847562 3635708768 1477678392 1961105267 
>  772050680 2508728506 1435102454 2381244880 3453910344 
> 4222787118 1941020953 3316331187  503868905 1091974006 
>  404904174 1765671368 4036506905 1364387459 1959104394 
>  503354144 3965396513 1014364733 4127104996 2834912638 
> 2846977907 2965780930 1389806716  240300585 1377760139 
>  946837635 2028305288  206440231 2263810356   25650245 
> 1010084829  385944609 2503838408 3279682994 1942201897 
> 2468352561 2406554688 3114021448 3668204851  555266495 
>  839858701  340980099 1494252209 1454949576 3120608878 
>  380191414    2174462 3753921741 3876624975  287375972 
> 1629046856 3731733588  100199838 3372502461  846745468 
> 2793678759 3019055039  852732581  135783097 1048875724 
> 3222472590 3956079045 1577937233  700454530 3271174478 
>  125503722 2345646909 2958380277 2280024959 3282307745 
> 2410242513 1171239812 1641595941 2978409281  405812832 
> 2890956551 2824868755 2328387310  691005611 1264216010 
> 3292677890 3133629786 2875419744 3930266465 3696948464 
> 1017399308  604715471 1716407927 3596569174 2818097334 
> 1983253382  716603292 3148780755 2774571201 2965450955 
>  596363570 4099607977 3379630710   23661104 1845349791 
> 2919324223 1392018485 2434081377 3550559534 1139188114 
> 1147456859  376920841  445227812  267383087 3130025819 
> 1203613734 1691278004 4011680289 3536281738 1347984908 
>  856336100 2685858558  648085871 3781824812 1628836081 
> 1745799559  484545094 1210443453 1503745964  239855185 
> 1169780380 2939610510 1524270813 1120989133 1578209963 
> 2008835773 2510492877 2408153361 3217659539 1557066739 
>   94400371  552594405  904213462 2777445594 3417215780 
> 3949791871 2427737340  795377892   53202798 2824497754 
> 3241860602 2816637687  714366899  799961262 4213564898 
>  656839740 4116394781  288656151 3453049113  665663704 
>   19710558 2753245261 4001667879   10189233  271159381 
> 2892871614 1220414091 2513749313  451015142 3745362048 
> 3787143197  559019176 1412704290 2882188332 1780594549 
>  854541517 1301707496 4144312015 2556862959 1753953356 
> 1125123212 2562777485 2920475283 1086235548  270682209 
> 4241433744 1840577939  426855385 1982073337 3224786551 
> 2882200440 3545147848  576029413  323227117 3835976110 
> 2377490762  998726541 1620883674 1922311307  997618625 
> 3634984856 4272361797 3336320746 2325346797 3557741812 
> 1030913117 2207365172 3041636691  785480366 4175725219 
> 4009695113 3333754124 3934142627  429455540 2899281615 
> 2360444974  800688269 2248482170 2299634044 1178669909 
>   87365991 2932659988  893409274 3150409935 1577845129 
> 3934566870 2603325276 2059808169 3567507012  405712085 
> 2071019220 1782406960 1680631417  550712233 2047059200 
>  354206002  832488778  117238680 2138580387  940718669 
>  484164461 2881235094 1074582854 1755026951 2115904645 
>  399105645 1450072842  258784876  446633065 1269443092 
>  788382324 2448395605  250957112 2069057645 2104495983 
> 2601011678  653132922  972619229 2642775408 1067730300 
> 3016512333 2586440071 1466421451 2274060834 4072396524 
> 1770823749  203478285 1399463892 3765431541  863527735 
> 1119957684 3028759661 2143713535 4148345877 1431627017 
> 1398080584  905658226 2043154057 3106146670 3051337280 
> 4177186360 1009912245  634230423  546998912 3564366271 
> 2642265772  372742670 4213123703 3275718036 3616235420 
> 2185790148  798897057  532663826  706372629 2364527160 
> 3261569153 3749349860 1383443297   32225004  540494404 
> 2533047035  895860373 3441375124 1205345981 1309075948 
>  733565800  882253208 3786133221 2733151469 2924172166 
> 4188724154 3294355894 2154507259  264452489 1034598714 
> 3099282413  367317915 1738428026 1627621916 3348716920 
>  612630021  168929279 3165844458  384099280  397378916 
> 2975114950 3436463988 1574380378 2339782643 2870162230 
> 1862914311  996653540 4279231828  113359685 3441007192 
>  294235442 1378176749 3243743045 4064068061 1545764532 
> 3344473870 3136197035 3913537125 2683532321 3216641322 
> 1175679113 3651507677 4050223838  444969735 2334981735 
> 2260375082 1939528883 2458455238 1302809592 1829089775 
> 3772468820 1727315575  108497190 3030529641 2129855144 
> 2624467905 3017935060 2259672436 2761499077  716517913 
> 2491455368 1056354407 3131539919 3714024615 1992686124 
> 1919062187  816569756 1539547540 1896205430 2084602104 
> 3868677709  233650157 4028020648  849211093 3516576829 
> 1239473652 3817879900 1844377381  329564973 3384855022 
> 3346763752 2854294582  962468614 1156866974 4150419245 
> 3423100652   66537437 2753325643 3948470085 4207716265 
>  269731980 3608058086 1569415765 4087892937 2590814918 
> 3373498338 2112124475  679219160 2976145840 3492242937 
> 3878483464 2816167466 3256808321  738682611 2811782397 
> 2557920649   95174523 1933201212 1720491094 2487690030 
> 3746034219 2892305293 2646820432 3668113708  325877039 
> 2101850457  876813793 2942164379 3426173858 2229386758 
> 2166217752 3912380016 3427941100 3138826791 2398854053 
>  612897581 1149187578 1619038856 3463239403  860847043 
> 3102701846  418148561 2630596042  245440559 2949678560 
> 4254806303 4126564802 3412314923  324852837 4252457133 
> 1742392811  142557576 2217286185 2525710608 2192676918 
> 1257351062 1888330486 2560626568 1316294557 3164504246 
>   74425302 3481701592  820783388  107357404  912640982 
>   92661260 3350325798 2392506135 2471629047 1255375211 
> 3820642412 3172720597  337339329 3696744377  803142424 
>  381259991 1302894041  356268052 2027411012  421798324 
> 1363819461  593888832 3828005828 2546153085 1922748823 
>   33255669 3497620927 1603785112 1436584258  272770108 
> 2364340762 3514412329 2032495449 1810679819 4254956369 
> 4207882941 3416090854 2155013462 4029644755 2110781569 
> 4257481853 3215987682 3727526455 2179957424 2935266578 
> 2786383082  145049355 2702266424  424314164  107965666 
> 2134666966 3223025560 4045262584 1565604879 1855142698 
> 1709475565 3939318190 4168091885 1493829426  191548807 
> 1558031064 3642489975  472098884  962984160 3840866720 
>  686974712 1555264963 3819137108 2020889960  741173136 
> 3951284542  666565532 3308717362 2602411001 2447835086 
> 2412364526 2827195217 3612545856  371057146 2631546055 
> 3577899456  394257519 1911919044 1938647098  419406809 
> 1562714815 3218662616 2033448325 1991336596 2182079326 
> 1418186361 3988262346  814528123  530541725 4094870509 
>  717071863 3945788549  661171166 1731853556 1994414557 
> 3591510776 3894815634 1751377643 1130625775 3027954471 
> 3145215343 1727408411 2168743394  333630921 1086371198 
> 1391011727 2175085358 3265193893 1379495283 2427235707 
> 3757426129 3750850624 3667689737  867322586 3140104615 
>  699530517 2317873015 1269310986 4252172793 4053872107 
>  141885843    4682727 1560457491 4187758063 1028010862 
> 1374137377  727842630 2916065037 4226519718 2416121831 
> 1698769597 2834517415 2622444377 2308975605   50253301 
> 71261 tick and 624000 randoms = 8.76 randoms per tick
