generated randoms
2914564676 1942542858 2517760693 2657885214 2261254226 
1572262119  472837858 2379398750  236200212 1669741163 
 721820973  665987975 1132608417 2787117804  728050865 
1165218981   89611197 3208214578 3912310396  582736001 
2622833607 1868384926 3341438002 3324328480  697165446 
4157876975 2166487754  820116779 3981247819 1170278316 
 514690081 3972290032  852522238 1847126007 3965377200 
1469204473 4038915575 4136565070  296666046  230753883 
3755332327 2101365834  137053029 1481160275 3266651077 
3151768930 4077565615 4018820693  433752792 1998341721 
3890844494 3752124413  786705089 3655184406  371686051 
3501001082   89151167  323239187 2189105369 3604811532 
3822411636 4191189833 3322567237  294530423  363900957 
2432835915  576660543 3611732855  416749568 2957536398 
 322962940   81862183 2230842022  781600413 1677794785 
2986712628 2815080583 4144392441 1795471247 2707454725 
2276218041 1743651468  660800062 2972906168 3020470519 
 988889559 3319432134  123259664 2510690840  947570701 
2069229698 2461509487 3127541887 2028623842 1220936699 
1524364927 1667542164 1691038099 3745813476  249249996 
2301265841 1577532837 2343661800 3595721386 3210215603 
1649096091  841773503  186015745 3085923775  987997650 
3803454513 2949313525 2911666073 3064462380 1760444464 
2947820443 2249615264 2259089594 2044656023 2124773548 
 658943680  136807193 1134234825  734717261  652149902 
1802428365 2954568603 3579972017 2064599394 4124295634 
 646707629 1617601396 3153186795  860302697 3081737904 
 991345474 2526584921 2255840071  310701402  636688457 
2921403085 1191795640 1863351046 1752409015 3402708393 
 680886998  731766794  933408197 3604325240 3149753734 
3083494504 1548185602  656890222 3134483562  553891132 
1292034432 3761768963  422517008 2396532117  551458003 
1051097367 3870202022 2804354244  152620597 2081355771 
2811739408 1209775456 4031966700 3163050946 3879116900 
3781783131 1995146044 1747042385 3832362838   23265871 
 824557830 3520631331 2273000680 2616276733 2469190062 
1883117744 3643892403 2967721167 3897361815  334766124 
1168598971  174222137 2969938984 1676511981 2961220567 
3513873261 3208566881 1768958546 2941796846 1853538063 
 921177667 3549703064 1233901338  116130324 4274329391 
  68643149 2800168347  159532273 3413605767 2069403537 
3953383778 2797588231 2988243964   37680880  895524439 
 542676934 3849847354 2295553835 2565242432  219063469 
2270042696 2968915360 1032646494 1195600578  863136592 
2480351249 1597823924 4176416318  800021777 3904234862 
 434652389 3595474506 3123125302  518416406 3474998129 
3007911765 2548134309 3389095586 3858745423 2981399470 
2158886363   81139561 4066489741 1677992037 4012668019 
1648118271  912340179  378606962 2539464564 1773310875 
 266766938 1140858164 1481138231 1266226137 1815257703 
4131211106 3999253597 3507471609 2089872331  562360709 
1579140505 3786557496 1334038676 2844691511 3836949430 
2791126394  135543396 3387296796 2024628011  147247874 
 571270872 3649797713 3711024142 4247805451 2330690323 
1347336672 1493116049 3736015695 3806714620 1887968432 
1973155293 1779593657 2353980165 1653561132 2071291116 
1973801032  567645423  119291822  204700250 4288746279 
1715038407 1161291617 3938091571 1460094405 1387748124 
 159852589  140864358 4157828205 2706353894 1922737757 
1697674024 1338402918  650489013 1533490284 3902347454 
2219357478 2087796618  707537047 3153651110 2490343938 
1514831349  417053562 1642402305 2280273070  635592687 
2330367106  250728356  158165070  593700677  609696267 
1946198166 3569258453 1009111107  463382955  246942046 
1096920544 4118142675 2238769578  503409930 3505914566 
4070628459 2401519284  442033210 3032913555 2252139341 
2514770842  746947933 1144522780 2289875504  981909311 
3617801999 1562285869 2380830244 2147098231  455178942 
1925590535  939973853 3523767207 1681623865 1829096348 
2278116224 1227949905 2779967888 2120592060 1248650224 
 737949292 3489684574  397417462 2843017605 3663642993 
2636401307 1286283960  596054261 3756141427 1097274922 
1232631548 2471551322  535271404 3842377637 3435009788 
 467323718  657932409 1409034526 1437213235 2796403241 
2522186394  175389349  527306343  748289176 3437453644 
4160884985  234568511 1513858942  298556538  613014570 
1135996859 3274281274 2271705367  914217197 1656782023 
3547616689 1925216599 3718001813 1218056763  725163967 
 803242541  752304312 4006223618 2757944860  614469529 
3613401636 2139521876  951190222 1502373789 3955112218 
2304243836 3636817013   48068090 4086152071 3033076613 
 401186333 4038940155 4042191606 2210260542 1788204545 
3790926650 2627446488 4173283742  262648330 3389364840 
 128022126 2046147530 3850304774 1456457669  430637611 
 407853163 1465016762  406279081 4008442585 3766840841 
1242761089 2241739998  185244271 1280900899 3797300074 
 564451631  583550772 2613567889 2180419225 2982807949 
3633358341 3172500980 2907447264 1187851070  786950028 
1694633577 2451947108 3656372441 3528599450 3929183065 
2210783607 2073585846  227444707    8872362  554856455 
1763202064  732295838  343533176 3556127647 3276679003 
2004039831 1213839577 1371022938 3856571785  413034555 
2736110500 2793012074 2912961004 2097175651 3224166639 
 636694130 1235683374 1425356021 1653548848 1101468085 
1667051607 4018685062 3409801260 3958707981  113648810 
 469116201 1830149846 1227735066 3633889150 3346590834 
3911921440 2668657970  281992023 3971985559  843491538 
1970258378 3346081439 1235222001 3623039153  883313295 
3283539296 1940493144 3193067844  685851708  263801746 
1078584338  580531110 3686661280  622140011 3992094624 
3063651157 4258309834  340814542 3794552534 2314209430 
 894013483 1596038419 2713011129 3185248897 2352619699 
3533082959 1400042783 2066370521 4017621177 2293973952 
 670055383 1451530397 3871332150 3304561744 1355108345 
 735251660 1081423236 2052159034 2647542371 1173130675 
1655101719  571713822 1622247395 1645361409  401677714 
2370807160 3897857661 2847219292 3311168690 3394909127 
 548899307 2420182603 2755527956 2562511840 3156434124 
   7680516 3582363293 1595268691 1943548582 2182369223 
 294800819  411694886  194382100  100421125 1980374334 
3520965350 3298206573 2043701710 4218193598 4001945198 
 478866038 1062435908 4291329247  546309271  213656646 
1591835212 2213918441 1967086792 3127207478 2124097399 
2747906635 2349238992 3215575204  692815280 1004485096 
2296126113   89923220 3725992724 2718133469 3984459603 
1799259032  932201365 1202196902 3829298505 4097559466 
2883866719 2421583934 4012038654 1683181017 1539785850 
3183308391 3616793800 1351522945  591620356 4090915788 
4053336659 2591953814  527271456 2301454362  603270481 
1150446793 2592220603  950039903 2615947946 3045133802 
 936445871 2294523639 1919081922 1407709558 1208808359 
  63946849 1624804123 4239550070 2818412417 1335360884 
1840976738 1313687307  840727550 3183853153 4178898810 
3824687794  952252756 2728356988 1698408677 2521618687 
2647932571 2753273545 2582685288 3457734850  930837708 
3091943439 1438015507 4103554125  348281569 2824660233 
4009929968 2489405325  128668953 1928966707 1817475727 
1920552268 2495991772 2183581599 2915326077 2166162087 
3137194021   24367317 2725794886  226082252 3461913820 
 915659939  610087684 4173387906 3049286954 1848015272 
3355083066   52900561  449439374 4174102046 1915099302 
2630250896 1656953388  134459914 1429235569  584221796 
4162023611 3193164864 2743605524  519402795 4002591523 
2254795466 4271264403 3842269368 3944592896 1799750057 
  11598668  750588199 2793653659 1260093950  143083145 
1899185975 1463648334 3877413829 3540739990 2400388341 
 338473836 2466939076 1913091901 2316781128 4171251558 
3425174523   58862804 3232774190 2010599062 2854662620 
3001807061  138829727  254754172 3984264128  332234757 
1979620955  649308801 2599118457 3022194182 3697845906 
2882639349 1403330926 2213182612 2134598264 4285737059 
1651270671 3917064730 1002324462 2926052411 1096489683 
2506946927 1139686363 1847384112 2071725747  183642286 
2278692979 2602445521  352586072 1706171980  774102210 
1187459063 4024732399 1203837188 2337614242 1183035303 
2970065767 3429657402  782172830 4277040534 3658257328 
2959103949 1193200549 1993391129 1948337899  733106742 
 461992161 4104494238 4040468169 2468919140  869429292 
2582066361  756172267 2369674862 3335349165 1504766548 
3075150688  183156109  234202806  193904599 2278510439 
 293763363   70652807 1833402658 2413488627   86671961 
1595107310 2921580694 2832073007 1001376268 2942201624 
2513970983 3337459740  848371208  194222901  907202411 
 400487356 4201256200 4267678261 1012915725 2878496680 
3959553163 2556898753  590622408  678687405 1306412321 
1601231592 2618095873  246587333  482586872 3678186734 
 866668857  384718641 2368935888 2404714424 1176082736 
2601970028 1664832704 4242570173 1635702304 1698591877 
2697739245 3280933235 3473455913 1061194499 2254993753 
2765409125 2425210534 3539507974 3049087923 2533600507 
  13847557  460102613 2946738549 4197859843 3477135714 
 425445630 4157944921  818441782 3849212628 1295385401 
1407494630  575564981 3809088933 2632305015 3954831761 
3801953135 2973406983  937978861 4015157295 3800923683 
  21149808  162728862 1666625028 2978002923 3277349349 
 839681264 2571485807  111336188  227199665 4167408274 
3390341884  570162853 2863679393 3965536154 2153934603 
3403806200 2761395782 2463926758 4214163172 1333542556 
 673243875 3919581170 1165259912 3461938490 1163671291 
1628784868  387493855  206137210  207956585 2883695839 
3067648140  997032855  514302279 2511741981   13437024 
2761346224 1556286030 3115169245 3430814314 2726234324 
1239039953  639400661 1415144245 3971810082  708467855 
1521784460 2872389227 1948949503 1030549269  873224498 
3473784986 2319977686  691552798 3687551162 4127583911 
1773208003  885910861 3599996584 2202447093 1100824819 
2126277098 3175036745 2611937279  227627298 1758149499 
 104394488 3337109354 2788980310 2743129218 3725337875 
 546582198 3882922068 2150504714 3315430454 2698296849 
2469855555 1227689016  144861933 1498736171 2390466654 
1856248380 3977505651 3457756446 3722615227 1554853532 
2916871537  459768132 1304737545 3198459965 3709900972 
3556653064 1673443624 1928495790 2172653645  981741405 
2746073530 3849166565 3362840580 3560365131 2299656284 
2274647026 3100892713 2105557364  879146717  141267445 
3998698659 2549447236 1288059650  853740785 3070575415 
 630003749 3908261675 2956914228  327042029 3140870652 
4149368798 2589289131 1639758054 1689901858  204427209 
3006119987 1034367971 1720894915 3837130315  702630781 
 811690069 1984927052 1059038321 2603029849 2802913867 
3717747144 1812754625 4236042044 1717755902 3438042874 
3419166843 2574981298 2551424237 2029666962 3958632708 
1156217572 4140461946  596505741 3693822288 3974487292 
4057772050 2741486447 1280375150 2398276470 3567582002 
1373900703 1390355268 3598451451 3565477936 2195394497 
2578759148  474605239 1880714248 3608686312 2388871375 
1371864668  487896769 3003884431 1841664811 1564818769 
3652207521   89577554  591532583 3205279109 2511279150 
2360320056 3621666986  519525618  275507735 4070297972 
3669969996 2561345050 3706135642 1991979652 4283607123 
87312 tick and 9984 randoms = 11.43 randoms per 100tick
175627 tick and 9984 randoms = 5.68 randoms per 100tick
