generated randoms
2260313690  348938374 3392255680 2909033704  140638832 
1016917445 4051655600  976942074 1628339371  932989997 
 417988570 3106230116 3847402493 2846838083 1854065059 
2365406610  631390710 3006558680 1855109059  230064328 
 758538135 1999313224 2345696623 4174662269  280561112 
1706268812 4182435209 1014638053  610687375 2331525695 
3432349290 1302213857 2461808965 1211193860 3120004290 
 159403718  785407708 1103582039 2181742160 4003474818 
3333684546 2164025542 3329631014 3331897623   44841503 
2124190575 4103716897 1985760015 3231349092 2579223365 
2045506447 1684183393 4105280043  264622240 3457386480 
3640204395 3308050770 1877785652 1671495555  489816736 
3645271096 1053221445 4106060276 3422181599 2615443735 
1804244509 3539838858 3452443235 2399113344 1565187405 
2474733055 1149428025 3675651662 3578586687 2141819878 
3912530560 3882533229  502129057 2262588256  243511723 
3669928491 2909147132 2533094556 1693913013 1031455591 
 892347669 1204715320 2778280540 3103938066 1548020698 
2371526184 2362735796  601580678 4163515833 2286774353 
3385525426 3435050721 3859726043  658564489 1680167334 
 395160378 1918020476 2179531800  750714379 1277823100 
3279993862  968375750 2645945689 1435905461  453299951 
2432221527 2543208725  977186272  374115648 1760836837 
1339597678 4072942346 1502786855 1263608786 2235649091 
3748764825  105321286 3494441207  889085055 1548213403 
3930247105 1261616741 3701589864 2730870951 2328741100 
1549885863  885362289 4236685512 4183414762 2700385771 
4179975148 1324969786 3735228741 3337696400  342695004 
1189947554  799007231 3479707634 2754945644  450211552 
2069028394 1489498981 3077105910 2775627593 1485941576 
1906706347 1363343182 1154927348 2663740949 3518726712 
3224543204 2088074182 3636799541  876485687 1331764607 
1721688505 2144969088 4090073983 1223328334 1893823894 
4023014570 2390997307  722079132  534353189 4068461700 
4005844884 3362478912 2758321754 2734444009  970440841 
3012468549 1113307510 4226440206 4008367189 2219268773 
 870392716 2499253257 3083981992 2008109066 1151287397 
2169435052 2384932835 1612096122 2171119261 3321318748 
1317674930 1449643218 2113476231 3313810858 1519782446 
2630003892 2464758765    9731462 1052415654 3656592014 
2841565583 3624077715 2983921733  562911616 1962641375 
 614269341  785306885 4273760749 1888303864 3171945333 
 747233216  368198111 3813072643 1724804430  681854442 
4131373003 2999398905 2879312256 3658689550 2347669835 
2664829219 2807075018 3253655972 2002544366 1643713543 
1186919809 3215199810 4029160488 1068185241  915000036 
2065976610 4276053157 3527758033 2401161367  842168689 
 507969091 1804685371  958670079 2845853863 2795655679 
 229490910  774557515 2141840939 1784889067 1679680385 
2648417388 2429705148 2754293229 1433256960  126113575 
3636255678 3156875032 3485050346 2225833886  477422240 
2922494267 3447028538 4123742736 1624289207 1362957341 
 578091799 1188249426 4254745168 2077134384 3248839208 
 920104920  777072686  919500975  954689369 3734345697 
 963527021 1627543331  610865187 3652041124 2034149562 
3544763031   77621747 4128985850 1587424817 1354288442 
3619314760 1708376797  326940888 2058024529 3459367601 
1470000018 1095941426 2700094647 1369430284  240943488 
 361842083  961851483 2191681518 3308512613 2054940002 
4265757199 1166040063 3479215563 3448883455  660622673 
1004507739  444314655 3089971362 3441658735 2054386395 
 721606098 2808281070 3988922231 2981069157 3187660644 
1700438419  465094909 2067097955  781034920 3593382873 
 221537540 4058240238 2649691518 1464747161 2171116181 
 277760487 2657734871 1713714962 2306668985 1921083486 
3101885825  663912034 2109009255 1604183668  752862648 
2154754068 2146568730 2346085114  227251157 3434674477 
1825639385  614299416 1712896225  115429852 3468720208 
3812351631  144413573 1565979984 4039450152 4216138990 
1663623049 2247050244 3060868821 1566337412 3382686158 
2509623692 1263563671 1360200562 1826970920 2705971464 
1615712977 4286498113 4230861534 2996730271 1690375340 
2889722659 3759201910  195871346  657582540 3854023474 
 443002808 1522982692  524536023 4259312476 1550095226 
4167482166  156698076 4237215123 3869358353 1811122148 
1187724156 2737100772 1406546615  432196015  814245354 
4129949113 1940145834 1587754779 3914244363 2890981831 
2532990725 4220043234  922349960 3682307144 3519797929 
1872948906 3421600291 1356585955 2660558280 2593655527 
1829590266 4071773680 3568093215 2602224556 2629361598 
3225297981 3639800786 1400651480  769725007 3509817332 
1138316693 1429898715 3029690960 3512041792 2693047090 
3025060641 2934039187  271210632 1213597215  466142102 
1489185601 2431230993 1940741760 1856343276 3695963554 
 277495980 2525997388 3753281030 3833241502 1492571399 
 203035164 2190351553 3620139539 2628646633 2244091324 
1274966498 3847098676  958180754 1263580506 2803396943 
 804048593  578223533 3232363764 3810610989 2666351419 
 274246722 3045961342 2654133257  338915900  135050623 
3714710897 1122319361 1930288394 1514757446 2648411551 
2665976818 1922954710 2414027436 1364684265  395814907 
 803208761 2521936447  631823100  570463898 1034907987 
 179273695 2234303106 2679028703 2219522624 2189595580 
3160356306 2041672333 2986536412 3816979234 3054356004 
1932200261  487488630 2462430590 3646338000 1173263836 
 542681657 1746431646 2016274431   50704002 2910955822 
3136959849 2562376297 2669796713  218959494 2736407903 
2112935337 2184602348 3131955204 1988918897 1979433465 
 111037611 1307546936 1620099127 1388754931  507698292 
3193492631 2715688218 2909281280 1057165160  951970226 
1479088468 2466700726  110695581 2588386715 3894786584 
1363081750 2562094110  673223621 3455478874  319727983 
3420367804 2595169198 3952587382  841364433 3277142633 
2615888764  353016384  897840736  884587774 2356096243 
 231721642 2574185937   13589462  865475638 4107744461 
1653527351 2649632148 1167334644 1569430142 3609105483 
3463259590 1179723884 2115248217 3982052755  487211103 
2363841818 3724666385 2275560911 3830737525  353381279 
1123433786 1682768477 2473812269 1408021729 1584109860 
4045088634 1624954728 1941754630 4153741554 3653232275 
1526795240 3729710413  332973006 1697259304 4217938175 
3876775776 2901195850 1611722990 2548595086 4265201072 
  76991528 3763912135 1696021447  123633128  225556227 
3703923807 4055295818 1989679936  572855962 2422414634 
4293793217 3757525477 2042976673 4132414536 4241580006 
2077062331 2198064263 3998557957  563847915 2851070600 
3105990049 2079504127 1211296335   61687311 1982828632 
2130228175 1557705711 1212550942 1205493497  185279173 
4165883878  773213171  344698889 1395910106 3707815628 
1334816435 2620911066 1935228689  180053610 4078401641 
1736554240 3643702302 3315857509  341577669 2807850657 
 391126227 2467381806 2838072779 3039008762 3826797962 
 421136520 3827508772 1428234374  798512555 1640145905 
2443857604 1869726726  374514272 2743520988 3451965119 
3983557115 1676015003 2941385220 2985199325  303637765 
2105248208  676985986 2255765315  693886399 2204818344 
1218211992 3254612097 2305134845 1525223875 3321034983 
2210217987 3781046893 1453458661 2737575422 3681884097 
3661898725 2468215754 2568198764 1766968854 2980048729 
1400720635 2307156237 2595600949 3819214127 2027293632 
 224482572 4221394001 3363748371 3981709365  623514461 
1482458472  252107817 1603218649  253379799 2605939896 
 223214728 1693299961 2216143374 2019651316 1739445508 
2191798236 4293462305 1168052277  466304654  624110043 
1406104875 1132644124 4285646916 1766231750 1722773194 
1405240152 3793898219 2736588039 2444431593  839825967 
4094138452 1910282623 3802709276 1334434065 3347006141 
2427792775  136614583 4092227008 4134415087 4287401844 
2231817247 3062352758  892455610 1959265841 3758516475 
1710448361  962723292 1028937243  595537249 3323420446 
3114879019 1827170241 4182391513 4233522992 2299877144 
3701419745 1910392847 3051893763   94966810  330918471 
2602700114  994871144 4143769519 1837228925 4155773775 
 891365827 3994443314 3236236524  793193842 1966790835 
2675602100 2255926449 1773661158 1221582765 1559335979 
2941917891  157208443 2686166639 3728670314 1567101701 
2889775195  142812414  375687714 1305057612 3809489716 
 763193938 3360659649 1049141171 1362812089  704770375 
3514630969 1435202519 2179932434  405328645   91024535 
3488065293 1861961787 1838385102 1916899994 1489731423 
1025724053 1628748072 3565878245 3476374032 3198737780 
2923991184 2518908153  122764099 2116851297 1613095135 
2093177552 3950192784 1145642588  738361774 2598502902 
1932805453 3236445636  773017811 1162150420 1325070971 
2243275503 4247643898  422317803 3963582785 3065046200 
 566411318 3796925423 4245985448 2435480199  298833425 
4271265871  246699637  767681451 3727527085   52398957 
3710173479 1962793529 3263417357 4001844097 2986546767 
3633648364 2080961141 2032936326 2408067451 3876444309 
4256775793  970643398  357192096 1306330361 3286478066 
3070875356 1334215650 3109949228 3312199281   80214692 
1144935897 1227557934 1569630969 2493169846  221974294 
3997698146   51172324 1455980593 4047418190  515753061 
4078307564 2217374389 4152085253 3003071477 1886347080 
1282651966  711187126 3700585111 4233658066 3890412286 
3314355902 3301039907 3615767369 1121981374 1294933751 
4030636082 4081935441 4031438641 3364430297 3199941974 
1596045541 3911577227 1120765899 1018872377 1889202114 
2125868577 1871640435 3478400989 2540403037 4099828815 
3142186728 2737969755  258784371 3912069896 1547042391 
2972704723  905367240  184438751 1992703344 3580228458 
3869352373 1588916784 1251212365 4022481673 3450880393 
2074696295 1761196603  538295162 2408334314 4142299188 
1307096589   73125381 1507156054 2905849293 3950506638 
 603185075  795490872  667063627 1275051905 2789829287 
  62296772 4216172753 2455552733 2984175118 2963835628 
3272652953 3086481650 1826259551 1892093524  596542787 
2075846515  928513097 1867731918 3284362660  697564779 
 234530411 2978106396 2105062219  181032818  776058431 
2836285942 2709801599 1845358480 2367566517 1267996747 
2435595284  856818710 3514764902 1330803894 4032919747 
2309631944  828505274 2710460475 3061641784 1541507324 
2997628616 3461456141 1109375013  886370695 3933364617 
3551754953 2286460992 1222292711 2396438920 2911246372 
1386296334 2124003318 1454408156 1164968261 1427224311 
2552651061 4203992185 2919269074  872802622 3610867869 
2864855110 1282829635 2468679616 1714064728  223232145 
3760303446 2331471898 3442342046  893134640 3206940051 
 391229319 4142253306 3736001834 1518962891  117552298 
2662579413 4160210650 2810049548 1406601312  425112520 
1762130411 1518128492  582157977 2521285848  545745637 
2291492699 1778047675  826096075 2651900655 1799644081 
 568082043  826578394 4185364991  170128873  775821868 
 202516148 3265677995 2429969270 2070869230 1568061634 
3298873622 2607622163 1300938890 3484718451   65176535 
 885086003 1990153355 1391307263 3020809746 3224090824 
 283643477 2583101634 2873382164 2078572554 1483821245 
4066130952 2541424368 2841557333  983777090 2995369619 
1149197359 2991206157 4006461383 2704322114 3548266006 
3386133724  624673745 3844770306 2778859348 2266375770 
BURST:791 ms and 99840000 randoms = 0.792 ms per 100000000randoms
SEQUE:1021 ms and 99840000 randoms = 1.023 ms per 100000000randoms
