generated randoms
1547171055  638951985 3037721182 2754701328 4283362067 
1569307682   22198308 2826777205 1675595762  168866757 
2052199846 3498881208 3522522603  656713895 2808375285 
3893404870 3966094777 2650433863  828612119 1931026442 
3614770714 2906732896 3097821780 3031651838 2043043611 
2958738266   12119298 2266089576 2917696562 2964749869 
2746588520 1886603340 2174264320 1939922481 1145622190 
3755005895 2105333007 2983123024 2277126585 2866162822 
3235900316 1011167006 3492528627 3546122948 3201541548 
4275276032 1767564456 3225691672 3476242172 1086446534 
3826120047 1456119302 1561864012   34696750 2589751866 
2831849601 4000650304 1128801987 4280900195  854973285 
4071126224 3553465781 2659179134  563628368 2386079799 
 204153042 4007786692 1879455928 1058833078  979311896 
3732791252 2618595618 4269159844 2149729980  529032238 
  57253390 2236297522 3361957185 4198547946  335660502 
1736232279 1104520354  308425210 3028739355  698204336 
2200711651 1134356992 2204872841  752290683 1585770883 
1711769566 2579263177 2649244381 1268229208   41118122 
2874976920 2672439312 3482315660 2806176691 1711560324 
 461281802 3370849524 1201183416 3215291485   34246989 
 795878564 3178877110 3343696460  147754159 1138665648 
1971151920 2012545325  464288823 3865747597 1906668764 
2919514952 2483929670 3040799251  177615764 1370994126 
4045182140  887537531  989414771  737755222 1075705550 
2114097610 2129537821  958978848 1249908442 1314540894 
3618498018 1004358534  377834674 4214090207 4159087018 
3058706749  688321543 1713888924 1330722936 3710382113 
 511738133  239524348   47882617 1613276163 1669341209 
3270358464 3094939910 2213822188 3056422690 4194257747 
1761154370  650187206 3862286163 2506110092  361563436 
 586713911 2376332101 1430722413 4208481950  498552129 
 824840102 3226447413 1337790811 1816691111 3378901642 
1468426364 1591426046  443312772 1164717231 3517863569 
 865011758 1106403180  123521969 1085164042   51173100 
1857112365  908767697 2711550831 1608195029 4246309958 
1802274772 2810506797 2047815132 2429145534  263076367 
3544536921  208994938  640479670  290350999 1922329376 
 421788065   79792768 3635240068  803776390  252765712 
1155294555 1382178006 4235898709 2174194422 3640282576 
2271732840 2371508126 1368965660 1892888375 4204259273 
1987131449 3653688324  376730057 2695520066 3278868919 
  26220534  798272708 2836206895 4282851302 4145370844 
2390848121  327511564 2104272371 2059845081 1242133833 
1167222635 4020652121 2945501390 4127672720 3311973571 
3829739041  257114441 3754866357 1527046139  704263403 
 501969376 1214350616 2199590399 2820508761 2817819295 
1856864877 3067558929 2893753714 3314519575 3994030984 
2735561600 2187485636 4264206375 3717609388  441586045 
4135380452  579310001  917497423 4068812209 3606883809 
2156223779 3424205065 3005916402 2950892985 4156195303 
 108090023  610537720 3121428309 1927254636  405421243 
1993445957  722755494 3798945732 3802283713 2628655167 
2217159707 2256502740 3427412127  595648924 1553035415 
3265629755 1847798308 1687660800 3112068097 4178873606 
2570481210 3983435535 1259249915 1340280659 2297723210 
3397867918 3242516269 3187152529 2013163218 2482583758 
3629428911 1009005997 2794478630 1165031259  725127346 
1049152253 2192817277 1872811802 1944303522 2852529710 
2858892055 2297964871 1300363548 2420515916 2686402766 
 422930557  674493785 2361022927 1607084287 3258493799 
3840503621 2587716648 1319102546 2579819240 3865480358 
3036410685 2398962399  418079933 1879578679 1487400412 
1724891614 2575868932 3991905910 3434253374 2884195964 
 543398262 2801074834 2102268929 4176701109 4238921004 
1178449392 3833335910 2803451024  569348636 3667324246 
2779968662  224664974  236885995 1096031194  839681653 
3944031954 1936067792  327735789 3337583421 3465056506 
1801287782  990591148 3307368485 2115678754 1816104957 
2915264282  482865567  895616798 1998417218 3842320447 
1164931326 2827094914  738302314  799473897  400643975 
1492998103  532636236 1063457796 3326460826 3449594639 
 694241016  895971865 2486031268  869272338 2377680818 
2793541131 2137614756 1147816073 3873522075  506116604 
1063868240 2271267595 1538270625 2717809228 3443930712 
 436612399 1248453162  306129561 2161833200  592651269 
3746573891 1081337092  456941918  779210471 2702137521 
 651582853 3559884661 2188907049 3014192140  306670011 
3634716143  624912413 4290340840 3094662750  103007376 
3107134305 3970559354 2541780919 3263344857 4122281458 
4110805264 3058263510 3218927622 3154656062  853251997 
2887789424  304690177 3895610050 2535255372  734765292 
1587906973 1987552461 1189225018  937220066 1970395432 
1463407433 3445512668 1278268132 3494813182  583927866 
3449940320  972330045 1489163100  836921533 4237772148 
 800566498  778677304 2774984028  938210598 2882215182 
2944749573 1566812792 2764816821 2868552462  198101972 
2682607676 2204486823 1078748859 1271190907 1617931260 
 521628529 1669184952 2516669467  530993273  466095196 
2131579988 1220103682 1366271776 1580493883 1265248956 
 580382083  935279890  831993573 2619871673  863023396 
  86412446 2126533363 2741059472 1325874839 3546692895 
2131466305 3643170302 3697066561 1592949141  624146452 
 680573005 2587640349 3287315791 2684084585 3832791274 
3540687766 1875726234 2619021560  370583061 3553111565 
2950834947 4035542933  608184075 2756181486 1452210685 
2496834560 2231252004 3630128301 2440671128  461627100 
2021361393  436570206 3319843138 1443839990 4009616656 
 505694119  743568983 4235731611 1707230519 2578388984 
2337882246 3206749248 2395595921  778080413  194824609 
 783018061 1488885837 3984972687 2444377622 2914516976 
2414823604 1058171921  225716987  198688381  749255856 
1586821360 2245444507 3443705120  893719655 3363086939 
2232239550 2169864855 3220254633  689746941 3506415517 
  48915936  109966795 3081268872 2044428105  123271867 
3534588740  574428005  247493455  341645215  316272315 
2351420294  991580820 1182276061 3451340538 3892564692 
1931704645  841978359 2620963327 2796088341 1769088175 
2508298553 2647789073 4135523343 1126833574 4088989236 
 676907198 2722394626  368889437 2412998081  786934366 
 137563010  312830233 2944008106 4134430594 4277588462 
2064609672 1346772226  368631982  520341539 2573752653 
2535647769 1317686901 3198733346 1682540915 2823281953 
2271709021 2580175006 3109500850  570994212 1861035109 
4237700265 4132135164 1357940014 1857994232 1405194996 
  63731387  970424861  952622620 4099426397   80524479 
1487765937 2425479145 3843769055  491779818  395934409 
 999169451 2459696220 3179176304 2387955771 3682915576 
2863678262 3385871712 3645092030 2073736498  897724802 
2580201288 3277862311 3066308062 4009394768 2594898394 
1415299999  740756670 1980751452 4261255900 1993743238 
3317370277 3059620167  754459626  840145904 3409505962 
3075054806 2901176319  409438913 2381406435 1336173920 
2368790857 2577912276 1574080100 4111130291 3258904051 
1948378884 1096295227 3763723405 2420973087 4286286914 
 208375746 2436477958 3893298253 3083056807 1774827539 
1155676660 1091185492 2158427331  476849965 2515526638 
1819485372  800108796  177277286    5444808  296974119 
 642899877 1574293129 3704471410 4047001492 1274978730 
2253933180 2989679155 4179424558 2604824223 2934230293 
3940858351 4065145434  402245172 3984486018 2824230955 
 635489441  874843585 1148416729 2251358343 1059376975 
 931224806 2760605392 4102561345  827410235 3238422187 
3478685102 3936800333 3106472249 3920092650 1577313025 
1116558959 3968271283 2434509777 2062263658 3593663925 
1596627046 2639461488 2406451100 3667638022 1855725698 
2747437604  220173210 2361273641 3444972218 3498022891 
3981561752 1196437840 2085323542 1069503372 1376989828 
2078924638  575973876   45120745 1894252741 3609336388 
2141219259 1538356547 4259063452 2512901204 3030409089 
2030965723  694575642 1055506582 3873777520 3614225941 
 977144526 2486766740  693208554 3576760665 1706919508 
2016369733 3801444208  857693813  330131751 3357540860 
4014310877 3776754143 1411967914 2900904543 2001751733 
 560879759 3481282054 3737258010 2743105941 1760100001 
1113054967  405907154 2659536590  713938948 3582050984 
 977321944 1629863577 3256405832  951953675 3764985249 
2474820790  752974689  528796959 1169963217 3804718090 
2383148376 3712038153 1016380976  829170006  737415660 
1518451916  894841172 3079600164  242850559  565723112 
 316755297 1354755293 3121801965  457738671 4189664451 
 735219865 1022760499 1720086054   78504960  743717958 
 833296013 2301991056 2627309229 1012016409 3609314502 
1919696012 1676390467 3546447352 2408369458  299462559 
2044652669 2373900144 3263105334  833180630 2430984354 
 574315258 2122152490 1930968119 2574612759 2071641829 
1559470548 1779233789 3172940671 1361242382 2268299607 
1424777530 1469976910  554511371  160880695 1343607931 
4140860115  691800228 1111433510 1915484245 2982876353 
3652345138 1970224490 1828025125  555086455 2022763124 
  46709505 1648977044 1170165677 2604949718 2581911799 
2449437381  114931434 4226671795  645568364 2801099670 
3412145188 3264803310 1901372604  592343761 2342935616 
3592331592 1268870206 2081136704 1219230974 1367700328 
4211199810  228372306 2576240920 3585866035 1723566616 
 113603604 2564703596 2709885946 2855681795 2148012557 
2916974650 3795338208 2757662305 3916706425 2912399847 
3684714864  942352680 1167546687 4152367919 2099727805 
2427893904 3873184947 4240871888 1763024130 1739774095 
2809907664 1515906618 3199208211 2905650476 2190928325 
4287256265 2867083683  976189687 1736247193 3108396365 
3720686341 1685735108 1083628673 2905027308 2692571169 
2385045384 2444475090 3700067104 2725913138  588757638 
 597138660 2233817552  217570668 4285448029  843556807 
 395898529 2631804012  409318452 1670632962  571837104 
2757192647 2110646027  330034167 2685361329 4058744097 
1891068158 1596433243 2961325900 4007321738  825069960 
2327928861 2501637026 1481058070 1827244360  951378350 
1885558334 4135171164  863160711 1262480756 3441451576 
2278293325  291194432  229627182 3581639632 2512036878 
1020918229 3962586186  306872520 2640787103 4112859718 
2791360583  410099492 2599504933  635136176 1816105843 
 282912658  758019925 3888675907 1184528910  592813436 
1542492400 2772862033 1504173129  318356418  962738568 
4224145192 2026316565 2816489768  576631344 3906328385 
 181946331 4073670624 3059001644 1078482626 2295697955 
 982393234 3711773356 2700129571 2303023576 3101623651 
2693135985 3234663039 4102979676  137704881 2521101763 
2621793707 3406602067 1231490244 1720887605 3867794886 
2796175893  139315976 3285325839  240160930 1001734808 
 797432271 2316752661 1922860129 2761421754 2445132682 
 762196707 2561923204  411668869 2637606300  324032699 
 380903243  433125151 2486225846  964698934 2293000687 
2968801730   29328521 3318219678 3819791704 2994219870 
4080296870 1785984026 4244528268 3311032241 1685602828 
3447248863 1272458082 2175895981 4188038662 1816049398 
2686578365 3764294347 3975172711 2446997372  151939246 
1244966489 2921679464 1695546451  733804541 2292000079 
2233059050 1995633339 3696178229 1926567530 2533122804 
3798517569 3332459111  947652334 3860754796 2856530647 
BURST:711 ms and 99680000 randoms = 0.713 ms per 100000000randoms
SEQUE:1503 ms and 99680000 randoms = 1.508 ms per 100000000randoms
