1547171055  638951985 3037721182 2754701328 4283362067 
1569307682   22198308 2826777205 1675595762  168866757 
2052199846 3498881208 3522522603  656713895 2808375285 
3893404870 3966094777 2650433863  828612119 1931026442 
3614770714 2906732896 3097821780 3031651838 2043043611 
2958738266   12119298 2266089576 2917696562 2964749869 
2746588520 1886603340 2174264320 1939922481 1145622190 
3755005895 2105333007 2983123024 2277126585 2866162822 
3235900316 1011167006 3492528627 3546122948 3201541548 
4275276032 1767564456 3225691672 3476242172 1086446534 
3826120047 1456119302 1561864012   34696750 2589751866 
2831849601 4000650304 1128801987 4280900195  854973285 
4071126224 3553465781 2659179134  563628368 2386079799 
 204153042 4007786692 1879455928 1058833078  979311896 
3732791252 2618595618 4269159844 2149729980  529032238 
  57253390 2236297522 3361957185 4198547946  335660502 
1736232279 1104520354  308425210 3028739355  698204336 
2200711651 1134356992 2204872841  752290683 1585770883 
1711769566 2579263177 2649244381 1268229208   41118122 
2874976920 2672439312 3482315660 2806176691 1711560324 
 461281802 3370849524 1201183416 3215291485   34246989 
 795878564 3178877110 3343696460  147754159 1138665648 
1971151920 2012545325  464288823 3865747597 1906668764 
2919514952 2483929670 3040799251  177615764 1370994126 
4045182140  887537531  989414771  737755222 1075705550 
2114097610 2129537821  958978848 1249908442 1314540894 
3618498018 1004358534  377834674 4214090207 4159087018 
3058706749  688321543 1713888924 1330722936 3710382113 
 511738133  239524348   47882617 1613276163 1669341209 
3270358464 3094939910 2213822188 3056422690 4194257747 
1761154370  650187206 3862286163 2506110092  361563436 
 586713911 2376332101 1430722413 4208481950  498552129 
 824840102 3226447413 1337790811 1816691111 3378901642 
1468426364 1591426046  443312772 1164717231 3517863569 
 865011758 1106403180  123521969 1085164042   51173100 
1857112365  908767697 2711550831 1608195029 4246309958 
1802274772 2810506797 2047815132 2429145534  263076367 
3544536921  208994938  640479670  290350999 1922329376 
 421788065   79792768 3635240068  803776390  252765712 
1155294555 1382178006 4235898709 2174194422 3640282576 
2271732840 2371508126 1368965660 1892888375 4204259273 
1987131449 3653688324  376730057 2695520066 3278868919 
  26220534  798272708 2836206895 4282851302 4145370844 
2390848121  327511564 2104272371 2059845081 1242133833 
1167222635 4020652121 2945501390 4127672720 3311973571 
3829739041  257114441 3754866357 1527046139  704263403 
 501969376 1214350616 2199590399 2820508761 2817819295 
1856864877 3067558929 2893753714 3314519575 3994030984 
2735561600 2187485636 4264206375 3717609388  441586045 
4135380452  579310001  917497423 4068812209 3606883809 
2156223779 3424205065 3005916402 2950892985 4156195303 
 108090023  610537720 3121428309 1927254636  405421243 
1993445957  722755494 3798945732 3802283713 2628655167 
2217159707 2256502740 3427412127  595648924 1553035415 
3265629755 1847798308 1687660800 3112068097 4178873606 
2570481210 3983435535 1259249915 1340280659 2297723210 
3397867918 3242516269 3187152529 2013163218 2482583758 
3629428911 1009005997 2794478630 1165031259  725127346 
1049152253 2192817277 1872811802 1944303522 2852529710 
2858892055 2297964871 1300363548 2420515916 2686402766 
 422930557  674493785 2361022927 1607084287 3258493799 
3840503621 2587716648 1319102546 2579819240 3865480358 
3036410685 2398962399  418079933 1879578679 1487400412 
1724891614 2575868932 3991905910 3434253374 2884195964 
 543398262 2801074834 2102268929 4176701109 4238921004 
1178449392 3833335910 2803451024  569348636 3667324246 
2779968662  224664974  236885995 1096031194  839681653 
3944031954 1936067792  327735789 3337583421 3465056506 
1801287782  990591148 3307368485 2115678754 1816104957 
2915264282  482865567  895616798 1998417218 3842320447 
1164931326 2827094914  738302314  799473897  400643975 
1492998103  532636236 1063457796 3326460826 3449594639 
 694241016  895971865 2486031268  869272338 2377680818 
2793541131 2137614756 1147816073 3873522075  506116604 
1063868240 2271267595 1538270625 2717809228 3443930712 
 436612399 1248453162  306129561 2161833200  592651269 
3746573891 1081337092  456941918  779210471 2702137521 
 651582853 3559884661 2188907049 3014192140  306670011 
3634716143  624912413 4290340840 3094662750  103007376 
3107134305 3970559354 2541780919 3263344857 4122281458 
4110805264 3058263510 3218927622 3154656062  853251997 
2887789424  304690177 3895610050 2535255372  734765292 
1587906973 1987552461 1189225018  937220066 1970395432 
1463407433 3445512668 1278268132 3494813182  583927866 
3449940320  972330045 1489163100  836921533 4237772148 
 800566498  778677304 2774984028  938210598 2882215182 
2944749573 1566812792 2764816821 2868552462  198101972 
2682607676 2204486823 1078748859 1271190907 1617931260 
 521628529 1669184952 2516669467  530993273  466095196 
2131579988 1220103682 1366271776 1580493883 1265248956 
 580382083  935279890  831993573 2619871673  863023396 
  86412446 2126533363 2741059472 1325874839 3546692895 
2131466305 3643170302 3697066561 1592949141  624146452 
 680573005 2587640349 3287315791 2684084585 3832791274 
3540687766 1875726234 2619021560  370583061 3553111565 
2950834947 4035542933  608184075 2756181486 1452210685 
2496834560 2231252004 3630128301 2440671128  461627100 
2021361393  436570206 3319843138 1443839990 4009616656 
 505694119  743568983 4235731611 1707230519 2578388984 
2337882246 3206749248 2395595921  778080413  194824609 
 783018061 1488885837 3984972687 2444377622 2914516976 
2414823604 1058171921  225716987  198688381  749255856 
1586821360 2245444507 3443705120  893719655 3363086939 
2232239550 2169864855 3220254633  689746941 3506415517 
  48915936  109966795 3081268872 2044428105  123271867 
3534588740  574428005  247493455  341645215  316272315 
2351420294  991580820 1182276061 3451340538 3892564692 
1931704645  841978359 2620963327 2796088341 1769088175 
2508298553 2647789073 4135523343 1126833574 4088989236 
 676907198 2722394626  368889437 2412998081  786934366 
 137563010  312830233 2944008106 4134430594 4277588462 
2064609672 1346772226  368631982  520341539 2573752653 
2535647769 1317686901 3198733346 1682540915 2823281953 
2271709021 2580175006 3109500850  570994212 1861035109 
4237700265 4132135164 1357940014 1857994232 1405194996 
  63731387  970424861  952622620 4099426397   80524479 
1487765937 2425479145 3843769055  491779818  395934409 
 999169451 2459696220 3179176304 2387955771 3682915576 
2863678262 3385871712 3645092030 2073736498  897724802 
2580201288 3277862311 3066308062 4009394768 2594898394 
1415299999  740756670 1980751452 4261255900 1993743238 
3317370277 3059620167  754459626  840145904 3409505962 
3075054806 2901176319  409438913 2381406435 1336173920 
2368790857 2577912276 1574080100 4111130291 3258904051 
1948378884 1096295227 3763723405 3430607600 3647876723 
3110370716  889773078  390197086 3930720901 1754988599 
3969846145  584426662 2327203590 1715352203 1164137302 
3179694423  143923291 2918542995 3896750094 4258708126 
3148592866 1823887518 2949947256  642601358 3871316170 
1056786472  109164493 2161814069  723039685 2925273111 
1844801927 1604695656 2807019545 1321989098 3626307687 
2759354529 1199952880    3914871 1507972928 1113070144 
2253358262  590434153 1583231687 4052659367 4249045429 
 527647837  972768393  133866645  393499882  928581545 
2194239607  599014735 3520753687 2665893893 2163764147 
  36880170 2672005726  355728806 1917923207 2162767042 
3767186663 4063676921 3192649292 1073639018   61997662 
1932400102 1724413952 4067636001  865366878 3170028096 
 200271846  491268930  955212273 2929057553 1261863782 
2178309151 3683857407 3797172914 2528004698  837512883 
2976741018 3542524912  719848768 2174347815 2528711351 
 677133108  549448079   13387098 1444755642  639724628 
4215598284 3460457483 1838919670 1974136569 1369206581 
1923991296 2861241735 1448837632  129294535 3894050469 
4007768835 1757609397 3100008094 3103712159 2684611157 
  97469519 2811548303 2626674563  100531360 1761088030 
4245454228 1777021494 2177263608 1304481083 2543590540 
2284763265 3398163436 1847704003 3954736025 1992992332 
 993337163 3621193373 1831013374 3228612074  521318039 
1618540991  514814210 4153609962 1887111989 1599476981 
 734631489  440400391 4098402227 3437587533 3261366085 
1029168171 3353083884 2439040908 3002977597   89311297 
1468844049 3328483560 1103003276  584229900 3647413562 
1891016181   63116352 2967625185 1298233586 2845861529 
4197110417  995334226  998261349 1498433172 3055874404 
3289290153 3944566438 1721055515 3146641952 4141436320 
 162838201 2429855075 2695394878 1611196072 1199320930 
 458322017 1003917545 3899186817 1578152011  248442757 
3971803223 1817191435 2475784119 1101328507 4030286765 
3740178051  901871456 1878631881 1336195930 1320836005 
2740338798 1033011009 3097936875 4029212418 1046492890 
3958398745 2517657428 4098088636 4114595893 2860540396 
3981297042 3554055801   62967708  980257648 2405947072 
 246676940 1682557880 1931167312  209164709   65482686 
 125526039 2349546916 1098128584 1390157147 3957448070 
1465759240 3893193307 1527936051 3695642426 1506725385 
3148476915 1116871842 1731266518 3907265935 2181242147 
1923963999 3345757902 2994868195 2030135638 1856119729 
3990494563 2618990954 3067077785  747108969 2283049174 
 149618974 2891820970 2077802448 1232444173 2378541196 
 541384828 4058048088  332745756 2056681081 4045920341 
1591623418 3429354141 3881983518 3280646273  380263472 
 575916794 1413231813  848992424   24607154 2708855618 
3720166595 1488154236  379964433  152197817  281032310 
 557254894 1851458013 3466140117 3809905441 3993809849 
 394121013 3526290098 3826346512 2793278998 3582957017 
3401211819  771240247 2829583351 2550887119  439995950 
1756245977 2008665443 3303620393 3905856851 3201015418 
3156836001 3589887424 1877195024 2308596559 2734901276 
3814479437 2821005889 4105918504 1280120298 2027209473 
2010601774 2748533529 2596206978 1474326289  878812523 
 463003350 1871704566  151549163 4254062623 1343989470 
3058482100 1751023630 3438341361 2014490867 2716213505 
 877676522 3601150963 4087478887 3097395413 2979664079 
3058085428 3900770137  134183398  996923981 3236307480 
2254577172 2902814495 1953235531 2762029447  317259275 
1947322816 1157218372 1184250245 1035905765  908216252 
3094256332 2965705288 2888396160 1861940335  265048519 
1907016669  129897325 3800980152 1190211651 1081925460 
3689174548 4039028157 1065014563 1215112530 3754513150 
2292096351 2885240073 3759218232 3979958226   80549028 
2738188728 1620700829  753958449 2659659275 2367983451 
 246967844 3787339141 2774317933 2783996137 4292203345 
 389927922 3672814923 1194607493 2700966397 3732396345 
2453121719 2940806141 2104814572 3154478736 3494523749 
4207673088 1408165605 3987350174 4173828775  770509924 
3964264405 1635416112 1397625921 3294423105 1991876562 
3209850409 3132878656 2545447868  232739044 3364992489 
2589483960 2033112541 2464584840 2015690885 3850438195 
2939743976 2268722447 2020931602 2523570639 2366458345 
time = 20835410
