3630837963  655582939 1853906148 2889288496 1640218923 
3708330301 3756701557 2388502873 1162742230 3640773335 
3384372381  849333066 2426823973  423554370 2703729750 
1642478011 1856646998 4014244703 3221139405 3389520940 
2663710744 2086780991 1989916212  971296147  771930465 
1922278492 2338768977 3225804787 3909512950 1812618944 
 716766629 4016860761 3694331962  788278834 1727731483 
1831502485  226984109 1404875983 2328845469 2836450870 
3251005014 3067248756 3934875973 2383364723 1702914895 
2105499387 3389287810 2362943993 3402809877 1014815496 
 232389782 3871153147 3194152320 3564273169 1415762624 
4191442663  278132542 2860609918  338947130 1176248614 
 576312678 3224586643 2452117548 4010149627  248708031 
2289812129  566963932 2921719502 3570670261  394453128 
1218363996 4242058035 3007457965 2265558481 3287196551 
2070067285 2810976123 3198658599 3682101904 2980610601 
2755288094 2752111631 3107628502 4230334874 3690349795 
2681569454 3718004739 3600218948 2061905833   20329930 
3197053635 2440261265 3517024728 1297713685  720362284 
1675071076  707951438 2085677697  757787090  294549105 
 664715047 1606744365 3631641595  192904512 3671318560 
1348932435 2775840342 2491003470 1845312069  648504896 
  54144185 3105824712 1664991896   58504329 3196049248 
3484221854  589842573 2397103922  566613570 1307165692 
1177986803 2108510711 2143323929  146229049 1098933593 
3565123816 2648226797 2127477118 2356832401  524773302 
3137342017 1032180786 1304836993 2135308532 2520575032 
1279994624 1186201064  747994043 3757693723 2026138481 
 929268624 3241646362 3346143668 2968772877 3741319155 
3466632420 3565007359 3364048314 2888971623 1085452559 
3768858132 3358541699 1690240133 2386559198 1012182874 
3728707482 1959381040 3960524975 2029139968  192208125 
3553271596 3933436898 1604102497 2623174555   68895527 
 987283984 3038374984 3559074232  483312712 3261709708 
3948919765 3663241286 4133587849  105079021 2385276385 
3961879925 2084705434 1864593675 3162372756 2813803160 
 103261343 3416595725 3793327474 3294059190  935289346 
2444427116 2799411687 2038693830  160147537 2978122165 
2631085294 1223575056 2690178681 1566492494 3964865590 
1646567741 3649710085 3903059879 2975754755 3056135099 
3849433798 2692047085  145901681   29475165   57598553 
2430564467 2670865406 2952732623 1023235346 1039687086 
 936043906 3166034861  860846833 3354909100  271619100 
3074611748  799177837 3688043538 3310128210 1664113526 
2277614263 3122925412  456401345 1941017511  619179808 
3202490337 1109207978  712407157  506089553 1819037251 
1579840956  371460483 1749827571 1881043474 2458333942 
4200872869 1761644273  181219499 3730279584  564023382 
3406073265  230879183 2504312927 2454399810     912260 
2750897790 1736835603 2775070163 3679617364 3554790977 
3271368327   39147085 3408061399  570324387 2954200854 
1874710937 3320745922 1428556989 2755749138 2438733558 
 643845635 2781835787 3504380090 3985325031 2639788413 
 981390155 2470615799 4083869307 2026889804 3001789681 
2379079243 1607233935 3583477371  664431300 4121198181 
2743440381 1500331284  415698022 2338766430 4220718222 
 944317324 2961801971 3606544395 3481523177 1316025034 
3795212336  324332499 1343876814 3524563282 1385348241 
  96486106 1495856811 2459269465  657493861 3018731976 
4231060179 3922213587 1041322232 1823764295 1437506584 
2165891919  865015029 3912931297 2186073763 4142648254 
  72196892  165421526 2340000484 3121700748 1469963955 
1289290582 2597302701 4118401526  795685873 2531183659 
3951741341 2485996354 3587669373 3730769171 1887209232 
1047523281 3333532507 2821879744 3093187366 2610737815 
4047948893 1187743803 2835056202 3711737555 1212775306 
4049267083  480762637 3731201062 1299255828  104028158 
3621866993 1043576516  376643859 1906070356 3541321218 
3118926324 1232764215 3933797298 3313739021 2604564449 
1629663915 1878913589  589802318 1473154014  888784207 
1572463218  192979364   36161036   22909566 3467458041 
2560707896 1613387366 4172127184 2272676508  196278789 
2542117897 3575314026 1516667978 1521680966   31895437 
3403015891 2839903711 3570504173  363434332 4056544521 
   7376844   32263515 2927952258 4163518374 1080899031 
 241374665 2970393228 3658366755 3170578474 2241684041 
3597185515 3892701090 2904399009  204922901 3102939899 
 516963467 2893121650 3405911490 2638381430 1028295494 
3242824076 3421086190 3326117787  190426801 2446729936 
3404332075 1122893489 1319310823 1023393200 2157947710 
3986735423 3009147732 3631366052 2065946053  212513717 
 452778462 3162638480 1972704411 2369032060 2875401954 
3582598898 1596641358  604117204 4131731296 1174445062 
4188800357 3226758296 2842067691 3890162029 4261745784 
2350137805 4068717990 3865062311 1030041229 2894978706 
2427670005   86870418 1066920235 1955119112 3549436814 
 725299576 4126104090 4055964107 2190914983 3094437601 
1967114962 2526819063 1796396878 1779528883 3536595911 
4275438307  365559126  336557198 1023278460  635686036 
2618681504 2928512546  152526341 2739156046 1926800853 
4012721942 1601572733 3465128197  588877927 1261527468 
4210200422 3937919169 3192069161 3552048596   20432490 
1815176317 3001344818 2126818434 2384911909 1137195468 
2182198539 1230968747  822549931 3011708151 1869711997 
3439672796 2156097090 3364461606  318713225  692228229 
 412663093 2564057628 2690156053 2769426583 1155976080 
3244805172  511770866 3249481596  778315171 4250735357 
2914810329 2043853368 2255958836 1876855473 1517815841 
1337528542 3793475625   63857690 3753579843 4136549596 
2405173667 1734598166 3147031109 2741744616  413972833 
2468632364  853124111 3500585611 4130912802 2475203235 
 984809631 3110417952 2732190672 1955476590 3932089250 
3402752282  998661361 2744640082 1968624483 1962803650 
2680014771  723513485 1550553684 2892285580 1672744996 
 118273975 1354553575 3617682812 3600604485 1894412791 
 213491504  488065357 4008765181 3727926452 1086197722 
2123001302  394969601 2817044208  571948316 2399756049 
 203770064 2432002222 2920787750  357295460 3373979783 
3089619504 3856960320  634301392   73532322  412015682 
 162116498 1906431348 2085399153 1525065394 3754218005 
 794412186  149214538 1040388970 2020624529  449556384 
1672624572 2378574465  842354991 4135896445 2037594991 
1727961333  389823843 3242857378 4215439170  600847839 
 340738903  494785586 3695372357 3116016926 1493779302 
1650366898 2928651145 1102755999 3981753652 2746751000 
1172812955  148636347 3601241904 2894121762 2381374945 
 402282644 4004461572  181696365 4027389596 2443340242 
2928281999 2608939374 2209837450 3052516589 4145372728 
2275319875  926218299 3807518541  172348330 3752910086 
 392344454 2866270187 1890013094 1416671272  387699848 
 603409268   67804198 3459075294 3936506707  506074841 
3975131667   49629885 1368625666 4198999332 1417176242 
2039706145 1624478110 2895454633 1324224619  131729647 
1713147502  811574242 1030544034 2370189436 2653630502 
 951781675 1626847796 3789137925   88489346  625010511 
3967727950 3253521666 4098450617 2589953394 4125859178 
2894941980 1972308759 4040681233  560378720 2497567246 
3836590485 1015211595 2296151476 1221992288 1967423203 
3137789748  819374159 3106940327 2375755803 4044723491 
1796762747 1188342292 1992422946  647068776  734031451 
1468469679 2645478387 1352042188  932935080 1529753062 
2306644356  342235264 3858449010 1925467255  977479303 
3016285677 2024647548 2037844921  202252104  261165603 
4094142691 3112430925 3313072314 1932734373 3062842793 
4145129030 1316318612 1708453538 2487222293 2088001142 
2970467649 2394159044  588768669 2882955809 3709470958 
3051969458 3363199053 1097822694 2836481725  414702468 
1023213138 4198403277  203602472  913481706 1412086260 
2729821182 2138071216 1311560467 3919634750 1134425530 
 903685477 4108568503  408358562 3836438169  986124337 
2740137775 3798841207   41943495 2049357029 3405357065 
3165229593 2176929546 3416980205 1374169495 1635694997 
 369649342 4206011754 3383188404  890083982 2143685736 
1722976617 1381810005 1343276735 1960653190 3182605610 
1430670283 2479614461 1160036987 1606998646  535732741 
4020853783 1250252192 4192211340  976388838 3151865081 
1147458439 3926827205  901740146 2566418978  588459882 
 678440929 1876558242 2590406563 3759245585  815042322 
1251231918 1414650781 3314913265 2627041402 1596254312 
4264794096 2437046089 3311172748  927335669  441600974 
1888340452 1489285998 2363827548 2328625454 3093975688 
2933309327 1740605037 2469393259 1658053986 3700662272 
3498215773 1648402799 3969163687 2424169101 3121568329 
1389765031  511197895 3081673227 2128987092 3088905294 
2815704715 3778053233 1666370707 3362961724 3402296131 
3378665592  128097574  456030698 2590889084 1582530287 
 979372706 2270577356 3409451476 3139190614  559665566 
 526207495  675861259 2516658178 1549353009 2757928843 
2463798224 3488085729 2236493596  578520844 2028631039 
3417388464 2869953457 3180054728  282900785 4235753090 
  66179486 1990600080 3157680785 3050539262 3206350423 
1222517128 2478572260 1467319993 1802521769 2723740124 
2211681329   40486284  437155232  772877012 3562833284 
3864259648 1893193768 1328353528 3458699733  775857683 
1551053972 4268666569 3051813865 1377199456 2231022341 
1145423982 1155047983 2653983487 2332384203 1737248932 
2970943801 1347221438 4155543809 4049783213   67094024 
3677654209 1567513240 3546152161 2729069530  383000676 
2603989064 2063860864 3743069348  468496975 2983371091 
2787800221 1964325724 3251137459 1664198437 1471270184 
2203727672 3502726844  466316619 4104041710 1397465067 
3161409488  941348006 3786806462 3678395415  861919507 
2413758705 1002994037 2808103898  105961522 1517771309 
 570886746 4153325275 4130666892 4174854112 3002455445 
3981916114 4228613489 2963387265 3758366121  977141236 
1641079704 2443979624 1815015313 3311898564 3111572471 
 831127520 1267233485 2418592794 4015192704 2956889445 
1185112100 2524087876  190569434  101618435  598752563 
2591213189 2460405383 2380041403 2551647567 3163217272 
3635256663  976369493 2122986082 1888811345 1722621381 
3463054994 2647687130 1899117529 2176617156  275340960 
2545235277 4203207984 1576409373 2193573148 1808428127 
1412057303 1086258520 1382637073 2757525995 1576539835 
2546854396 1365698131 3439165767 2180369620   35731947 
 729422261 3974532482 3969961007 3376582970 1819532300 
 954034473 3417059085 2818059783 3636297353 3898760888 
 337319306 3576998051  121871713 1846362123 1594627541 
1036696064  313122279 3965272387 2166465167 1349020978 
1352914405 3904550548 1459546008  705407005    8890559 
2523047767 2100387160   55169984 2879631334 1105585451 
2556705723 2056432456 2205683958 2747776488 2789285202 
 460177241  351177284 3463260360 3674601269 4127690172 
2513073204 3505454854 2781454330 4063656991 3281219978 
2512688084 2956286406 1800784697 4062705187 2508220511 
3848687748 2611222256 1449905844 4116043864 3291017916 
2993369099 3919451685 1317586719 1544999162 4044006815 
1883162660 3227666092 2985101114 1513085539   67390724 
 973055758 2727179170 1567037946 1896999853 2803674075 
1055257163 2490718867 3284335438 3152852730 3221393682 
2476295861  611846154  345869262 3255091433 2434214602 
time = 733136
