generated randoms
3847563232 2505025157 3537014298 4010708110  647934084 
1611491815 2440169673  863129421 2592542889 1071004041 
4123713274  708390139 2288493467 3354983685  474187551 
 620352170 1799479050  674936900 1415341837 1415264644 
 729124800 2308242424 1112018190 3258064137 4251279056 
2184543972 2750664714 2947005837 2537891204  382591121 
 880808301 2853399345 1484489280 1443328550 4048479387 
 977601714 1003383110 2703706204  660787013 3958667465 
1051750430  734608790 2259102814 2629773124 2663032305 
3738821773 3767671965 1273084518 2430075243 1832296436 
1585886773 2724151439 1451981766  542264739 1475347731 
3491435869 2334102683 3190714024  687324969  227559565 
 694605899 1925465033  945873236 3739864058 1157350315 
 269769535  330770802  476201303 4279039807 1699971388 
3809905897 1873686026 2861716537 3793591360 4154636910 
3726749398 3307876761 1070065960  517888962 3916981766 
 669781911 4114159380 2579924959 3253487706 3473369265 
 899905887 3983678505 2366984934 2006301886 2074694606 
3021416869  231281389 4010655422 1114297373  272547841 
 914421266 1182080388 1503007740 1209066504 1153376765 
3685819618   94248775  914507159 4021365758 1124534443 
2410024861 2606606808 3508845300 3761958644  577283504 
2497044642 4110956101 2342733492 1606737781 1843838220 
2131337347 2368376221 3846609963   55556795 3206028091 
2785716867  788232088 4189823273 2501454968 1627657604 
2427022226 2458252761 3833702228 4157422475 2845161711 
1785928187 1420898967 2429597554  554401630 3331200696 
 494378863  346103064  921886917  462314633  275663822 
1640252236 3891229783 2221579399 2288083154 1645816388 
1256968027  792294167 3362558630 2547983252 3557066927 
4045655202 1715576464    2826293 1944959288 1380378089 
1830488872 2294693284 2761568960 2249096182 1548176302 
4108444689 3323403131 1176280930 2653072664 3458322555 
 579007410 2770824014   84536571 2986548034 2289133339 
2768301808 1739634929 3160226113 2078451574 1343733480 
 294100192 1781884461 3172070823  526205301 4196999232 
 186232207 3794391390  170221230 3323518276 3486717538 
3220312709  493362511  148838669 4054300961 2640865618 
 839806711 1571082995 2508115813 1102770103 3064578903 
3165796766 1068228521  492865255 2302777745 2814050032 
   3716906  211585262 2543819546 3840450610 2852568386 
3922152269 3427471040   68541582 4024019232 2206706752 
2798790696 3006355910 2681064519 1688516811 1734898256 
2322517894 3007101337 2303073918 3710942698 4004322251 
1738837576 4031216620 2753965290 3781030098 4042180683 
1186653661 2890769665 3720291965 1947771722 2316018167 
3309498870 3877102091 2059742643 3214713067  917019296 
1298824046 3682426351 1527014799  418843533   95320635 
1893794850 3726787575 4201930559 2230999253  676934984 
3908579331  235544045 1420589451 2914476459 1771455633 
 188476757 2895799581 4034950816  171350168  193614244 
 762902010 1546546365 3881513262 1090216831 2322959885 
1389371355 1697026598 1152784094  475063483 3679596388 
 488538481 2361406655 3628571959 2352881639 1756324752 
3706432669 4181145469 1667947396 2953216940  985709563 
2252114905  633973673 4145486157  559198453  881950672 
2421377205 2852587811 2597831842  214710966  937552246 
3914341780 2867448145 1045178805 4115829370 1868386182 
2279572257 1169389015 1834324201 1113385367  305827898 
1421747381 3313235515 2556860569 1987978812 1050739965 
 950131671 1194821680  543502087 3571990213 2247339703 
3583441578 2976128101 2572994382 2430895310 3875468212 
1736463134  386668585  617074994  463152570 1692618614 
1849483020 2682229969 4168518164 3944341863 2136734000 
3714822989 1499501907  167465581 3465794981  784629654 
2628854173 1440776267 3042418079  783674896 1014000560 
4135463839 4202857372  375344900 3042494545  522720272 
1728771838 3637510833 1348487098 2807483146  110200847 
4143754962 1491158723 3759738217  326301735 2885321895 
 182399181 1579428282 4141345286 3025360407 1003408789 
1093904832 2188469311  554260512 1687469244 1515952140 
 336645451 3429782477 3294310989 2993442323  139068726 
3481861934  816556952 2361902395 2707681263  578185752 
 466458638  133625508 1875742568 1640616070 3865119113 
3932124705 3247208360 1818597539 2490662973 1389200435 
4061356559 3187082615 2157236391 4156103217 3086626830 
 175013069 1876150634 4214435337 3373360308   79256323 
1111059266 3200548346 1989308726 3760479696  169348261 
2057768990 3280110390   39665668 3249467752   92731962 
1389359584 2984322418 1825247819 3323041870 2790522170 
2893384350  172391096 2982160833 1830854871 2413824597 
3635432492 3277882415 3440162551 1742915054  734735165 
3947149269 3507763853 2184640968 3564325752  786270511 
 265386318 1739200682 1671562346  532832013 3398550409 
 309069636 2679167620 1805613013 3391625314  288354861 
2747747931 2276891000 3736472960 1714633544  954852163 
3294780255 2262544719  138535022  256199851 2352923645 
1550586341  224383767 1675837215  983755357 3487336135 
2737306493 3561457614 1473213472 3819968905 3712179198 
3591164547 2978909404  722403844 3396072461 3392548444 
 394830430  550663978 2993745238 4062588699 1847356055 
 161055272  791920838 2021869874  952388161 2612155172 
1796655570 2566094855  320228440 1317603918 3823166796 
2053724371 3559821914 2845238207 1690167844 1221045796 
 729249222  247061788 3500648427 1724332898 1277796457 
2634738849 2546919295 3484683698 1683292233  655518861 
 705920726 3097915148 1647818239 2534141042 1475755447 
3122341515 1133483893 4135073421 3898479638 1190769166 
 307549386 3045088503 2000170466 2736025502 3458070295 
 257640012 3458406863   35924189 3802152775  296295483 
2968889300 3384830856 3932984326 2590355218 3278534004 
3152052653 3168927829 2312233320 2216071672  122850380 
 703876236 2385701434 2450828107 2208663500 1412123428 
2877565576 2206575353 3742738270 1959334497 3547645741 
3036180857 4182586705  852006633 1163643940 4034927697 
2292103427 1575563952 2424164945 3750349841 2938475844 
3528828708  967815299 2510381572 2755822249 1305516882 
3854243884 2437944516  754849669 2847551590 3277175795 
 379965275   58956993 1757401373 2683864829 2898654129 
2142936708 1585662565 2755436264 4231711667 3906781616 
  94291898 3497182346 2082770300 2881539683 3282273533 
3584882677 3546185548 1500515608  139795127 1588593620 
2911207304 1773304340  951426894 4040638514 3999871614 
 542859383 3864972401 1317908379 4026624445  793833392 
 947832034 2902738072 1109521414 1739494508 4045057837 
2920204183  997489589 4017760380 3482464943 1199633466 
 233783447 4145338198 3024952623 2748331766  482268225 
3292857264 1826863497 2706575274  289248913  425796083 
1505019908   77486611 1104070356 2732595283  937130498 
4035077655 1032587417 2501036522  333649583 2410339672 
 818081042 4034957945  862849327 2584785380  546456385 
1679962653 4262842293  696793079 3807927900  634276307 
 618204701  734268266  228332493 1534506131 1322411474 
2485349757 3057755025 2638899029 2847399761 1611442824 
2444090745 4144996401 1590466872 1998216453  186987372 
2716972264  748201966 1336388657 3958742207 1037913096 
3452923896 3441370660 3932951450  188688570 1421445195 
 726695993 1845933328 3755390613 3048727809    3895310 
3702928182 1997748833  880636034 2847152860 2379304124 
 670043464 4017940235 3813792686 2818795422 1484953380 
1355215022 1711226846 2482494347 1859147874 2048494137 
3273955596 3563478312 1842729316  269014967 2333491164 
2453130310 2112806067 2632170830 3030895325 2278139609 
4150222781 3791871110 4106488305  966029411  466073574 
4272994926 3836028841  456868908  211883666 2973065365 
 794988426 2893310328 2994132222 2215115586 3187666274 
3837924341 2306379104 4230573966 3866845411 1230063511 
2965648311  574977595 1754391883 2551023723 2979332740 
 201153038 1600119178 1296787673 3967921623 3306653546 
3296482805 1722034735 3656237500 3124084247 1797989309 
 723865275 2217205967 1557629624 2114960694  425992135 
3331341553  386156566 2452499745 2750765654  787694415 
3683211215  816601470 2647361169 3998987358  713149503 
3279161306 2337191672 2522242135 1893861907 3826938551 
2402479687 1679665899  514341355 1000424608 4013738514 
1895115928  124608970 2441585655 3726018848 2137870986 
2470324275 3012999346 2906139895 2957218057  260756108 
1414017539 3759770449 3343731178 2712036956 2374878250 
2029507937 3323293733 4000709905  158294791  652754453 
3717883170 1949982545  722037434 1285544318 3009495606 
2862576388 4202833640 2594679977  284816278 3898843188 
2402041492 2331362343 3738688456 2366642689 1113922896 
1582900973 3011486056 3417369411 1162407622 3981368458 
 324108657 3216298612  430214334  214919293 3739931154 
 284111164 1857500417  437157337 3762523147 3521181141 
2730282383 3635860194 3863923189 1555105780 1796691440 
2946766195  146266878 2508961887 1250809819 3119634595 
1846975031  472922505 1274342051 3231185922 1157620304 
 697545166 2714395255 1122742342  225151912 1917296998 
3198868568 1725904110 2683579876  247948144  881373965 
2013352407 1736796630 3101305528 3282410100 3803478488 
3402657644 1316109580 3698811011 1147733597  191105393 
2308616878 1346584735  893460851 1150781474 4274892718 
2382826808 1000760421 1538896131  615837906 1457048549 
 272481359 1488222121 1490976802 1767449025 1629841100 
3587794516 2900153461 1054326720 3672668218 2725243013 
3361616371 2582858679 2544267037   33686768  276889714 
3655323774 3981320966  717797346 2424236442 2303070557 
3918923977 2045175956 1145725104 2978987866  375921217 
4239117712 3575365105 1776527239  745225335  332648616 
  87076015 2914789638 1971753804 3592376352 1195404131 
2429497848 2001231988 3661375384 1963759106 3719157439 
4001426407 2613555500  677035084 1229101822  366872672 
1308019740 3747356583 3792628666 4133561883    1569609 
2612835527 1536889509 2599931332 2419957969 1558690784 
 194468047 2077130130 2806310724 3861683148 1977029050 
1001429493 4191753156  601876528 1921839181 3472171206 
1523062826 2713183373  351393648 1541737952  113115907 
2318870055   55011287 2231434800    1163063 2782320668 
2256919067 3013847148  238316429 1106413513  830989468 
1077631001 4051614110 2177610931 3015699854 2891329668 
  78450485 3491688527  722009471 2132730220  852626955 
3186312374 1135395147 1997568579 3264894513 2368565199 
2184572451  914049824 1103244796 2722697247   22352715 
 996340888 3463543839 1171680145 3235191946  644584175 
 891449490  456251160 3667598997 2629286297 2738882394 
1071081028 1925903768 1916901166 1703001101 1709032729 
3472718575 1413069541 4149403333   33256171 3108966176 
 148185750 4079479065  131061695  713115256 2151450490 
2752536013  603880801 3711451896 2406601770 1174702213 
4060539217  918833031 1079549405 1345200253  981391107 
  98516172  239162824 3327417852 3055778392 3804686568 
 106016138 2216297459 3299384103  445271652 3888227850 
1513745073 4243168959 3959300579  580075484  878479169 
 738380591 3922306095 1005918093  840771956  127396210 
1853929038 3312279228 2534973412 1039053722 1291523234 
2353302342  284104259 2038397155 1594828052 3903317064 
2855599053 3741119177  714601674 4187461888 3050521228 
2685435338 2232773703  429585186 4250771580 1097285375 
2488209336 2938316433 1797813012 1632292197  777451505 
BURST:400 ms and 99840000 randoms = 0.401 ms per 100000000randoms
SEQUE:1041 ms and 99840000 randoms = 1.043 ms per 100000000randoms
