generated randoms
2172344563 1025598086  997790462  161111227 4222641689 
 282188119 3589316309 2261895836 2602053343  509691807 
1426162140 1587412026 3784091071 3027340415  445766212 
1690232966  503953602 2671827920  463661242 2198965528 
1183875756 3176450299  181325309 1474447952 3447720684 
2901246138 2157186372 4177983294 2072444008 2252552372 
1101316071 3189703360 1458860515 3279466606  157489913 
3036585996 1024286100  456462273 1442360434 2564245972 
2507931174 4157995927  839923177 1541578909 2410107328 
3461476499 3740939142 3014942091 1291009886   39339242 
1841926820  897427564 2999161417  301856624 3170767217 
 576527765 2092847340 2537535750 2868430513  156799645 
 999759608 1439628009  434899952 4029175787 2282522464 
1605242067 1184866363  729219378  704943489 1371028276 
1797528260  503542351 1678677613  924844051 4285254130 
  27540453 3352164446 3373555387 2593124026 2355024562 
3002079181 2893724959 1066747150 1579339319 1825705891 
2593462910 3971049574  390385439 2072113279 1712757942 
 921432121 2920412155 1472223057 2588212225  487038542 
2579393534 3331153597 1930046655 2418836530 2898280184 
3697205896 3772388691 2894579769 3185571871 1911656298 
2654273011 2106188792  444607451   84955086 1742853398 
2558633933 3682208223 3246310233 4009600703 4170605457 
3518180453  424688970 1870833525 1065791747 3871275388 
   2340966 3823056320  336826167 3031988399  394253387 
2692620523  262485200 4198808112 4219619528 2031312787 
 252068615 1060579930 3077725917 3949825345 1581565308 
2778422754  478952773 2021699934 2949576774 2592084531 
 204589765 3123709867 4259539379 2760114718 1468271660 
2586969876 2202348214 2446761976 1704221497 4189307434 
3195603472 3667239976 1323844170 2403581120 4042816738 
 178193413 1381719023 1091254599 3575989544  413011605 
2763522848 3587887977 1255110781  352068131   45964923 
4060529095  662187186 2163787242  882782811 2388523772 
1119419105 2978232578 1972133457 2942520129 1802611112 
 128675088  691074978 2585173332 1007582843 3865735573 
1204995097 4220984444 2973478798 2538729525 4089363570 
1995130614 1118027239 1472433085 2281082017  181398055 
3985648490 2437641427 2420877701 1939972096 3280319416 
3228121483 3588232781 2539743053  514068187  129061945 
 905124726 2196211464 3139522420 1013922011 2389186479 
  38956878 1970875844 3346580992  174007589  846533236 
3069295061  185023614 2760793502 3782999405 2565363624 
2371892354 2037128567  351018338 2839764316 1125376538 
3403534071 2657958066  583048820 4114105976 1907531458 
3612927696 2426740131  700937147 1142382424 1834719676 
2922751618  275230529 3861090004 3281104166  841594666 
3567560661 1958512275 2908634003 2343539779  392413164 
 532159383 1932514188  729263548 3018731341 3576645755 
 252360399 3858833392 4244562422  389650092 2553707911 
1374375649   67597835 4071107011  810057483 3750006530 
2816951366 3689682756 3260178908 2646405820 2069536798 
3805136030 2677037255 1507605072  265259220 2292217115 
4070937039 1472799348 2536266881 1896385973  954483338 
2850228354 2361869066 2206488986 3122636811 1703212941 
1739668282 2545484439 4265709006 4007194035 2159623813 
2114946907  325907418 3790326476 2146776289 3730581877 
 898761004 3129028978 4130207721 3089810704  170102067 
3980755166 2789712551 2975706764 2835375982  218862147 
4214383984  908607109 1204053503    2566543 3748099030 
3100483226 2643155787  449517282 1412607876 2908021683 
3685494744 4247024055 2158967270 3200382082 2778594755 
1341182217 1795622698 3954122317 2545544925 1333589488 
 310678310 3173561479  131530227 2767370352 2690972898 
 270175101 1075100305 3464557239 3698389495  655715084 
1810636560 2024971254 1344594211 2586655876 2383092826 
1241660105  639156128 1780884001 3999618240 2407268314 
 114763544  917600899 3268505786 3074446826 2297923234 
1163318520 1105508650 1514213531 2453140425 2817291417 
3054683599  194196006 2131183459 2138586548 2671803090 
2290347172 2106684339 1838958723 3835220735 1320215966 
4094101152  926892621 4205180376 1891230161 2140308884 
3122062640 3834784455 1366776937 3045536738 2765271971 
3262363931 3401937436 3812839614 1520120460  404525110 
3126457454 1615180070 3497292968 3716222359 1427958923 
2272337480 2465461579 4173734534  647484459 2320097548 
2926583824  398407821 1208666450 3137921984 1254120225 
1739711516 2132868669 3739583354  948988430 2059908645 
2544717845 3189458562 2536837110 2227226542 2652023614 
1521078751  692240311 1547270525 2767086460 1190705285 
1839583807 2293137308 4182011103 3152501791 3946645257 
3461706424 1573413654 2922523257 2976674412   66051991 
1610333593  426241373 1606720797 1121420535 1921543456 
3438096376 2890885427 2436883454 1693408389 2295660293 
2681674338 1460198199  790750261 3365174771 1348265029 
3905747408  353832517  932837439 1104161994 3252534947 
2361100719 1631142553 3509332036  829551589 1013539846 
1052283815  912231553 3109303970  849749029 2604496525 
2374814127 3042194623  654091832 2528567653 2263212788 
1778677539 1104540032 1493101263  241843383 3965387485 
3093128716 3243310734 2238964324 3792821995 3884690666 
4209048224  516075954 1181806336 3913408245 1948772304 
1091634920  745531307 2896106361 4068813833 2206471184 
1540031457 3764386443  176717517 2223060825  737607268 
3865261736 3686017158  241444388 3531147300  478610362 
2700846037 2376479648  985043046  320585459 1764597323 
4285212086 3253950698 1371989247 1313624592 3500411000 
1752341126 1707367408 3503103372 1109231446 2417849360 
3501473370 2857670901 1673960858 1937871116 3471043922 
 441283117 1900274604 2274481114 1100294231 2926189215 
 895628174 3649611653 2318356154 3926933945 3891644054 
 861763113 3541889467  229131550 3762613011  910510108 
3914537690   95103073  982299301 1277699838  786226913 
 895616600  535465126  406748494 4294272690 2054569492 
 552540103  744889333 2091731845 3320653357 1110524009 
1200559208  257898948 1733923049 3989218389  553305413 
 408509184  962593819   74506457 1269226943 2309779737 
3452585991 2681914025 3572199547 3654223515 1119377646 
3086683161 2060514131 3075956497 3359415263 2301717048 
 167588037  429396441 1161794836  786535133 3682015413 
1380472342  497262247   88501051 4202423904 1512824991 
 232598958   70787917 1185609534 3225159262 1824567322 
4241407730  177544900 3724979297 2470989388 3881048527 
2622251612  932320519 2124843903 1367735356   69025760 
3570937207 2456735966 2140720921  604182057 4185216062 
 588306675 1254293322 3516565761 2935775518 2013954705 
1766556380 1780202882 2636219637 2293560076 1372716702 
2842226365    6547485  261863550 2245582557  566100942 
 714564692  636671007 4249519260 1811856864 1930409215 
2235086260   16735010 3896677924 1358235517  805533030 
3514030604 1643445575 2384191445 1530127759  768105315 
1544864531 3710394875 2740495301 2763622583 2978151587 
3862199811 2438308653 4230282774 2959444285 1721567678 
3745422841 4099737678 2393786516 2661043956 1255745280 
3381875553 1100518185 3369156963 3912880845  611219894 
 849137482 3748248430  216480193 1825850309  453422641 
3848907340 1810797906   61308568 2968877371  439607008 
2340677864  350702560 2154599798 3347840524 2277225710 
 871448065 2833286323 3044883164 3614367754 1391213267 
3677131085  727056104 3089532692 4068334641 1377219770 
2536532414 2070373561 1275006811 1419915345 3192739175 
 454019467 4007923017 3470595541 2944427883  583193335 
2574746826 3401869912  632644010  657882321 3999752396 
1289617270 3872943056 1681054528 2101171372 3232992654 
2674773436 2966340314  581350894 3373948462 2509615785 
 387888547  378689475 1036122812 2170763966  852044366 
2599703446   68774960 2467550822  931729632 3867694189 
 480660483 2003945176  150341331 2622087301 2283773347 
 240456488 4182559494 3986224903 3618621489 1962869427 
 748955118  659805980 1036010789 2696134644 1484852032 
1004617975 1167909720 3935815290 3176574747 3313017390 
3837039773 4046810141 3369810970  279241971  921606203 
3196163145 1722759609 1640697540   40201464 2521534292 
3289776851  483160572 4052629960 3938196215 1377775947 
1126122362  664258107  410139262 1531170341 1987378964 
1197496307  893152739 3570403912 3296628959 2489864150 
 533441573 2020448917 3345766373 2548100480 2390621319 
2560577046 4284604894 4249062817  718977856 1586272258 
2816617030 2502899243  119386608 2824250794 3231190652 
4095246969 1693532044 4233311872   80797632  511603847 
 320256420 3423391398 2233158289 3713266181 3188856905 
 251919829 4056304482 3836915342 1342650503  327996973 
1528053434 3861960217 1351457564 2399887610 4130725556 
2593055998 3043172707 3003274905 1868169620 3845606843 
2597869669  748429657 2095974981 2152742234 3674839109 
3564210632 2350684355 1029579048 1866514454  200569629 
 336581882 1802801608 3710838783 1813846819 2743437108 
2350016323 4221132448 2472128913 1481748877 3475191634 
2707095466 1469950704 4100791899 1065426686 1261583580 
2452976747 3134045920 2392293632 2932910179  438022795 
 382920653  305118627 2946902009 3806148691 1103794977 
 327070016  802003906 3318245705 2198630761 4274029778 
2090828286 2800093296 3561374195 3146723616 1744019000 
1124524408 4113528924 3610355468 1095739362 2939921336 
 766793438 2588848606 2587072062 2668052125 1669303832 
3270254089  701516482 2785334055 3749708829 2698357169 
 882107580 2742816832 2988831217 2884490641 3098156556 
2146639364    7206481 2564675432  715066559 2098544955 
3103719866  533833504 1796764429 2266661569 3008031614 
2289292699 3464091958 1239212118 1648222373  154460906 
 888606202 3583046941 2372546023 3750842548  873698341 
3406331954 2127304960  716500122 1371031292 3902771986 
 465126891  638785877 1321211366 3372010001  264184554 
2235518185 1846793783 4168861458  141260403 2792249657 
 783525925  574206584 1650583730 3013002066 1252280328 
 474334827 2278787495 2906734967 2140418684  928139565 
2320916183 1790729800 2178950575 3313038490 1723289278 
1821055912 1790801947 3722607135 3200630357   35236702 
 329348693 3740600100 2958090506 3130503711 1939941408 
 289398694  154605505 1364817505  535694446 1355661957 
4011283113 1950591890 2204861643 1415150800 3181816825 
1920589147 3069438711 3773930673  703395815 1285057440 
3410978889  464089693 1384170035 2777630274 1140292318 
 711881736 2633529715  853192364 1531138816  610286077 
1958401356 1092222734 1334047226  726164565  932741820 
1879031258  309166718 4090921199 2770412083 1059566020 
1123868448 1937015779 2319451127 2482403878 2546608474 
2161061629 2418277309 2217013367 2520793916 3708373135 
1059846667 2450995262 2944378574 4271713663  439038262 
1008289031 1293272964 1523175934 4096200762 4180909341 
2655905176 1264818202 1811308711 3671068845  819430065 
  10014940  383012812 1080578994 1703316438 2679566968 
4025150371 1829258915 3702157811 3376400071  997167430 
 923946313 3212406030 1625177124 4208303785 3586625873 
4105095461 3914390279 1656425287 2515572385 3102452269 
1977628880 3265664626 1452141949 1532294658  412150814 
 828314473  666154514 2556728903 1825074641 1544066789 
3349736051 2479660460  921041228 3775637224  112371154 
 491919322 1292544969  538479124 2061279048 2474454063 
2459937270 1184660087 3315052982 2819217602 3394278126 
34513 tick and 9984 randoms = 28.93 randoms per 100tick
123671 tick and 9984 randoms = 8.07 randoms per 100tick
