generated randoms
2603875646 3305544364 3961286317 3822751524 2142460159 
3382973642 1892832622 2076148059 4174912554  233620584 
1569022775 1494398694 1467122423 3808682268 3901265751 
1431160796 2832593127 2206701252  283595852  318450250 
3971021465 1318278766 1932413799  936138914 3242563513 
1739100404 2168276512 1654129114 2316716337 3330190779 
3347563935 3344657544 2048624927 2812782463 3162587037 
1483514008 3562368777 1742573187  477382081 4284464746 
2546600426 1216957509 2002466823  319393456 1392300621 
3807926115 1212799793 3414673062 1632389345 4023671431 
1210114101 2644059819 2134259802 3174880801 1050545717 
2334461225 2386485564 1027623159 3557317900 2830759999 
 165212904 3651253049 2545540794 1789645357 3782990184 
2193447093  579252902  372682802 2451214359 1420467879 
1222226780  602511971  326738413 2869141112 1254836106 
3034442667 4244830065  411541917 3975294796 1073073793 
3690675420  452241440 3350035846  620555628 2778485925 
3478929012  450889629 4113856574 2105139342 1263989337 
1034582505 2302755097 2639782335 3881892333 2333854607 
3554678062 3377405513 1737401721 1003365286  325277374 
 986238927 3541374708 3016757240  492904305 3207214646 
1691688666 3055646465 1983078080 1477467784  238069625 
2636710974 1890815214  596587199 2777794722 3664479647 
3712265913 1274590963 4171153550  391904220 3884469973 
2036772545  797912376 1159437030 3233238526 1786797741 
 967833503 2485362251 3276227020 3637729506 3898449016 
1144512862  662086750 2213139796 4052362433 3363415762 
1575667058 1066207318 1030014689  309249055 2076123392 
1080356557  503390136  295490549  513815048 1726404038 
  78666209 1609256043  585995295 3205168145 3568095437 
1483914249 1049242052 2091259300 2913994274 1111105367 
 943975987 2536178478 1268082544  804388103 3873464671 
 821651586 1507231209 2707828300  641010609  919858911 
1283672666 3780768629   77974501 1216954765 3979603963 
4141358467 2159673062 2412240269  176149184 2246000724 
1074659562 1277191166 3194087621 1542847718  473390310 
 445085261 3327411316 3454063110 1567851717 3753329884 
 402092153 2305307709 1931021382 1543041417  153667910 
3248124919 3814784521 4017630866 1518984008 1250290308 
1496491983 3640491199 2740824653 2354437518 2380933092 
3689424236  927827272 3160582793  679077738 2992914623 
1354673756 3172221970  834379756 3141151367  161851859 
2572307596 2485858967 1645495018  135399985 2070079193 
 504545018 3188250559   47385962 2296405936  319669363 
 738705374 2889049723  968814033 1619606066 1267279869 
2418612585 1928912696  504475190 2727293796 3697552773 
  29009759 2661255738  810417175 3934533790 2772968756 
2692385372 1301804702 1687363464  373061835 3485384439 
 251336458   38677162 3633606982  774123025 3881673374 
3407810048  781382638 2429023891  571324506 1761234938 
2888829012 2973464414 1369904905 1650825971 3927742551 
3529926366 1840762650 2912258539 1663780662  750146687 
 867659554 2223376226  255173766 3075085327 1158099184 
1386518366 1775261250 2068501775 2008487421 1120438401 
1309752128 1366355649 1144996024 2586063395 3685643522 
1134298671 2823200515 1722442924 3532841731 2597897955 
3343322664 2271203956 3557283842 2202790895  367202622 
1248400159  795012714 1539019745 2466969143 2156616244 
 139765168 2275434189 2767210040 3433525562 3388002255 
2236388173 1104760214    4171218 3001870021 1531983523 
 166602082 1805422180  395463875 1507654257  189788635 
1465773205 2173400980 1280761286  220475177 2232680714 
 554087102 3787311169 2853974455   73585709  202384044 
3869838926 3088658043 1743490004   78967756 2672139112 
2143405500  134381645  185090155 2606584546 3029383981 
2014489556 1115813493 2734945797 2402897721  705508830 
1740936741 1226286620 3484702397 2012108192 3973905207 
1705466772 1811834225 3936338289 4191519543  277515129 
3192445271 3533981371 3781529251 4039614588  657813344 
2805287685 2190415956 2392310291 4138513587 3869165906 
1116841772 2537248911 3779844351 3881002186 2398555933 
2862372574 2989795290 2338272383 2433704139 3794215157 
 484983946 2870912659 3329899995 4113942682 3926031910 
3794653566 2201546761 4070823937 2274398039 3677661767 
1573389494  475865736 2347142650 1172086291 1138489065 
3780054788 3110438766 1300290171 2000500175 2662184006 
 154873632 2176428069 3684581459 1449150263  717031319 
2036675563  605278201 1237565504 1046906582 2617954872 
2579859923   48129488 1717173814 2808768146  850995045 
1307373194 3565590662 1802550638 3224758864 3613544522 
4122024023 1701577633 3798769024  979701181 1394119669 
3352256822 2448348899  360124022 4023593365 2727087989 
1185209983 4129349558 1622052647  965306020  282756336 
2798681121 2003193510  691664418 4180381193 2170580145 
2266458661 1834140106 3295536146  304693951  725363161 
3443569099 2225168648  589980876 4070808206 2202634382 
1019513114 1017395631 2139951760 1111395720  264842530 
1369524167 1563395615 1943927183 2629602659 1810869082 
1188960583  535447882 3094218047 2235793503 4275430651 
 965013825  987929038 2542822629 3592607701 3305476441 
1086560847 2737471442 3476101513 2171972689  547574265 
 558463648 1646622500 2960162252 2562269777 2380173163 
3005892294 2664532521 1676261765 2528920074 3424446425 
3788881917 3378334562 3186174845 4010956456 2614358511 
 475899707 2165165593 3015373106  411771871 1974152648 
2842881065  622496456 1400632751  225019738  230533228 
3435449584  755348860 2201313776 1259037173 3373676752 
4019980775 2355600175 2790060595 1944604167 1150184941 
3517053130  890780874 3504028155 3394278876 1596961895 
2585965368 3116367168  942697886 3124432698 2892119563 
1093549805 3895327350 2789071845 1369360075 3077823225 
1737290489 2254979514  911116892  403543821 2496993988 
4168974691 2404060582 2792285039 1339846299 2145102485 
1463766010 1198664581 3557640129  148140776 2816492773 
 506479662  299438330 3890070822 3304085534 1275250618 
1465649362 2803488416 3935827116 2322154616 1831977244 
 780458122  196726533 2876219357 2402941164 1203933714 
 414162418 1654364821 1370664149   26019378 2835858998 
 751009349 3363954350  976406081 1811480201 1174491452 
1956176712  498308199 3464399920  591335009 2191787094 
1353438895   84287918 2336802652  178993831 1527548163 
 787844655 2388142965 2798570051 1108574236 2602344736 
2705244566 1676607592 2300671922 3074378765 1207184418 
3545012037  977751161 3476051199 3377618493 2098771714 
1615473070 3877083509 2192418815    9935082  702753693 
2092226550 2581017229 3800611017 1024959889 3492633742 
  91986771 2395151536 1973847311 2878456269 1043212987 
 679864568 2153275838 2459552862  725156498 3711681715 
3626319620 3659629374  573112979  293521932 3860268023 
3140467042 4040221706 2284012109 2528261213  456250891 
3420470388 3693691259 1507410140 1426182839 3716804159 
 250154312  329963341 2879601437 1784912658 3051402979 
2497120042 3836548192 2972590685 4055373804  486501803 
2667073828 2904873620  121015139 1040764104 3662913869 
1689304221  605000640 3683690359 3554941568 1915305198 
 956666098 3095455716  393329940  713507506  810140486 
 841029272 4009339903 1879000267  630339647 3681830407 
2209830654  210673282 4226242383 2518245749 3020327037 
2136395985 2463229776 3768782682 3725568212 2355659643 
3049461499 4194618715 4286490660 1184387309 3355464614 
 981179103 3652423241  507233842 4185978032 4293230217 
1512247301 1520593636 2298371564 3920388958  750716564 
2640612649 3965284821 4136333615 2724822913  206869054 
1184861584 3191428009 1687850119  713707817 1971782368 
2401024816 1065578292 1027325100  165798384 1863211333 
2299825494 3626153699 3356624415 2802785916 4096187567 
 263010321 2901085498  936882818 1548602734  430758141 
2346903649 1787660070 3017983724  354235903 2043670841 
4237745340 2288850291 4187275706 4153267568 2241680746 
2285350667  785355605 1826653347 2784329728 2181241486 
4130479330 4101090651 3319646586  515763141 3207178678 
 291627518 2212099354 2644376488 1467677773 3861106877 
2005717361  225879178 4267525765 3016738026 2010312747 
 721673766  287810283  278082652 4268330543 3219827462 
1395500749 1200214343 2678363384 2548282506 3399383747 
1410320293 1999672003 1293798666 3144163618 1767847423 
3943736939 1622843487 1247696681 2554459679  267698600 
3137724757 1383808932  563493759  258026433 3067778542 
 560268282 1120179181  507592311 3629195698 2325169652 
2645276754  444185076 1028425738 2502131021  134915043 
2641412045 4107211608 1769570162 3079403551 1383759477 
1964270425  671012340 3508326424 1007666430  464647435 
3114337088  927124135  408490647 3365872351 1756265612 
3648314346 3361924718 3112457345 2103824793 2204275655 
1824015214  806411895 2135014075 3064603596  784715554 
3864729739 2614744540 2604213698  966185092 1726594343 
 124826687 1780062909 3851173868 1415462819 1953674718 
4048783739   16837272  646891904 3177242684 2253340631 
2274744710 1547961811 2170406874 4267836003  811831446 
4059997917 1296389805 3608551372  972309555 1555553644 
2112659679 3822030407 2930230196  125125249  578873392 
2059715274  952772117 3790230760 2982541793 3937096133 
3583547186 3578112934  266773903 2671585343  588190584 
3246015405 3146097634 3756796564 2472108948 2475521674 
2211137187 3603081708 2716311714 2303261553 2761857443 
3684260843 2054599141 1615979760 1479645782 3805032813 
2636009494 4094901148 3020451532 3714635627 2182427325 
1097687806 3774583242 2465077755 3833967021 3999988129 
 624690386 3108068659 3162952639 2284832715 1742445949 
1764828328 2058330675 4167034345 1184957719 4276739285 
 575129547 3579036978  307978460  568193282 2683556455 
 533750530 1673288051  984469621 4173906754 1629752270 
1095908811 3631297956 3661006611 4225646949 3699966700 
3749350958 1675408321 1344768356 1680958619 2943756871 
2586304030 2699718813 4046912008 2239646833 1350853308 
3617314526 4144219959 2844253302  140640975 2854158470 
3142205880 2796874586 4073653552 1934208247 2149196001 
3620685353  854453348  540939790 2299300403 4001748563 
1518452903 1348534326 2097687818 2141235539 2366175191 
2993995093 1097241799 1842788028  794919327 1807900831 
2767987299 2448399557 2429372767 2998564076 2351398447 
3059831106  219470458 3686596318 4176149149 3677741473 
3390042089 3245477328   14940675 4106511845 2373903486 
1192454703 1828533026 2802916803 3344461100  343706563 
1742234496 2893595820  140074116 1258364420 3628392881 
2886207630 3807999078  540195930 1005710237  128718775 
1708279194 2466712181 3527857423 3190700267 1305613420 
 311598594 2120165281 1560500646 3354182230 1261210252 
2198835917 3438584003 1839203889 4028424844 4229741891 
1768505312 3474083793 1774964875 2990391677 2487338179 
 191997062 1960770569 1996371653  171995798 4198868800 
 970577233 4005002205   87261331 4010826336 1163788235 
2247480376 1839380520 1380228394 1479391867 4141606001 
 551623141   50988215  229943942 3594923470 3292469424 
 361778916 4221309047 4064318260  861521329 3506922972 
 207801254 1055484202 1328613901  270337233  472217976 
 381578234 1273535504 4144584529 3617147478 4245375046 
 540270740 2255684236 1754267963 3580007868  829356374 
2077365578 2705209937 3696725592  439555351 4134138251 
 231178508 2085260194 3207413876 1535955741 3010410802 

84863 tick and 624000 randoms = 7.35 randoms per 1tick
