generated randoms
3634142710 3267984006  770704475  775769187 3189152799 
2927392639   23238458 2448375570 2511698030 4122630592 
3071372729 1917877525 3467797820 3427433657 2726354751 
1666168110 2519456444 3785630168 1419017330 2413574954 
3821682652 2758561647  966361600 1938961574 3370061185 
 627852845   62826109 1699102666 3589247183 1189933980 
 505670728 1270615322 1045886516  489895690 2111239941 
2671653683 2357708677 1136322559  748864042 4067274897 
4098289312 2823167285 1981614896  830705861 3048201123 
1160120457 3520912316 2771546764 4146230168  649270648 
2163107604    9741987 1348920374 3371205613 1237228723 
2074448682 1415073869 3698446520 1607928685 3506735822 
1491703040  372483138 4168225900 2324228346 1610688217 
1256379119 1170698808 1989740137 1723458470 1819213315 
1564414421 2249698440  479741824  252749960  427048689 
2052612352   39740926  958644994 3001627184 1134746882 
1605384150 3594958624 2926133937  367008968  680542010 
 964570965  396353573 3849179815 1536768191 4060791152 
2120541749 3617046934 3802809804 1092867732 4035683430 
 419234600 3559784517 3042646484 2895623603 2097874281 
1747583252 1077495266 1991325014 2384976352 2575398251 
1841280719 2742955921 3985914185 1917272447 4257946232 
2008560558 3645694657   72152010  604225874 1796710438 
3423849947 2349497125 1580188917 3412031286 3793240937 
1573043104 2012569722  927176232 1397598146 3873825136 
 757429147  844308244 2959789216  352054542 1429359059 
3027700786 3626109566 2354810799 2229895639 3396529218 
2761068719 3616308743 2645471038 2256596707  269660175 
 956702466  446232746  561312265 2728234577 1087808224 
3485586170 3759351499  660401261  429573397 3640040385 
3664144539 1813789283 4180383799 1069064090 4129612810 
3518545353 2694579290 1985168026 2419662410  134240467 
1278503363 2022356665 2451822863 4217476407   48587267 
 263006137 2107965757 3557670772  960706149  936033475 
 734565281  729534003 2331648893 3183633543 3115351231 
2118775232 3849855757 2558386188 4194878219 1638792877 
3542359492  968733030 3178075222 4194608968 1902172591 
3736747185  550591018 4227932498 2566893706  817620761 
4081413784 3457801588 2146825911  588311470 3567342784 
  38162218 2459451417 1418435017 1889125754  253067516 
1083883481 2507497688 1888079405  475461079 1574521864 
1865132679 2270906052 3215570781 3042267502 3154749770 
2371484422  489540228 3209899507 1513112058 3329921015 
1477329853 3800419309 4204561571 1780811173 1317839212 
3249948839 1670944321 1314098607 3580647681 1049109226 
2627094978 2898294554 2589508540 3654587452  665479754 
3707827020 1700287418 1638356609 2588970185  699317364 
2280195071 1008477149 1221187342  934552476 2237766227 
 216698258 3058011751   98853745 1723974428 3163683441 
 486338849 4022010330 3486648601 2280568792 1906901763 
3715630554 4183793640 3660205154 1733681591 1623571290 
2046798211 1440188681 1430706535  570342189 2778208984 
 628581407  671189857 3139098713 1811858430 3707349829 
2930858053 3719682397 1978969302 1003282263 3167466049 
 812394282 2527737354 3465547466 1382496258 1252870590 
3603469029 2593322699   63662853 2709758341 1919857355 
1735787391 2145501970 3281458364  865505276 1876482814 
2776473128 1024249481 1855003391 3383813637 3275968424 
3125812875 1144949667 3664412284 3859542793  938847658 
 715009640 3275591475 1679801598 3301294485 2173550101 
3193181983  830746537   65270161 4179189090 1446923156 
3580085209 3496044637 1459132813 2779996889 1466981345 
1288325758   29443574  466325463 1646574596 3515222688 
2084023453 1104175814 1536105113 4011432451  565560963 
2099287561 2853433284 1967653726  191107461 1228966538 
2420853789 1098629704 1278041832  134683036 4024938535 
 950131381 1098886310 3770830722 2594924610 2309474075 
3580232030 4098150307 4030095099 3560702074 2366249582 
 478803557 4279569215  183180761 3246009333 4140759218 
3828452583 3866452154 3154683772 1352157211 2845734883 
 993133189 2954863964  844913194 2635255293  828161457 
1987968182 1419613717 2264793514  524605177 3883706471 
  46582561 3447913042  597275728 2579023140 3023965558 
1604040277  908802584 3622850118 3773252122   70710129 
3260204387 4033408039 1527836140  327806565 3326187446 
3145049494 3178910237 3864383281 2130566522 1375346630 
1023141296  526078101  529472083 1804255533 2982334167 
 866045160 1004760258 2549300742 2531032656 4276953833 
2491261206 1231131716 1261452180 3153562061 3058930866 
1964384050  310249701 4188951099 1445705103 2160946857 
1976148862  698024305 4004368529 2714032444 1085650085 
2491225313 4290322355 2887983282 3768832968 3448466078 
 440119880 1624278248 3097368756 1085454655 1331064803 
2224292028 1904909696  449902554 4020888862 4139705646 
 106670190 2981237550 2391815380 2054588290 2987292813 
3951437506 3550432010 1449448489 1011937844 1487583155 
 277759676  436976728 4235315501 1561781799 3972769467 
2398734547 1444010809 3860293138 2389354220 1946989788 
3990066461 1175849176  770462514 1378644546 2924372685 
 697896254 4043748241 3339136008 1803492765 1724024696 
2375858314 4198164200 3378766166 2066368869  337360022 
3682337572 3057087265 3440851971 2753552046 3420257755 
 493575942 3477887492 1024944322 2378411237 3453046634 
2225691816 2618039122 4202523359 3828850588 2983792349 
 219165579 3781617810 4080094874 3955589900  210253808 
3688068860 2769510219 2080276062  552254671 2319260267 
2058459351 1563981358 2998020124 1938542044 2003084251 
2841207792  545430727  372171631 1021302468 3146895825 
1426383086 1640866638 1503267180  268541553  319165349 
4012339907 2685696455 4015649361 1482641815 2984363538 
3229029551 3622533013 2894682323 2462806636  830743632 
1913485961 4100877759 2113799050  453602942  464358203 
  72129401 4258328453 1874909723 3162720061 3983369305 
 110158171  563805948 1753703033  761177643 2635782940 
 637463645 1375932560  355079699 2298578118 3072565926 
1127341202  247540715 3216571725 2590056356 1939511788 
3929808647 1418858626 2684453723 4209410113 1119333328 
 123353552 4016021866  298878913 4220665793 3400949094 
 666827528  217995576  485235758  587696971 2933231064 
3297374393 3283695117 1723809026 4125407819 2873227227 
3166752889 3514100093 1437677916 1319954683 1150378340 
3149020699 2626272282  386811195 3928065051 2706273142 
3589765047 4049528352  330816687 4085537785 2404173178 
2833201014  569571421 1261520697 2695814299 2158691289 
1041786386 3556492510  315344893  816083723 2025792364 
1854169123 1996864770 1687402183 1321303013  217047307 
2990971476 1902553258 3140794102  336272804 3563618658 
3223513065  433358813 1655810385 2391767718  813120360 
 977448058  505217902  496305625 2115334538 2941903022 
  75772550 2388208852 3995470394 1388594687 1262189795 
4168576536  595144048 4232356187 3300458360 1540753788 
1686402786  715830877 1438546450  430770123 2982711151 
1546501735 1982765046 3139365376 4228479923 1535283904 
2231385536  738212297 4044150843 3206175035 3901072101 
2879304111 2708976367 2643037974 3361185220 3072888594 
 208267867 3356488657 3091073856  991104443 1814100281 
1138879668  472502848 2832965831 3970380573 2956875550 
1078448426 3274165828 2746761974 1558133153  881716031 
2769188045 1221165570 3989122943 3920480012 1391301665 
1637467568   43992505  513390627 3722910057 1450489999 
2678063587  558163251 2610428816  656371600 4019431734 
1163618298 3212392650 3958905213 1921743962 1467561479 
3365135098     785283 3755019562  443551893 2903467906 
4093762078  701934769  564595417 3323794121 3155132069 
1451208192 1185046989  706229046  694186863 3336722337 
1014532324 3927751069 3155815459  782723561 4281455722 
2424691612 2503825994 1799479467  428124382  763152844 
3832989728  874611651 3324688533 1958306149 2119477826 
1341414599 4186961663 4026220028 3270558560  300240051 
4293132354 1950518701 1250987465 1403626358 1428289352 
1534498586 2173491689 4109155850 1615716705 1005321143 
4137837227  554207698 2998137043 3074088971  527634487 
3484927986 4255473784  239354641 3985933052 2278910368 
2004503581 3399958890 1069263277 1057302362 3730644262 
1346854712 2203402305 2497155725 2315910628 1263737978 
2646096241  540060729 3530353346 2628382144 4124778740 
 778509255 1275112897 2753590953 2571986435 3343036061 
1433957533 4169832373  207899486  623489209 3162091945 
 216725710 2064272877 2184926431  638341545 3310125694 
2382274911 2474339472 2868658890 4020801684 3926182107 
  81537463 3367329207 1514050948 2201148637  951980595 
2180075364 1006735578 1231621923  352072923  374686299 
 709361362 3878934273 1355768503 3223345720 3633531119 
4015165793 2777380687 3925323004 3244194605 3644039551 
3984232193 1129296568 3562071273 1082356826 2669572586 
 984498686 3133455109 2129367098  529655456 1243817737 
4248518385 2020894108 1325625041 3434932942 2842438769 
1499232723 1509186317 3444514093 4229501266 3934517396 
2436743630 2414723037 4018691184 1328615140 2314018363 
1429835945 2042254262  564655988 3563316248 1514607170 
2206031384 1822982759 1633522447 3694506978 2515985864 
1666517194  869612258 1992317915 2758074225 2493203906 
2028895508 3955156251 1981162825 1788298331 4133904111 
2739304168   49381866 2556871212 2563213779  951805597 
1565807838 3247424370 3312693399 1324318385  606937182 
 616812465  681951545 4068550836 1110304711 3176887860 
2134445507 2894285107  134050583 2487750998 3705162309 
3257174734 1744328275 4073653614 1454650802  885698732 
2186877575  483006533 3339710326 1065420137 1088854684 
 441410986 2673058472 3211622463 3309502072 3452202619 
 149221087  818730474 1637853317 1580760054    7783923 
1958501453 2021434156 1920028649 2848112426 3711148352 
3331549479 3825261838 4032653535  350279509 2831490805 
3957542849 2524832185 3379738349 1990195029 3606737431 
1542549401 3097862217 2340093730 3545843265 4148539336 
2656812269 1637269887 2600454567 2341181599 2935469079 
2826714316  747503239 1108363807 1202804178 3100790803 
1198996554 2313497430 2372017148 2652612653  480148324 
3527828028 3190426992 2588387537 1369585304 2469194389 
2769879601 3807210609 3314419495  392895335 2764844250 
 954508866 2408853828  606682077 3363432882  121395975 
 829425242 2206622230 1263772461  138541718  945946614 
3474033113 4002440512 2705714285 3257789647 3107336979 
2531862787 3741232910 2841976592 3900846654 1926412923 
1561884105 3773387484 1563872899 3108871732 3553932756 
3744116255 1479793648 3786687011 4097469507 3289934395 
2165947445 1610064148 3195276232 1456917498 1459061410 
1417404720  988112434 3481764095 1683966209  341926259 
 943317832 1093982978 3475454888 3618621930 2985128037 
1040495707  945982250 3238646025 3892752224 2986240823 
2637809206 4012476466 3721969681 2579747613 2382327602 
2815479433 3987596840 4064286371  708736279 1540290058 
2303049896 4254384870  685729588  350379456 3367458583 
4275309233 3963635316 3445946661 1942501426 3931531342 
 950527135 3616494587 2131809092 3196113568 3801882313 
1513838202 1309338174 2635076180 2335567680  498689155 
  46328829 3502585876 3284022222 4267161642 1905811643 
3518745082 3935227953  563276080 4080133507 2478541874 
2077994158  312327707 2502929346 2944480633 2752313564 
3388909998 3840737284  185002520 3634190931 1537881323 
573 tick and 9984 randoms = 17.42 randoms per 1tick
1864 tick and 9984 randoms = 5.36 randoms per 1tick
