2370609574 3059040433 2849533135  816893403 1330426496 
3868322962 3062109252 1754558296 3044131889  387922072 
1640130770   45129580  220365202 2339208822 2477204354 
 930947837 1838856214 3455054080 3148775089 2987267804 
4093708457 1396897614  450640646  576704280 3317846903 
2294360415 3375459585  306662582  910276129 1799048059 
4069870125 4121056312 2015524166  382665568 3344616357 
 834330974 2592660298 2010441959 2380956121 3829524948 
3407115118  733919460 1729628600 3900577646  236045041 
 959650759 3908384847 2825208857 1996176000  833623514 
1648695595 1868765353 1370267031 3542828633 1728240526 
3089171362 2173765426 1474760442 1139654364  949518231 
1096493764 4266799087 4128247139 1180550727 2167295558 
2887538278 3945877870 1920133332   27992814 3946118188 
2483629370 4053760231 4054032413 2851490110  356533725 
4264622844 2794083870 3027240136  302502261 4060924753 
 655653608 2495923651 2749968059 3210456938 1221888326 
1077114919 1873586658 3586131020  263376498  779256007 
1855963968 1046092710 2938315723 4040799280  389783944 
2555382092  168717819 2512678902 1316775013 1897500615 
 808086478 2299065344 4075383137 3704595801 2779136481 
2480780194  119529127 3210447922  986302033 3454667992 
3491217999  582321608 2745746765  931479808 3071383890 
1486352385 3019284987 2819597607 2716392781 3060657534 
 335192801 2196310978 1275662308 2918857533 3154592875 
 796187051 1005336035 2887832324 2041047061 1231351589 
4159752923 1549730568 3780923027 2186429314 2607697170 
 655659670 3873329890  196301536 1400737077 1447779351 
1987773932 1957477519   99597246 3730147105 3879929308 
1907127941 2358501048 2385452507 1223020074 3466385972 
 711980803 3603882939  654000839  683330782 3114487528 
1051921684   63491081  352324988 1124677239 4021529956 
2221617592 1650460190 2917480681 1158483475 1232452161 
3508614070 2331009024   21019137 2089751176  801134205 
2806188674 1088986385   57479468 2466243963 2880328685 
1329785090  582940435 4220752055 1720743753  374564269 
3421167229 3363443262 2044869915 3241687723 3940594613 
   2844889  912658584 3788420456 2796786111 4049484610 
3341410866 3251555378 1773231733  625196286 1820023100 
3667931363 3755057099 1958259787 1078688717 4237984240 
2325195325 3906795167  613837081  508906531 3286897893 
 624641632 3824896391 1305919111 3241857605 2382677376 
3449613574 3797184006 2028770756 3232306591 4284517641 
1311855935 2514492145 2892194543 1839199534 2733788545 
3587150860 1431868031 2962115268 3191858348 1674495892 
1987665873 1900975236 1531798132 4215464407 3109036354 
2591947434 1326759333  741820296 4062763476 2723204845 
4055586644 3285619017  928644818 4001495144  271297507 
 965064105 1230850890  920093326 1987907898 2805902429 
 986809518 3604623765 2401158061 2998324634 3544929399 
1750520974 3091768945 2435218914 3079780423 3831935216 
1515478594 1065462862 3533865266 1483389272  317329429 
2718231744 3797552439  978480912 3508821907  223023912 
 734098347 1589433503 1678506205  851132047 2677638191 
2108694597 2336530832 3570425212 2336221726  678647184 
1546475303 3963047648 1651328102 1148943722 4006275171 
2352809960 3742527641 4256987191 3719385609 2179819590 
3059648208 2399887025  790016318 2100855437 1861019131 
2630718758 1956901906  888425603  402046683 4005466972 
1455575658  641396756  220241153 3121809805 4209782249 
1759179307 4083408881 3126110129 2125962099  393160599 
1541220851 1349912138 2926016196 3763683266  330281428 
2982551043 1373137055 1797714329 1971272791  304471658 
3676347642 2983308301 3982389579 3678025538 1384677614 
 473363839 1777358549  484845632 3764645698  913826518 
2660150226 1494231176  453071836  495226320 3101499620 
2838191094  208662082  698493616 1810024507 2005572647 
3036767259 1262856427 1327942425 3561206834 2721361215 
  25239395 3701889607  333638372 1924427930 1758262503 
 459957092 2680548118 1165909071 2338703685  323632698 
1107500322 3915296023 1663664475 4274325400 1405134543 
1846589411 3467778423 2548861751  334057652  788345445 
1512171684 2630519210 2151689154 2051024888 1826570508 
1241532830 3235928398 1469034690 1963565042 3177921890 
3174762628 1326750548 3197526101 3183759774   39797402 
1730848022 1282249863 1739573911  736778312 4111679494 
4283896792  873125678 4020571728 2276797107  254131658 
 747840846  853003320 3455697810 3659935842 3840226809 
1197958628 1341053103 1973458461  635708091 1211155820 
1226898351  283478173 2378559773 3770287529  839547944 
1941678008  323251060 2905821836 2122312128 1455387303 
4248503191 3468435707 3969320872 3494474443 1701934030 
 571232144 3252359195 1271713298 4259099774 4125138136 
3220044765 4103723370  290363679  921991331 3887192179 
 260841453 2005719802 1281905764  884170329 2735608147 
1574873836 1918722299  363863371 1263934750  642028806 
1860904477  857065698 3751367453 1536429279 2414785313 
1702954834  287300437 1787328193 1812725121 3083090169 
3094822183 3404838195 3344531720 3523587354 2216575471 
4051876909  684176480 2428767667 2115752302  707578055 
 285219948 1039489585 3037113666 1558679232  776540227 
2657456767  455730514  859867677 2017390104 2001247605 
1745431532  762666281 2735485914 3343432632 2394714442 
 772847737 1721714534  840108841 2029480176 1921234585 
3890105308 1572922943 4115920286 4092248424  173064738 
 758078412 1470852153  115150517 4092146003 1634381260 
1272595884 2150807038  481140228 1439374964 2787888628 
3507137639 2506304803  380894827  285327697 3443041979 
2109882165 3197302411   89497969 3990065590 2649011028 
3977615412 1551103099 3119312693 2176570221 1386682397 
4082741467 1509785989 1101895526  793285561 2816143685 
3133169087 2303910658 3139056593 3076398998 1212376424 
 833807341 4270666122  369114024  244899300  297406439 
1243369433 2486965523 3403391511 2528906991 3389182642 
 128381778 1384941834  851939081 2773543178 1762201633 
3943957105  462241487 3677404447 4145058332 2078000158 
  29388558   45932467  268097051  910338852 3517208326 
3057004875 1865156341  551652506 2793234100  959197700 
4223010864 3410228052 1128127672 2586972878  253295404 
1629018252 3389261217 2601338163  702717877 3645333584 
2577154857  310086984 2914096293 1158668674 1123912466 
  80713333 2119814370 4168838315 1174908826 2716944430 
2710933009 1993821888 1106483317 1266309378 2991264426 
 748893465 1330913137  662528137  385656911  897538050 
4253303569 3253484628 2983862944 2681005237  262622432 
1408133920  700621524 4233931906  412470517 1746301988 
2013784556 2639729721 1799774773  366661604 1633025730 
 775937522  158715080 4089155600 2117443094 2627490500 
2300845454 2728478629 3373416661 3163546084 1690925916 
1849982792 2067901416 1796810812  934440735 3068506140 
3723946700 1358071527 2727034902 3038611540 4135512797 
1281270106 3682183487  867375059  697719147 3117138191 
1451133753 1561903392 1463245944 4149243716 2266191907 
3892120046 1988443045 4130498101 3590060587   61469222 
3890919454   31843685 1939685813 4014315578   81277546 
1966564689 3429429969 2791592885 4164301413 3445065066 
3761432882 2862315372 1320201123 2627385677 3827379080 
3476270153 4117119859 1645777300 3417098031  407341669 
2913909935 2410046230  483571601 2258852235  578224931 
1639958162 2368198622 2091016078 3504333901 1018469630 
1836032483 3513310472 4100219172 1735592236 1775297945 
1189578207 3579432873 1722478024 1979272428 3488445904 
2791287913 3053740909 2996030771  887019986  726128982 
1102558966 2888666888 2890669145 1115188774 3679258715 
2115527561  439266507 3535667223 1208566738 3094846392 
3694407738  368431433 3590173754  364345762 3083334516 
1891744533 2442181918 1316175268  876135415 1323614431 
3962301395 3056676657 3860923418 2220424755 2313873091 
 319068786 2992210310 2600825096 2687636999 2719634272 
3013763594  633356207 2591182014 1511881524  184596294 
 918144215 3289835333 3037467469 1448967091 3363740235 
1350250259 1244053898 3680851073 3189271894 2798003997 
2665858289 1688727727 1609961998 1276160741 2933468617 
1478178938 3272556109 1148489551 2677322102 3733804883 
2219637544 1896751855 2738580037  426978853 4245378944 
1020027370 3890811641 1299465482 2949053017  395959047 
2965023802 2702370091 1478905918 1676172177 3032529545 
3619435837 3220268267 3313725383 1187830725 4027012208 
 995686751  205595739 4027681211 4089353438 2973819440 
1173550412 4131171906  846573882  781306439 1684670648 
 741130542 4035482213 2659848153   21300455 3208849074 
3601194249 3976296345 3022987999 3244542871  940674508 
3215064464  932300361  552543239 1827584385 1431753673 
2876803346 1788084282 3792723361  123477744 1349540543 
 795137879 2164060819  752161716 1032084622 3995308971 
 130192260 2561084326 2215681701 2168849700 2345223281 
1984472546 3453177197  543819460 2072721985 2084621232 
1110074357 3696800412  949385182 2368097115  550934428 
2065276047 3201957756 4232142089  461388908 3030849491 
4076663859  112640133 2756198757 3690772403 4020263199 
1409889996 2759738612 1313662598  391694242 1130170170 
4051389165 1979216392  557889091  826002888  203673435 
1868760257 2500060046 1094462318 3155646703 1413102561 
3762771732 2469907434  201634020 1913812228  216208884 
 872309520  630224908 2652472125 2551379453  699778726 
    157101 3893265199 2032537257  844902072 3554143798 
3199753592 2776427505 1492228091  898233449 1791321623 
1511445937 3759805297 1411285057 1914765887 3990211818 
 775270831  357675605 2122591140 2487376293 3162154584 
1673360296 2312136231 2067820538  293017356 2299209653 
 848132972  407692276 1879414379 3314938835  585435738 
3190379782 3385031418  295977256  100038834 3599567372 
1865010742 3975813352 4271028240 3960977724  898694392 
3585587413 3535302331 1133056941 3103663002 3356201912 
2716158824   45258410  385258200 1280742228 2453091045 
2824337130 2457675261 3376795995 3683916042  866593146 
3979589127 3008271532  732354154  228961130 1016858525 
2494134114 4208937775 1239140694  282245945 1305083929 
2683123840 3246063374 2186501168 2598206769 4061646456 
 394723307 4168360346 4141869359 2580955462 2016456491 
1722638890 3436715886 3303755565 3819457088 1305575177 
3028684293 2792592838 4117911438 3517913244 1636584062 
1401555518  681880276 1597476802  292002840  905433271 
1433455441  725236453 2357015149   26523213 1992814459 
3179771921  555174275 1218402355 3144668895 1606227091 
 613998164 3392755377 4213537330 2323216478 3995635366 
 173713676  760062244 2580122819  424996224 2593182424 
1585746412 3308010915 2904536596 3191480072 3173283426 
1143753851  576582377  449218368 3309476781 1072274734 
1380355495   30286658   48325068 2413751715 3830683275 
 984208612 2931793306 3975016750 2257348238  321700132 
1751854331 2574684847  576781304 1818306225 1170787045 
1133270185 3692211772 3413124494  844531723 1251528637 
4140113242 1243537618 1452090150 2871644416 2190306475 
  94079673 3119829043 2553126934 1483900605 1355293472 
1049193504 4013095844  493174641 2367023024 2908441478 
3688819229 2713224181  357703630 1647882521 1854714876 
 485623002 3260536109 2682491595 2043293062 1763008162 
2770147772 2770187196 1203964691 2565563004 3830691333 
 541739250 3192954671 3549717256 3072894976 3323385814 
time = 18803253
