generated randoms
1646833001 2599221291 2258159203 3711751464  958395876 
2748120296  108494114  712505194 1602076913 3291706020 
1630339072  528709547 1327107999 4087378226  648571032 
1740087472 2660407735  537840459 3927026586 2440683528 
2837449500 1184673128 2322672112 3565538538 3071254366 
3236950348 1083421809  484240519 1454580375 2344485729 
2778510611 2870256046  246658916 3128800969  247779810 
3727868210 2874975718 3203868543  537753983 3721420844 
2430216296 1045660884 3213766654 3997712946  872666855 
 367496534 2752143396 1540343251 1490966484   15942242 
2068484347  346419294 1954822158  830507654  344672308 
 511903445 1803453253 3732477151 1505714320 2248950542 
 174511468  755746758 1122629221  301727572  127404019 
 737790666 2927613504 1035873820  730100133  594718973 
2043418412 2477975903 1584498401 1536025501 4136724313 
2619107124 2842114878   97635501 2751411767 1921373090 
 598159403 2503604808  868724862 2317096370 1969550509 
2995370718 2205104008  611664810  715903737 3903903881 
 987717720 3813624398 1121083697 1853887356  650448275 
 258555049   29568476  839269691  528300759 3828086516 
 844060514  211672714 1239064703 1929723285 2248282394 
3646834077 4159006082  626482541 3786605030 3843991687 
 489013054 4102561496 4279829987 3823783711 4136751211 
3460666608 1389992024 3833580882  630454346 3315053810 
3615551433  895428147 2531371690 1860899834 3963800923 
4275298324 1416035775 3452038194 1027014986 2158141849 
3890491148 2001511930 2973137112  505684644  481533709 
 678584835 2669376013  837947458 2465242927  952656568 
3554398698 2898841396 2200580531 1882472168 3996351044 
1916214078 4176886611 3157056208 3571814413  732650816 
4026103225 1778288788  359614793 2985243848 3023004131 
3077674903 4255857270 1524787513  714611216 1705037598 
3751465325   94003433 1501603649  410611395 2683044160 
1406221650 3698447512 2611260867 4146681286  186696321 
2875708789 2180202832 2809825280 3803995106 4039107511 
2159093268 1837828820 2016731155  202513887 1141331086 
3290309213  893063315 3698343681  743551076 1759128695 
2261821171  505757094 1559697911 2822650373 2304290413 
 958133395  886359356  125288169  549631592 4139152759 
1206512257  260596731 3935826996 3871338945 3433718457 
3625491376 1688963145 3064511666 1516712111 1940414335 
 167722246 1430670010 1376007026 4154017084  759092052 
3635158914 1913246055 2312134536 4068502165 2732701141 
1444279578 2542225553  733059235 2667460564 2556421620 
 731516850 1202722021 3746815048 2971059673 3664351566 
1137597964 3451897537   84487350 2286826765 2013311927 
2630435251 1563030607 2889504361  927740362 1661678881 
 277532360 3363684796  398654056 3824451344 3608807714 
1078877726  485477025  734947738 2097034075  549192627 
3886431665 3018996513 2595596291 2284688383 1317847119 
2922018250  552272103    2317343 4151569909 4221423166 
2009316900  450971734  864655961 2809153671  694848989 
1769433603 2920131077 2041922142 3822534190  796885792 
1003092099 3824704549 3138272460 1511918211 3072328838 
1925516218 1301343418 2633885732 1429124715  712017261 
2320347330 1616170995 1793511870 3523921762 2988737291 
 415932954 1682469196 2074517059  873962829  348978220 
 969337690 2825743105 3276826828 1153519604 1576938955 
1189753675  876897510 2331467044  671369123  918693037 
 223567165 1592075847 2521650013 3207119812 2261416033 
3460361577   32251813  465843527 1812213529  499146070 
 520767153 1699890610 3882465925 1482304627 2859725812 
2491968573  137764917 4070340883 2365611573  112430351 
2439976539 3425461271 3031976487  433611585 2626847498 
 246282746  582840814 3396066062 3580060207 1184071596 
4196000093 4256398923 2387130970 1007639664 2132616386 
  45823944  968061425 2942110460 1019195054 2700066026 
 677285847 1235549869 1422701233  781094219 3856020499 
4113149280 2410406681 1956634517   99329577  541727267 
 596653833  621122942 3767844512  949745666  149301566 
4184137030  743340262 3934505383 3193128595 1822699328 
2758713693 3695286993 1917708512 1334779102 1361141535 
 360972303 2646641149 2763479304  448181151 3641819303 
 165482087 3006525148 3733888534 1577380690  247238418 
3975386024 4115538658 3049164520 2040057923 2284900373 
4248431146 2803422980 3227986315 2073100497 2251015743 
2960453765 2380662027 3888475237 4039266356 2170038770 
3536366646 2352521094 1275811591 4247431023 1287708767 
3132838241 1103990684 1796526481 1444597558 1510659497 
 640923497 2108004958 3888134101 2824207217 2084357111 
 167271997 1011745686 4104461948 3839099529  571478516 
1208635765  135847562 3635708768 1477678392 1961105267 
 772050680 2508728506 1435102454 2381244880 3453910344 
4222787118 1941020953 3316331187  503868905 1091974006 
 404904174 1765671368 4036506905 1364387459 1959104394 
 503354144 3965396513 1014364733 4127104996 2834912638 
2846977907 2965780930 1389806716  240300585 1377760139 
 946837635 2028305288  206440231 2263810356   25650245 
1010084829  385944609 2503838408 3279682994 1942201897 
2468352561 2406554688 3114021448 3668204851  555266495 
 839858701  340980099 1494252209 1454949576 3120608878 
 380191414    2174462 3753921741 3876624975  287375972 
1629046856 3731733588  100199838 3372502461  846745468 
2793678759 3019055039  852732581  135783097 1048875724 
3222472590 3956079045 1577937233  700454530 3271174478 
 125503722 2345646909 2958380277 2280024959 3282307745 
2410242513 1171239812 1641595941 2978409281  405812832 
2890956551 2824868755 2328387310  691005611 1264216010 
3292677890 3133629786 2875419744 3930266465 3696948464 
1017399308  604715471 1716407927 3596569174 2818097334 
1983253382  716603292 3148780755 2774571201 2965450955 
 596363570 4099607977 3379630710   23661104 1845349791 
2919324223 1392018485 2434081377 3550559534 1139188114 
1147456859  376920841  445227812  267383087 3130025819 
1203613734 1691278004 4011680289 3536281738 1347984908 
 856336100 2685858558  648085871 3781824812 1628836081 
1745799559  484545094 1210443453 1503745964  239855185 
1169780380 2939610510 1524270813 1120989133 1578209963 
2008835773 2510492877 2408153361 3217659539 1557066739 
  94400371  552594405  904213462 2777445594 3417215780 
3949791871 2427737340  795377892   53202798 2824497754 
3241860602 2816637687  714366899  799961262 4213564898 
 656839740 4116394781  288656151 3453049113  665663704 
  19710558 2753245261 4001667879   10189233  271159381 
2892871614 1220414091 2513749313  451015142 3745362048 
3787143197  559019176 1412704290 2882188332 1780594549 
 854541517 1301707496 4144312015 2556862959 1753953356 
1125123212 2562777485 2920475283 1086235548  270682209 
4241433744 1840577939  426855385 1982073337 3224786551 
2882200440 3545147848  576029413  323227117 3835976110 
2377490762  998726541 1620883674 1922311307  997618625 
3634984856 4272361797 3336320746 2325346797 3557741812 
1030913117 2207365172 3041636691  785480366 4175725219 
4009695113 3333754124 3934142627  429455540 2899281615 
2360444974  800688269 2248482170 2299634044 1627584060 
4162369868 3999730039  248890066 3699708331  733236616 
4292363615 2223405653 1787615064  811721988 3401950292 
3169151350 3492204591 3847675322 3564759281 3094436913 
 310669061 1619802270 3047589825 3973564019 1564330705 
 835349042 1420185650 3729116661  882292569  746646229 
1792284995 1983950505 3327888379 1917851222 3622002263 
1250100596 2575159729 4152924646  527282736 2522982942 
2622860856 2539317473 2486339324  800642945 3503218196 
3432177151    5329506 1213792600  410136773 2602248658 
3716717651  751952571   94870400  889813872 1997266930 
3044660732 2265011811 2945746093 1429250340 3420541721 
 251701261  970758307  841976523 2778279761 2747539884 
3293150523 3465367809 4273492481 3942048627 2115921177 
2930768367 2460239782 3307375186 2304778138 2374763926 
4237064408 3808997312  983720618  507751490 3417325830 
 429351743  378465576   29532782 3328385561 3261922671 
3989970189  693181863  810795433  952244112 3348229913 
2954009110   11645824  412304028 2013624265  870664747 
3905627274 2311468039 1639565054  210475454 1450658878 
1862033073 3001049489 3568777768  925761247 2900866074 
2465489107 2775999626 1112044461 1058706378 1819060891 
1745614610 2169475820 3679657916 1397039342 1336195575 
3485635083 1313855239 3516325933 4247080115 2934801001 
 463832298 1905967580 2816786806 2346977881 2596812157 
3739062373 1531903408 1440842156  285115898 3657741175 
3962271709 2878234996 4071374356 3749250501  873309494 
 723234820 2478047595 1344721832 2562564791 3117778877 
3007232089 1883624685 1604654823 1920881822 2170324418 
2106583032 2663066493 1620002781  112971393 4011737805 
2430350434 3642269086 1404427202 3682884771 3110847041 
 479389525 3601062485  393514321 1877105425 4028131330 
1189886139 4191744925  623031037 1674984364 3845944912 
 635741163 3508402413 3460249651 3206804717  627222865 
3209313775 3464620868 3343032000 3027747167 2530558311 
4290745531 2123312349  464700655 3489006387 1226773623 
2583421528 2719341045  699863598 1081891889 1534399131 
 551834661 1263484329  395908039 2215500615 3914078423 
1823873385 2277944271  791517700 3774582121 3040593344 
2414083412  647498514 3574406609 3200066619 1153764882 
 164265296 3251504464  974773244 3694818808 1232001823 
1185452267 1206645134  656630424 4231527645 3647261744 
 160911504 3596280045 4055703632 2450220300  778609169 
 619132994 3101586546  575725345   27444757 1576325357 
1166835079  723477882 1448284343 4224377381 3853865682 
1046863083 3420870305 3005376143 3075777579 2035960723 
2679529310 1523923037 2045992996 1503110633 3859875899 
4113191916 3812211231 3184421071 3951286469 1933091699 
4162057962 3943730649 2934250827 2010253350  988937160 
3494113553 3208608061 1205935387  434865220 1929873988 
1394526672 1337064141 2892190142 2489674949 3118074877 
2346945932 1802636870 3691377054  661725574 1209852661 
 748948499 3858958982 3680297929  687867106 1470515348 
 231646758 2107100583 1532921915  411732962 1536701500 
1453085932 3537082493 1181624794 2093678125 3565734891 
1062210289  494985538  213867198 3280664984 2089668345 
 892043662 1394167800   68339517 2238571504 2498500232 
 496454997 3036551250 3001239679 1713558552 4079420322 
 707082472 3311010701  193705740  715045096       8225 
2267319989 2448408202 4011679034 1085229816 2454146993 
3125356191 3896781710  551484247 1661525579 1736671049 
  10232218  690693885 2763098590 3516779710 3579616968 
4173061358 1911553831 3099744833 3219441115  595094187 
 256121483 1131989954 1508158214 3883253847 2171952505 
2279799895 3518098907 2442171459 1574651293  701972899 
2712890566 3743909346 2083666349 1068384312 3440588025 
2984262475 3325760170 4193336331 1322297715 3555850882 
2892568884  316679801 2285701120  451043952 3883742949 
1605038677 2321624287 1881002622 2759414904  761373517 
2170284206 2321393214 1287121172 2607121738 2135794888 
 722399767 3517542013 2191750466 4151467310 1154589532 
4290351845 3035370665 4025776152  668124451 2551746020 
 377906524 4218859310 3930158392  731136328 1928915628 
4185373323   92918920  543276570 1358276254 2750521391 
1272800584  894886568  142817915 2143737441  130050730 
3769373705 3054889176 4102406927  160573129 1372202266 
919 tick and 9984 randoms = 10.86 randoms per 1tick
2058 tick and 9984 randoms = 4.85 randoms per 1tick
