4098521530 2000763888  512971223 4121649741 2709967110 
1026100639 3163426961  552067806 1317420599 3954682536 
 596040274 2120373591 3905407827  361707751 3635829052 
3486007000 2328383015 2706915099  342113091 1136325474 
1781455603 3660500803 4259559064  917614251 3554327215 
4125914112 3275309772 3667173895 1439119099 1632230119 
2449019710  489152767 3165602900 4258092383 3337890510 
3278227981 1001517498 1979620672 3489401927 1423466306 
2290112413 1492913642  830167294 3339464162  442416029 
3750497413  398569091  772464850 3108588457  421956460 
2549558255 3126480092 1495268876  957525942 2670980937 
1170621949 1198582738 3891253127  206142262 1895416314 
2635268934 3584033095 3784749795 1651907954 1592124976 
1950685999  407945257 2315798795 2776855507   55713061 
1892967540  693203461  902079390 3573696594  625706136 
3868580437  205469054  979928857 2388411502 1090683713 
1138869212 3054109979 3453157644 1635190250 4135997135 
3797391932 1397688167  909289339   67645192 1213462892 
 418571051 2366627857  503642170  483378115 2176870830 
3506641225  664702151 1215290499 2090924411 2178081788 
1037800837 2867979731 2785419225 3882575001 2647113062 
 532681320 3347705718  530966718 1352094371 2409720664 
1889302649 1511598908 3809148627 3160171944 2987254624 
1865148120  586987096 1938130064 3510314272 1952741264 
3810643117 4237970950  399367647 1525627023 1259150287 
3464091057  323433720 4154397484 3296569612 4070743214 
 422087579 2997282050 3439138284 3241003926  324846320 
1090040683  596424744 1278903268  627457719 3409014478 
3837858188 4204400924  881245859 4211315635 2425661100 
2835815613  616645092 1289907473 2500829358 2736532407 
3269079372 1030722553 3484925809  687419788 1612850574 
4199834489 3557070306 3619174681 1521893053 3409407850 
2864745013 4272107753  175404280 4156877869   71329550 
1264306524 2097346044 2760889844 3404428415 3851048054 
 946689583  667494561 1346474239 3846413687  555266399 
2348491869  741791500  811378478 1045414856 1301644768 
1878025802 2491877548 2387966224 1121312849 2722047542 
4269930532 1622713301 3824557527 3121004677 1220257145 
2102674894  964311106  210315490 2641659628 4063898657 
3669997615  286557561 3141475673 3295541708 2864210147 
  16181623 1939593733 2787544102  261691474  397698236 
1318669796 1668519889 3110770605  462632582 1568053983 
2403374785 3912432615 2936540577 2332991918 3527186822 
2301719037 3250118112 1760607144  594802888 1318955014 
1625152862 3276435485 3806961886 3515851587 3633359842 
3125760171  874372275 2517474960 2225005009 2569499186 
2505000932 4096146504 1809546715 3748701050   22593428 
1266871165 1148290535 3444088182 3659367179 3292046938 
4232821988 1270865579 3165178385 1651680868 3860004058 
 297461810 4148401140 2840987595 1690641499 4213854236 
1101140425 4139363132 1219411177 3770763194 2377048712 
 123510633 3827779016 3989681153  413219282 3417429972 
3533989897 2263806041 2908235293 3618755664  334100019 
2232053218 2850358951 1022001967 1883767744 1049557132 
2693015224 1497858955  989864819 3374881932 3033765804 
1641169843 1168328453 1942100726 3066662396  242038578 
1176427560 3782182938 3602323007 3298708502 1256285960 
1433120533 1263826359 3563383364 2998697649 4210133342 
2539427683 3777596287 3685125224 1189610200  300469875 
 181358564  696062514 3221184912 1106265362 2036764189 
 464540362 2794096716 3465161010  797648834 1049715771 
1461886657  491862559 3127255852 3124509520  137779580 
 454335947 2034418939 4212534544  507779101  781523603 
2616947863  655556631 2181812248  418979315 2277178958 
1209131121 1851813007 3354448323 1168116118 1239487932 
 615185821 3129839893 3807455561  339162964 3495596176 
2666883735   49885975 2891404429 3688672709 1705980320 
2082755211 4036895630 1735583789 2670895179 3099441598 
2514053079 4106369776 3968202311 2150676606  253873143 
 690060280  819232912 3305791340 1616974755 1869996792 
  54574709 3854426426  186898691 2181182264 3791034780 
2087755544 2923772559  828098637  349571964  654180605 
1611869101 1041822602 1378113653 1198889411 3966968075 
 822704578 3375798576 1486211318 1438860875 2231104150 
1969078850 3660575769 1760436025 3272903997 2826219115 
1742020711 1924390320 2151635785 4023207265 3078781033 
3684530485 3724852570  146205989 1861695417 3196049104 
 620898202 1386913159 2797365635 1260659548 3094631826 
2320341304   27078282 3852599752  917742992 1268964163 
 736866275 3456569750 2366437774 1614825686 3329446674 
2025508815 2553705960  462685847 2329870429  815233896 
2529634673 1878968037  834694382 2920482231 2214180493 
 874673173 1462962229 2377501628 2891609213 3026866693 
2909662858 3291082341 1371948629 2893123161 1831616915 
 284846800 4032970675 1492709786 2679147859 1513575446 
2234275580 3969211068 4002883936 3775908032 2552000873 
2500082055  889611624 3705739778  620483396 2263618933 
4029719659 1979169241 3022515082 2914677743   10954825 
 233812375 2192126986 3935922062 1941221224 3317301084 
4222840905   52775738 2357274511 4179978223 1442691182 
2091708911 1697980786  798682569 2544861687 3721462965 
 625193964  918218057 3620513958 3391146717 2405590227 
3463350029 1742629906 1594069482  409619375  278016605 
1578967840  200460375 2473551852 2744552485 1746266471 
1895691767 2675026836 3901477495 3386454313 4247356148 
2325598545  817452829 2929617715 3114060603 3612653860 
 915000923 1977887636 2972149718 2059385222 2411003033 
4017127783 4259989607 1400422600  798058745 1141487745 
 883275647  137526989   29729861  633238316 1933713258 
3796486034  137569677 3192378018 3761804725 1473483440 
3521487456  420211086 1594281540 1826804401  332356289 
 205634083  920510242 3472381132 2168285555 1867807913 
1684201186 1517146542  919396151 1116471883  541458579 
2178412062 3224449679  492953009 4187113489  514368328 
1288956915 3432286905 1832283287 1327486583 2905685428 
2293455725 1010203552 1163911579 1414541616 1385915706 
1919968154 1054038433 2808888848 4131308500 3024539562 
3337106961  393448352 2665009062 2895650169 1016854719 
2943900197  561450983 3830269854  504026503  374914844 
3199129317 1438124195  952031905 2100981998 2260447828 
1392344291 2465193925    5329225 1931738084 3829072993 
3584998673 1670964271 3130742178  959651787  977037713 
3879902424 3548454346 1031251116 2354086053 2246445154 
1665501357 1136746169  188832513 1044781507 1488412485 
2402932319 2601138853 2493509950 3539266284  836023915 
2526415539 1107140010 1564232122 1231860313 4187544175 
 621287636 1981681359 1055604801 1404198292  178088165 
3738087285 4208780184 1143632857 3688033874 2815387767 
 775257722 2828715006 4293594397 1561110033 2460052079 
1303653295 4041771235 2122659134 2817344911   56044774 
2385376792 2356044908 1879278552  892514632 1090148453 
 563171581 2173374112 3706661605 3661458109 4033697720 
3693457078 3292299810 1111599998 1490838504    5948138 
2982380215 1904392993 3460963567  407670705 2091403444 
3177765991 3604360392  798020658 1977158195 3309278082 
1895384703 1824878683  157813832 2017345319 3617569165 
1563130793 1017893161 3086467561  531888285 4205462999 
 684241603  852380656 1717782141 2825560343 2878859001 
3388982658 3805903107  234070323 2438504725   29550008 
4085954650 3757956708  180689671  351796203  919713839 
4113784637  102611181  559734495 1231521896 3633760772 
  40450321  562368565 3676705353 2896543163 3243275427 
2912030075 4138324794 3530592787 4192792017 3046372823 
2011911440  246934644 3902289167 1368647446 1354899336 
2038523494 2883820729 1780859146 2577690729 2653184836 
4234018798  766186282  283990085 2304204051 3324290792 
  88800379 4088501666 3738740972 1075893157 1405525236 
3701055436 1364487380 4062232039 1308865484  560385506 
2838674582 3680382496 2661467552 2194464945  334881431 
3961580961 3279303693  478167143 1592074399 1290255062 
1376695184    8808615 1812994976 1960942478 1243673922 
 628468916  406730715 1621305232 4060025242 2846692305 
3493281103 2277972014  324371886 3116904976 3500596610 
3120030352  718271603  618501102 3895137937 3723823081 
2430563175 1811165989 1829885715 3841469730 3845808671 
 212401169 3756621236 2465461056  833968997 3756021818 
1456170626 3277070664 4014985928 3351169611   51073136 
1928503690 3568021403 1293420360 2806035268  688769079 
3749806285  207130624  426784565 3400052712  568085094 
 725973304 2639728185  411200138 3870523134 2435615683 
 438054510 2047961504 3785784085 3886792401 2234000243 
 961552817  281289641 1001387747  164416172 2164427556 
 536072758 1458047529 2207664220 2583310988 1129074110 
2276899648 3598817945 4128399428  338809451 2100382442 
    882379 3284067349 2379399604  101226499 4071506155 
 409877524 2636402569 1650520877 2322047309 3287012037 
  15512760 2709599767 2580669374 1866204094 2034903806 
2077692498 3584891293 1300321879 3652847310 1376802000 
2757561107 1713872129  509323362  885268859 2379339185 
2694034997 1171678169  550749161 2066213468 3508689841 
1366097746  164461840 1700312554  798277823 1399908883 
1068910613 4165921398  742766129 3704456808 1908179197 
3330496509   20842264 2608670781 1708716703 1446413291 
2324849656 2659372193 3014994645  471238052 3620969662 
1206660200 3017789140   47621237  827751786 4067748985 
3486431057  657654878 2442091657 1093212325 1796180935 
3016347275  517736523 2107957027 3697932622 1416862087 
1672185897 3781388662 2529138055 3536863377  927085345 
 542940053 2983384668 4208723300 1573056691  296237157 
2427645848 2423173920 2066766493  425797220 2297309522 
4190486710  112632772 1273850341  447444469 1235914056 
3201556016 1546273462 2253011085 2991637724 3433323576 
1530263555 1379672723  509039889 1041375554 1768745327 
 406709207 1744023205 3261562475 3753726629 3953730922 
2197242653 1487345336 2028460039 1487078158 2215925766 
3693984738  369557470  672828528 2992866176 1507992925 
4117508356 2419084575 1480274254 1347457487 3620529210 
2804508380 2668496107  618899244  486746994 2699175098 
2760537889 1272797371  287415890 2625886837 4235503482 
1875699901  911702474 1405999124 3345673002  747145190 
 669655472 2781986500 2967108715  518043318 3762206751 
1087143857 2124268612   90504207  508119066  787951177 
4224191329 3463534110 1528471479 1652281083 2338823163 
2752348511   15858157 4051933079  493307808 1058803441 
1217655201 3176615531  964237913 4261050117 1837734255 
1787543575    8007852 1901229263  469214789 3717992536 
2131009469  208670363 2108290685 4095355226 1825176209 
3317898702 1788854974 2947616813 1509601557  104624051 
1598271532 3553888162 2803645613 1048366735 3038665134 
1625403791 3498918388 4194344641 2927754797  154042722 
2596824190 3083980129 3831243158 1259815678 3198042931 
 601727388 1945406898 2047829490 3197376885 2821485934 
2177610184 4101887828 1053166757 1826230368 1329761820 
 537376683 3155360954   71175313 2151609923 3842623018 
1309656601 3587969552 2458826738 3178840017 3409939757 
 504850569 4022935221 3606441556 2995295709 1532424004 
3052114596 4003048318 1497929026 1887282018 3793664562 
3990558133 1465525683  177728453 2549972933 3571480178 
3970689475 1209321029 1705941527 3869468729 3485995428 
2004538793  704226370 3632534975 1163113945 3742962164 
4218 tick and 62400 randoms = 14.79 randoms per tick
