generated randoms
2387937211 1080501668 4159276492 4020552653 1161656413 
1262546858  863388271 2648304827 1555515610 3320793617 
1439815523 3344979591 3828460845 2362465633 2635447544 
3603536532  539613322 3499592665  612862434 1170222523 
2527394007  819399985 1726721753 1804010804  417207166 
1210666199 3041453268 3484639854   16984271  354425650 
1304658907  600431744 2640067091 2141396821 3199572946 
 376151804  656855697  961825701 2980024129  231846606 
2861197810 2482853886 1748691672 2851113986 1914240643 
2586146315 2056063311 1707309800 2718889450 1526126508 
1972085638 3595051472 3805148453  806723542 2754496251 
 786925866 3526892764 3766199707 2380390607 1149256125 
 601374927  507532574 2065881859  323177941 2519325375 
2852283824 3222810358  888807936 4280248382 2129608324 
3221953740  304694593 1326218568 1597964440 3024307650 
1105579677  179308106 1614692393 2400877259  328936625 
3322046485 3142650079 1546471699 2259755963  845252854 
2865373140  886803532 1695143176  347770055  817088096 
 845782167 2150086023 2915529704 3571509004 2198235158 
3994317799 4037000732 2288499361 2626439293 3660770464 
 450836291 1332923821 2800387140 3049463766 2620141644 
1830922241  995631857 3136544477  363694484 1928097502 
1543495494 3303457636 1123810792 1988349268 3923012817 
 859707509 2115922156 4159037903 2420093992  874966626 
3257565002 2582777508 3099387411 4263974214 3686803108 
 688562684 4014711015 2873776325 1063638421 2931088369 
 742029118 1705585807 1643817080  751191720  496312176 
4243948001 1744112973  717466429 2899065615  236168080 
2162613642  225638807 1660218198  786773596 3415906880 
3482179210 3628971408 3709177311 1114696836  646335434 
1287656524   39834323  337878145 3735570472 4035986730 
3331282276  528375653 3872696171 3058599962  459917361 
3427116683 1133498304 1321334550 2536055762 3358203877 
3790727030 1711461183  737521981 1159167859 2897242755 
2790713310 1332700280  974085076 1646632963 1514748007 
1404831698 4189414763  750402025 2372671620 3453174457 
3975418923 4031409054 2484019697 2267727096 3379892621 
3733991699 3823584855 2187638286 2982033249 2558145563 
1245778331 2428122088  304011109 4020804521 3824620422 
1077952150 1064980871 2731805982  254405200 1321905499 
2636581411  578525611 4231234086 3200357795 1243829602 
3179985257 1990287431 2390691248 4216705073  135787489 
2204859815 1069659763  592172334  850327592 3972658396 
1572049588 3214719444 2757890086 2637887754  891093999 
2765747306 1740743420 3225101642 2906308657 2014280078 
 149852193 3830596893 1415586479 1499416460 1020100941 
2877166217 4024613406 2298235194 3839328349 4084485514 
 708708599 1746235628 1742868191 1877509238 1921326625 
1247334849  739382592 4156983341 3057622669 1866017879 
3723879295 2601036314 4067112207 2530489578 4290443190 
2271202242 1239459739 2158099114  218720235   73481140 
2678706792 1363989263 4182459013 4169592745  227997541 
1283232468  734047189 3826152803 4113130221 3686185843 
3139126029 3926291769 3797091374  117146248 1856229878 
2625749318 4008618709 1076689384 2339958134 2281718862 
1580281530 1844477782 1212807954 4177412853 1796433119 
1962072745 3149677154  256279455 4285006232 3806019735 
  75575880 1089156407 2692072931 3833456709 3467407541 
1320745269 3147320179  319349898 2460375623 4215886106 
2050416854 1589081238 4097769449 3341505595  677253328 
3235172515 2161892007 1220023314 3445510322 2622873671 
 611379049 1725465376  398105247  972559812 4144871224 
1327851502 1346880817 1378576123 2699045542 3989631372 
1534782343 3280324596 2362610089 2251026594  972514154 
1908620532 1384001734  815954926 3146437329 4242134493 
3211642195  992874910 3526880902 2843137504 2114868668 
 862462408 1195754949  436509345  952029180   93789358 
 872270493  390373693 2972078651 3710170831 3764930083 
2700176550 2956333058 1868500432 3002885152 2243705280 
 559500081 4217541944  789154361 3920992996 4119502383 
 191685749 1812095712 1923601903 2821656693 2354236509 
4084433811 2163356367 2191735483  488543858 1511220542 
1852528685 2865595164 1067499481 4013251309 1661421700 
4154314364 3327769847 1520109540 1539067839 3298427455 
1433981886 2379563364 3522712612 3420908810 1289493629 
2779153803 2002869048 1785144912 2303275612 1509979897 
2206547259 2519858503  920711077  628995551 4202683759 
3705273493  638794963 1332415533 3436154171 1152945936 
1624112938 3843832891 3161594769 3756751622 3450449057 
1728887805 2329815115   30792571 2964473290 1498816376 
2663155377 3132582511 2808394790   24017474 3967016605 
3424378219 3576087851  444237965 1472821404 3401979777 
4158937464   79059559 3189054063 3779963621 1986228666 
1281629495 1095776523 3083940394  453384533 3487596458 
1125428000 1168912324 4100934243  414848757 2682098505 
2276981124 3888289182 1683837658 1867437883 2898301466 
2278111674 3593110980 3561558673 2929251509 2389632328 
3080122543 3472592381 1514974131 3640890364 2787066328 
1587183228 2524155255 3775723728  627295092 2710459922 
3554263244  315494444  599427124  104616953 2571945116 
 401208445  454293552  531099650  314611303 1549272168 
2347155100 1210270969  362267844 2594008493 1068122418 
2268206010 2407275159 1534098642  905383862 3060729831 
1231162522  800733387  623920800 3753446016 3003929676 
1652699691 2615017779  823930234 3803878528  750537421 
2986737696  502526441 2990125209 2167790506   31117320 
3554774746 1844323226 1596635971 1872750746 2525041005 
1817951889 1362911409  871076680 3729594897 4195254914 
1770088585  869174520  279804407 3233277169 3583716041 
2885704450 3639971578  148936622 1681890216 3264255992 
1654976423  300842579 3533044816 1347791527 3351908843 
2611576551 2602139327  832974961 2402233247 2974949317 
1444035102 1447545191 4042248151 1258205582 2177739234 
3011680594  610848259 4081269799 2323818739  998254565 
3868915633 3997107228  542367998 1907041877 1679177287 
3709434723 3946200854 3177126233 4148310773  247857427 
1814694292 3095134380 2259895669 3087984561 1353519804 
 575940475 1873583395 3982158656 3279437509 2670656825 
2660407618 2508055284 2596353351 3145432110  708096633 
2936036538 1943679262  873637630 1967664699 4053464676 
3661987495 3445725957 1739921702 3899444178  690617386 
4198826726 3779276635 2785229412 2852359411 2472926921 
3787593309 2555307157  111821092 4287535140 1723808006 
4159153300  806037005 2879745680 2312423594 1369989399 
1615527557 1327738453 1753050838 1949477214 3144241085 
4197237787 1286245591 1566037853  430606422 2496702289 
 572973035 3301326583 3390978967 2923815316 3471774327 
4247748861 3328005098  247913661  197575686 2984665807 
2820961257  728553859  921377411  780309285 2084223105 
1768546503 2683105635  501966999  410448485 2006223286 
4278032715 3935390839 3386769024  583864653 1611714377 
2731369575 1303582781 2384341499 1430847574 1772275179 
 698372748 2619539774 3723042372 2659175450 2886341723 
3986206394   55722401 4190485977 3460280363  175845864 
2423415857 2279115625  622746313 4216340936 1697224120 
3650342278  740241885 2256849107 2360343754 2224520061 
 338870272 2937029383 1714774232 3039128290 1483734085 
1446710876 2757027983  748508790 2652679383  386893737 
 224946812 1799903767 2908198191 1493435413  817819549 
2433578969 2214848449  914591473 3053432484  801062712 
  79054283 4254540976   87470356 1235505481 3825137570 
3132552352 1754024000 3316528695   19775904 1283083907 
2168028205  886276200  730881616 2547154245 1348159055 
2041698532 1142902009  178502285 2111685071 2646457170 
2777119882 2524162822 2118285126 4081659187  605842462 
4057109165 3198809984  321263426 1269477004 4067083413 
 611760781 4073592778 3566366021 2335438016 2400130846 
1122082611 2643203180 4077702326  957975010 1011005900 
3929674015  190285413 4014183100  550138625 3790938301 
3963914640   35020436 2882779403  171641028 4244133485 
1527261504 2103378154 1207606977  728271008 2661024299 
 807615062 1653409894 3547424534 2190847254 2573799262 
 536084129 2597743163   88099807 3705848206 1949081724 
1687072188 3051419684 1160498599 2986407503 3708275610 
2871844294 2480649091 1978249175 1190694681 3336119649 
   8499954 1299285379 1909910957 3471014337 1596421570 
 531946413 1248599854 3262119770  487278141  737867561 
3076900091  132199094 3107142265 3333857137 2034424324 
3600237019 1904538216 2524048896 2625000618 3233303919 
2286118113 1591830115  419623596 3188886891  141139499 
1967885021 1344765055 2635264583 2595656274 1354743039 
  36399042 4008937175 1240495279  498826786 4099347103 
3357767449 2949419115 3328803940 2844901210 4230999466 
1781893074 1038013224 3152601933 2858247111  978389911 
3390745435  940963421 4173115769 3358279455  915602896 
3043661779 2114122188  944955252 1879890451 2236182729 
 134278444  532539596 2679715954 2011600813 3625667918 
1907643046 1410936824  447591754 1947792005 2677144587 
2445835159  620700298 3386118421  438417245 1530091389 
 685944949 4040768876  226270937 2874097886 1223855622 
1443919393 3454424348  412850050 1387742651 2301729602 
3725763385  839624232 3019786171 1728430209  703763036 
 760759624 2064490334 4078613852 2976216087 1332182657 
 517881528 1235132168 3498691859 3142478412  214837116 
 140817776 1792366744  284693112 1599129960 4240194564 
2091750178 2441234862 3076749429 2924174056 1900342437 
3858822105 1864796964 2243201083 2954416568 4279199588 
3265578411 1398900221 1340252268 2750979912  462733202 
 720416852 2064438946 3155123689 1188703729 1825931896 
 786994020 2385980614 1026968384 1850405764 2063378341 
1172105745 3632047990 2509640169 1980834796 3262296207 
2174582277 3927642652 2748262228 2848476666 2294490744 
2728857384 3551526451 1233569032 2326693239 3075125633 
2697590991 1491867852 2253618937  701379646  153074659 
 821593779 2580888627 1533243873 1455604460 1243401732 
4083226744  289234811 3310542191 3857496835 1217519831 
4215831898 1274296771 3434257483  118419851 1237751634 
3468339660 1638853329  800456428 3693632010  901534154 
2807443619 3015457657  971883977 2060276287 2045140095 
 588653410 1042175009  917559678 3331030721  893296466 
1817153773 2530565213 3498216253 2614498340 3927630526 
 295732936 3459242580 2951849008 2549695957 2455510776 
 937745128  839193401 3684824688 1353330290 1018506248 
2294827304 1242199484 2679672783 4184755218  680329116 
2611094932 4179644089 3917021099  809493973 1380768101 
   1330343 2899361763 1093514242 2642469003 2045746306 
3987419120  314800335 3871280032 2179393184 1249982443 
1102995302 3350623965  644376360 3221850024 3208802878 
3250210598 3783573455  971336071 2412302326 3949346615 
 344473070  440275396  792761134 2721026077  469174813 
2547643400 3068391374 2821560024 2241304567 1376571202 
2361644975 3748136872  795924451 1971393188 1029241907 
1017452620  837823214 2117956992 2441644486 2620812284 
3375898448  910882563  176229299  415022296 1542217075 
3018172783   31609092 3490332778 2257914819 3182420344 
4190671715 4247844830 1449080819 1151663708 4142206677 
4151205350 2855146817 1885208323 2833588082  802773050 
1649320663 3572637577 3402018784 3622281454 4172786705 
 104636533 1041542705 3252897404   35872215 4028301534 
1610435530 1439712819 3538260429   49285113 1038353596 
867 tick and 9984 randoms = 11.52 randoms per 1tick
1781 tick and 9984 randoms = 5.61 randoms per 1tick
