generated randoms
2982420861 1707318223   86715560  220529576  849149146 
3560798104 1058677305  115818818 2634234674 2646142553 
1170354849 1449883536   69321518 1907262100 3393618095 
1257546607 4249100143 3653081471 1050856795 2021692246 
1590707392  164166641  213689748 3706158333 1321948186 
2045484410  895453847  341543986 4195337460 4227489704 
4213095272 2531416499 2961837632  285768137 3145680900 
4176048036 2803304652 1983919217 4276978164   73028966 
 962899429 1254727761 2877652056 1852019909 3602900917 
 807551956 2365150451 4283431826  313571518 4119415134 
 852025717 3984278728 1186830057 2679338226 4053250894 
 690961936 4117263251 2309968344 3400931491 3547319256 
3525394573  410526999 2551338393 1540762319 2670821004 
2960641072 3647383838 2650574612 3280515942 1254025151 
 702602969 3271830048  832811671 1219386787 3463979565 
 753252320 2743296441 3896998181 2810336694  480541143 
3653576524 2310542672 2266180799 4027520937 1139202091 
2919973525 3960680046   16023863 2561764929 1843188763 
3197125607 3365381681  565752770  702866086 2691118163 
2818208001 3709914197  584858726 3376843708 2333940222 
3710064637 1607442995 3364916058 3489227007 4062323824 
 840537687 2128322295 3109815348 1530703064  818778524 
3518978782 1256680721 2950002993 2662125611 1838181799 
 812562732 2520385170 3708280858 3761999367  755522165 
1238673755 1120967412  890703148 1616145333  438371601 
4119658211 3421700227 3143772014 4195483770 1428954138 
3163811750 1096461699 1321739426  903163669 1600014662 
4254107226 1338486571 1338991600  350792282 2550194652 
 894171613 2892052467 2575879511 4049656325  292584470 
2252596265  600824720 1949893588 3200853119 1652769853 
2717394875  985011348 1217157377 1395497332 2473644699 
 305712916 3511001403 3903337745  410740102 2432613696 
3478778636  470296519  268771455 1211388107  915008834 
1119032260 3328299474 3012984337 2479844358  229738267 
1554592326  596218222 2518763354 3786696829 1559768230 
2997723954 1356511197  990175636 1843747593 4165417838 
2705388687 1513685373  667326776 3930718083 3729830899 
3193582946 1330329545 4165101835 1333980963  929829207 
3793734309 2783575061 4149217810  626660809 1077128122 
 510266601 1815587327 1080212236 4100813445 1714060555 
1292745597   94679158 2813607415 3859041041 4127842906 
 269053651 1321743806 1701259765 2965965376 2750511144 
 693231948 3207926411 1183803356  281841813 3992641967 
1641988123 1163659381  461032311 2624664630 1089897343 
1408414958 3826570918 1742009823 1736823275 1827049041 
1083839089 3439907377 3370026398 3045071428 3889621396 
1017370078 1944157897 1528893861 1402678314 3131726447 
3623434607 1327915976 2974422088 2606841447 2410915343 
2616027075  984775444 1133848180 2485711962 3367109271 
3600297355 2263459347 1529594008  481715306  727575196 
 864082461  884636843 3715648553  492462781 3549843995 
1012677607  829088466   82635182 1790646838  716113007 
 892571520   26154280   55541448 1945856515 1462634380 
1556028124 1417022982 1759345561 3090379551 3029403413 
3568270906   92261032 1655878003 2677353705 3342093770 
2386367729 3657410948  281935854 2149068134  521901756 
4022931958  683234645 1839820237 2537616503  693114060 
3444211722 1556931004 1153673861 2232517819 1165309353 
3470445398 1855299702 2395957748  594023426 1787136607 
2023363537 3564304153 3485868112 2286934755 2697046624 
 837334924 1562765736 3137721647  653313681 1235190552 
1212993760  429514860 1196643570  242168121 1717829586 
 853409644 2800132390 3086001914 3343970654 1188616528 
2107972008 3755362511 1046810804 3825070875 1593819138 
2468290533 1782467849  342820753  273904098 3327014791 
 546017316 3693567786 2007631463 2784912434 1601353371 
2379281923 3153244389  845744113  821949213  222483729 
3854436241 3356353722 1095116973 2664200864 1415665547 
4135129217 1380252183 3491471409  690962344 1042407778 
1049205717 1728822764 1021081754  826153136  410262222 
 819848486 1846541812 1926252413 3414769118 2150346383 
4062951908 1328550545  280077400 1767540502 2982395590 
 332132090 1191848970   79043498 3840167498 3482753860 
3321133011 2162694122 1670001210 1687296358 1607808948 
1924858539  771031591 2999184974  420135775 4111283147 
2360357573 2014714193 2445853024 2474918693 1305877622 
 449337853 2435556462 1282498444 4166566112 1220235222 
2535523632 2952633926  436601158   78613972 3323649488 
2042127154 1860259306 4142168484 2354975715 4256884770 
2737268153  401552369 3007735496  555676963 2319737440 
 300250115 2643420905 4061675050 3801650151 2568414076 
3751017145 3489440684 1391718874 3741996725 3717386239 
2995913532 2562251306 1537542324 2709646639 3108088000 
3229485280 2437444143 3585465976  817677238 2257448317 
2666848513 2706425038 2482709258 1594969568 3263024767 
 987355294 2322387772 1918974749   49577130 1307800528 
4197572548 2017778080  868176838 3794278490 4186857436 
3859237523 4068116702 1811146166 2251182494 4008044144 
 159745114  867582908  621130116  518561608  802233116 
2493207674 1019594991  453876126 2255710820 1749027735 
1414331970  909636106 1839413989 2366738853 3717256151 
3846705682 1098109075 1527469831 2620569202 4240788020 
1839799484 4259892334 2302343296 2587715761 2832130212 
1785214285 4116480417 2940272534 2612205538 2901631876 
2254237411 2640873683  136883894  486619388 1383419905 
3007007450 2974005270 3722331386 1186585911 1585556816 
 800948961 3803645826 1051137516 1653189955 3825248963 
2441722508 1864128582 1526562303 3625445693 1396957562 
 646046350 1541208993  384159463 3257716548  795884391 
2495433853 3435884460 2896520486 2372581633 3629727721 
3825721947 3473214876 1688898744  910181767 3033310061 
3896573004 1042557675  746188527  986299567 2092857399 
 931535712 4039852540 4054749671 2430947849  613783084 
2946731958  193984106 1930816854 2189102884 1561093268 
 848046247 3885020381 1769180867 3110997016 3107081998 
2678870576 3885887136 3239637387 3809200290 2175353995 
2352538026 3857499305 3301006146 2777104614 2480162240 
4242202683 3068508764 2547283132  930047350  176343313 
3390952210 4176763732 3039077437 2186733645 2607450971 
1813317313 2462643659 3633637383 1948934794  907241141 
3981867969 3246989937 2062167514 1977971995  547705354 
3061029453 1526407140 1084752541 2695569418 1839749074 
  67475815 3283694965 2563678022 1875875854 2403911599 
2583887972 2945566370 2405835093 1492936987 1504412559 
1129651245  528872163 2990059814 3872993920 3146146502 
 755756624   14877673 1636346258  306907959 3092440691 
2523757018 2377592173 2366563236 3033547256  810557731 
2419601111  117227450 1095586508 1346545723 3691543557 
1434863395  229780720 2264890627 3794966489 1313965801 
3789987786   77430179 1101036825 4210645720 2148821345 
4076747798 3532219820  381715513 1046872643 3773027254 
3218556706 1759361821 1132054483 2242947496  887971402 
4122443736 1267764007 4027629072 2970348643 1153776994 
4136971243 2352910130 3194504116  763580266 2654955100 
 226340606  946675089 1134359679 2474478273 3925535078 
1728410809 3216029939 3641769638 1022904185 3079161109 
4180806639 2974054432 2923094150 1427344329  493239835 
2370065895  516013882 4168108266 1304864912  841481886 
1354619911  644725976 1034206986 2479839733 1531551730 
2950430692 4267403533 1653123203 1324497831 3960423019 
1324373306  335325009  259625751 1455490053 4155409848 
3074928156 2655920933 2955508815 1129564794 3131953607 
 831650701 2568360508 4180371615 2705731683 3981471594 
1198516049 1015341339  157546598 1523700945 4280510677 
1318571235 1956044949 3156981060 4059050119  746744335 
2137132297  176575634 3124094815  141328756 2326946131 
1575014393 3085512287 1374401021 2233275388 4241610683 
1745600734 3920507166  220106641 1458445375  751488313 
1294060710 2488415071  119020330 1527558497 3043198622 
1674294325 3626022425 1590192012  930157314 2077159350 
  81033845 3168020359  666464732  181575432 2921901969 
1009410247 3275798763 2111080306  645419544 3270898513 
2723973712 2519687221 3246857699 1926462749 2988324291 
4112827641 1261299811 4206413367 3227539090 3722755906 
1688306855 2149903854 3312748554 1630352543 2522237953 
1537821748  621775381 1045435579  429487544  185498897 
1192698012 3167383272 2065127231 1263996254 1901344953 
2335665668 2793150995  361243539 1267390896 2975916532 
 848964785 2721532449 2622702323 2556856431 3763013730 
1502775701 3822678929 2105986831 4034151734 2220050001 
3292550299 3293588191 1820829723 3386906366 2258808246 
2415073035 1730544169 1827480384 3796008893 1320164774 
1848181212  826241959 1026847668  964564091 1080494639 
1549963459 2760712752 4068787853 2319718161 1319157931 
 974027643  337544284 2052256900 3159780346 1234119960 
3567246867 1438758369 1199718541 4100937483 2140003436 
 959901714 1745669752  343708482  390333337  208472416 
3143131724 3147751053 1605240593 1240332700 3327541355 
4173462345 1695690552  518892850 1130502175 1792054345 
3167160737 3693122627  127351529 3274582595 4058045687 
2636811161   80426884 2687468228 2993044425  539886067 
 456169606 1655915584  859024201 1549070329 1878986000 
2508091337 3056639061  973930789 2660815252 3678627102 
 514746770 2077840391 1585375872  983867885 1271055654 
1808544428 1037507075 3764384673  106254689 1194497168 
2944387169 1717954347 2578862485 3658102089 3840258253 
2857843684 2258382843 1457608334  675303476 1381941663 
3140368543 2349722446 1624507989  638963392 3467217377 
 760618013 2365137576 3509282673  812614784 3512479664 
3269783441  308650328 1111249998 3378765087  535086028 
2963053737 1157808428   58350426 3645252984  594308060 
3126865247 2611655262 1702424580  820746632 3815595549 
4116748573 1216983555 1284097885 3517558657 2147607854 
3548237573 1776162210 2300092038  917242541 1575997812 
2023806244 2027612902 4263351723 1606641921 3178803456 
 645432488 1188635598 3160520870 1892159681  608694530 
3339322915 3584693110  314657733 1328537453 1348005888 
 262595093 3268630230   75240910 1191532326 4087370136 
2230314199 4108169038 1811180046 3007604927 2585333449 
 348325884 1688639920  371246424  971935965 2355891149 
 863473431 3900512021 1526732714 1232524752 1673178163 
3359326259  938837511 2899888492 3144565407  234851733 
2240115965 1292668223 2917343950 4241872656  613687605 
2119697495 3092150390 3688681025 3651297481 1015847015 
2260047148   51107528  646701670  818194179  379556600 
 149057138 2897113579  218167287 2359248199 1586844271 
2976016878  151491911 3449587291 2401953603  637227402 
1242958448 3375229931 2264939274 2694596775 3503939666 
1037275589 1389141685 1302839990  625310028 3271880461 
1110907956 3898519575 2968279478 1891151028  963938447 
1777742840 3501673186 2545397515 4109155572  548959613 
3159807685 2288505224 4064698454 2908822608 1399027548 
1998283753 1030568311  999001762  766123873  660462462 
3964095126 2281079069 1192690587 2478753710 1528300943 
1012511302 1302439429 1021062115 1207148846  117365011 
 645015205 1099490886  554852199   59755413 3732550369 
   6368789 1060849163 2256306675 3870629649 1404765494 
2827716317 1409919598 2683809785 3320740145 2049347441 
 806539559 3509422325 1469421274 3407144228 1008350899 
3500808040  259937799  819813118  535586030 3290278003 
consumed time for generating 100000000 randoms.
BLOCK MIN: 320ms.
      AVE: 327ms.
SEQUE MIN: 630ms.
      AVE: 632ms.
r = 3878692239
