generated randoms
2027022847 3185816066 3789064393  155834675 1147984995 
1359709956 3939113364 3025469312  737644113 3141906114 
 411847716 2433311123 1220274031 1036099766  386670862 
2294086781   46370053  144530406 3029316557  812492623 
3461499864 3064122370 1782674000 3595074682 2978089662 
3738858143  455482784 2156327997 2006956828  546441698 
   7069335  531513207 2126657468 2076586571 2588708455 
 481267869  187792319 3607192889 2630217004 1833528802 
 566814835 1848804716 1692205909 3636694551 2904900236 
 702274845 3315642818 2485624769 2389452212 1353560478 
2532799144 2785617151  923721874 2807247529 2804861665 
   1729535 3882976895 1982958243 3641831302  786215319 
2251373600 3895878204  285665009 2411893959 3554300766 
 669927830 3494099886 1373461458 3914285847 1379302793 
2794686656 4010275353   72033164 3451236966  302315216 
2767634366 1243092471 2884059053 1440835405 3992368482 
2114574552 1782329888  921774826 1145056936 2338271991 
1685440206 4034707021 3699925276 3167555638 1921857487 
4093500681 3174781084  320330245  205738995  526510281 
2390723710 2197532381 2538069223 2293684293 1217864070 
3752964881 2474544041 1211293647 2709455589  650783915 
2771624120 3360572479 4155695351 2021966738 1006466115 
3396824537 3397401373 2606054051  199187974 3746091949 
4150788230 3959576967  559533389 2856428047  937860583 
2913111378  668009412 3430414915  974673024 2724619058 
1956429443 3693343354 3012652314 1809110211 2673209357 
3500594621   58178378 2745130384 1761593225  501593749 
1130965816   59023935 3582044133 2693199954 1921477413 
1985181427 1619329725  895222262 4031023387 3369221998 
4012948807  153854544 3022416891   19752183 1980688206 
4170337800 2285643575 1161347023  482953256 3641737214 
 273584876 3810515595 2318866312  788017592 3032556901 
3943095999 3049183585 3024268361 3389277869 3855727104 
1297252419 4058276686  473761424 3044860253 2491669590 
1205839546 3383997637 3483898540 2001638200 1973009734 
1762435390 2464529370 1773916348 1016049661 1648493129 
 638982324 2839796711   19184948  700938143  848198779 
3185795638 3310856009 1482568269  968301990 2577759900 
 643116753  851225071 3916487410 2216998529 2340409243 
1734930486 2439153828 1522244141 1808695985 2456954219 
 748010445  885906700  940338629  869782223 3880273775 
 162853757 3167752829  967578619 1396635985 2125253960 
2732169759 3907148703 3792192977 2334439606  378561153 
 296827216  156308062 1361009719 1946300662 3158649743 
2821615749  955964761 2426262385 2796133234 1132602573 
1686844107  428445851   48897284 2714628276 3060221067 
   4198370 1744493683    5611371 3446245231 1422673468 
1249645934 3087759793 2901130585 2761385255 2933012770 
4272706843 1365208284 2179925931 1085306204  528711885 
4189178314 2817624450  271492067  915655267 3134377275 
3358759222 1229246488 2432800552 1585086457 1047025204 
1464331480 3291427553  903701556 2311900518 2606539648 
3502048773   98804318   53272586 2099896702 1000103614 
2730897107 3810471490 2898306522 3921212779 3243702951 
1788001041 1264762106 1942452196 1598607378 2889129452 
1680158690 4199965215 4058843715 3448985020 1467902051 
 231826368 1808273253  619587552 1713765879  960771577 
2538469852 2981311180 2790699772  341522415  160023869 
2015231252 3546723674 1702600796 2569896013  632975293 
1760644577  104785891 1487574941  568635867 2223111710 
2090852708  515578861 3083770110 3473899615  539953528 
3854987805  458236017 1063369859 3401485787  795645961 
4256053011 3155111647 3122348548 4128476597 3050530933 
2585819804 2957538623   50362573 1758372295 3476895864 
2421051272 3621137325 3617823794 2048707282  246380489 
1129435967 2575670720 3196025992 4060113202 2847715843 
1851344933  196072856 2272135314 3450225561 1613657599 
 717863231  713279659 1013153256 3098589762 2054924225 
 877756904 2485662783 4237942448 2507276361 3496909783 
 133968274 2124641926  312051822 2946943135 1382103086 
4072774777 1018827529  289682861  367629748  240999328 
2647542094  721087348 3484269215 3006698851 2956623448 
2119732666  594873211 4100849768 2383988885  351000632 
3372454808 1900382537 2290303327 2266753382 2034584188 
1671323524 3277567247    2682986  891699935  638858767 
2867237323 2807539972 4016929764 3641867871   36257744 
3138541293 3053854229 3380811332   21417899 1618926419 
2147200731  543102553  211424254 1195621338 1391700081 
3850577466 1887362719 2472732661 3441809172 2673796473 
1780430842 2551679080 2578642877  917466276  819782659 
1974760612 3983335413  786342545 4173537125 1394960726 
 794939444  925570932 2190807363 4239316088  496491187 
1411726760 2506259239 3576184832 1798474609 4222120416 
 291861075  867209865 2603651582  227718027  574954364 
 874384848 3228576276 3562281314 3433557725 3316973027 
3998423214 4289943179 3067848853 2009765285 2663339037 
2791911637 1668344070 3385883413  940195134 4029171764 
3428438760 3675749578 3929806297 2730835524 3371832422 
2990220321 3935917785  634613996 3802027636  889681517 
3748351575 1352520722 1818052508  389595669   54733777 
1858812072 3788641336 1736252237 1830588815 1541435388 
3337909995 3464101570 2929708126 2522023352 3256734455 
1883287176  436636515 3130757720  945083569 2134707248 
1572467598 3858817572 2276901383 3710435173  510565316 
4265409078 1384774118  876829683 2429788289 3652326088 
1185969417 3375577229 1182952127  250566318  375840667 
2230366362 1605489849  398008913 3190926922  273426691 
3373118859 1024270247 3506727595  970842879 3327657404 
 842904114 4177192870 1755652043 1907446815  669427742 
3903820781 3571635910 3156094000 1728894867 2721801228 
3507260573 3819121918 3781485603  435289057 3225455331 
 428246483 3241392496 3725411359 4109025983  636856551 
1977123412 2852253330 3417088317 1037831783 2271586491 
1018653327  471489770 3947487669 2219135370 1532969595 
2810193356 2741176528 2531741794 1334153974 2228810380 
3468652691 2297865316 4009573225 1456873763 3310223215 
 652040112  964784210 1874662431 4199460191 3854461687 
1573183403 1258576957 1996217596 4081865817  978279242 
1483447797  422316690  349043793 4091514272 2347095325 
2353063940 2197558571 1419678400 1378145228  659259625 
1664350189 1160798372 3912143923 2169165704 3408262597 
 775207422 2205943174 2556115993 3312080198 1327576181 
  45931403 2524307532 2298092962  349251400 3053441274 
1727053323  509639863  675494111  451051541 2581745653 
  50336673 3022668665 2335336244 3697979911 4008166567 
2413814340 1320420953 2303585008  207022798  933796322 
 828846228  230133032 4205197667 4105929550 3085123771 
1791806223 2108756528 3481193604  877456166 1093543875 
1601560706   11076001 4179605135 1060134371 3812670429 
1206373344  205085958 2983291222 2436775898 1939828323 
3040335021   14568795 1573281676  956798892  257621073 
3571652767 2200203170 3350667763 3650860510 1618169465 
 967344327 4114928367  265291417 4025637384  863095997 
2294664512 3663559265  133023240 4151268280 2479581516 
1336862217 1191026538 4222448474 3315832326 4219773742 
1038109846 2375795236 2421563328 2008161083 1030900286 
3115501023  400821695  930550562 3395113312 2038254145 
 125004123 4267600988 1769053530 2852063065  583330093 
3384471990 1634121236  243259983  748349898 1310602405 
 329430404 1276107959   35548838  312324936 4243193906 
1607884361 3174366605 3190031220 3531774444 2190629073 
1348202865 3498261871  546227525 2743934780  421406456 
3695637564 2438985795  341900594 1863077283 3650598572 
 335898869 2560952023 4157727414 3764293715  600957440 
1824976537  776548694 4041608410 3076353505 2764817773 
2923567518  296258595 1561873704 1250213796 3254455976 
 805652678 3034917341 3320641979 4053951190 1585871119 
2332536848 3045531183  391390243  883242589 2739757844 
4278895636 3391839760 1407213763 2675730288 3311031719 
2146272104 1643671636 2421953924 3796007643 1647927997 
   4692129 2501967691 1049018389 2315710277 3741842187 
3044059669 1141312736 1365406177  460249430 1390199035 
3769417718 2753994762  872834036 1192117799 3484667757 
1411574250 3447537696 1406218083   64907633  421744459 
 374342846  113727931 1621681564  545866713 3897443972 
 402757224 3505185573 1936586718 1682016561 1869709437 
2101426607 4123907819 2315543854 2661945893 2028286907 
2435731170 3956460965  750870253 2003757871   50461185 
 587014648 1180088485 2249073482  150906552 1435805052 
1904601028 3484449751 4256080668 3221322565  986023712 
3767043339 3958959069 1195172922 2706623369 3163444210 
3580459172 1265648727  527807556  251093156 2307760882 
 529036609 1628853875 1878175068  154537725 2550353775 
2905427393 2647086986  311463099 2641451298 1318879265 
 960307056 2201684236 2023145852 2324349828 3167191511 
3587482739 1273474891  886313309 1837410612 2169142066 
2133354904 3990926508 1628050007 1882758601 2311518320 
 290283720  837532378 4273691598 3043927236 3487880925 
1429765819 2317127991 2296191548 2921736194 2949177187 
3032663328 2703028834 2052197674 1681579303 4248089892 
  99620856  293872974 3093467613 1382037565 1070210675 
1103563403 3590695062 3403294588  465573074 3250765422 
2088135120 3884301256  262911006 1294243458 1799269887 
 684213730 3107850330  833855572 1643703749 2613354041 
 279384443 1789175987 1000083755 3422940678 1406000748 
4175074352  973297504 2250384465 3222524878 3291470057 
4139851261  102482584 1669871193 3471671809 1584252009 
  71852682 1246553953 3431135735 3671093980 3018934536 
 947548162  340944680 3280296227 3909411576 2914599165 
2033870112 3350878541  491360237  148936894 3818054710 
2115192146 2656408123 1008967314  897137072 1736562548 
2635529939  848771965  406611349 2507216628 1032417571 
 673410617  380192656  197264222 3623576209 2986305789 
3655637131 2288475169  819863283   78412674 2350118202 
3998389268 1957315597 2986846357  545351692 2990158182 
1489196494 1642154696  391367664  391551209 1649374321 
 991035396  745801328 1329235067    7008671 2835663618 
1736615753  632113822  430412896 4217646266 3263955142 
3045133096 4223696839  382998364 2579541856 1451405537 
2450119284 3648818237  364392224 2602986075  204724610 
1927473440 2368642469 1772812377  761142684 1669708508 
4250273556  697207831 4227645163 2055517992 2877162732 
3940660084 3178308236 1129946159  199640839 1367979900 
3742799434 2797881141 4243387651 3836695302  313797045 
1312972139 3573296215 3703463951  248892234 1396998346 
2818512409  496253704 1617790767  193347269 3889988949 
 599220688 3064190133 3848009817 3481178093 3005943275 
3346909450 3658356698  799095381 1749760160 2032670479 
1963365593  741898032 2016837308 2650992260 4185626292 
 366254921 3928502072 3956513926 3934366583 3163485181 
3162452109 2467628445 1976099374  899520645 2289135421 
2621857553 2039595972 3152874441 2461415699 2974198477 
3927782511  672857539  701584364  683251878 1955517773 
1374069326 1667306576 2598249193  383859241 2623952025 
1200639462 4165219855 2474967043 1697128087 2341415612 
 744404357 2900429817 3652822860 2951385717  846240782 
2168916070 3095556824 3915424212 3788701660 1858749369 
1358092553 4183553189  766397935 2068044716 1596904283 
2934984549 1509920628 2181372883 3386412297  370618777 
3908588991  611091577 2332596265  582256853  980461191 
BURST:480 ms and 99840000 randoms = 0.481 ms per 100000000randoms
SEQUE:841 ms and 99840000 randoms = 0.842 ms per 100000000randoms
