generated randoms
1365615493  313484636 3968065689 3294687081 1591224139 
 304597320  240183967 4129728572  685860259  227716965 
 740066272 2198102255  309254183 1765943241 1963872490 
 235284136 3881361765 2627572399 2911640707 1778582624 
3745672920 3231269415 4014280272 1175324198 1114069217 
2716638610 2158857244 1644823300 2848932462 2313197890 
 422528270  805703174 3030542168 2290216093 2975903116 
3758230019  925486914 3344556185 3067686725 2684356110 
1771348583 2232975852 2900451501 1610613258 3209112015 
1527208416 1214699823  536870918 1889113250  864360577 
4116504928          2 2862565161 2806712153 3645400793 
         0 4091582868  363037976 3479526625          0 
3236601671 2284276487 3888728166          0 3968065689 
1365615493  313484636          0  240183967 1591224139 
 304597320          0  740066272  685860259  227716965 
         0 1963872490  309254183 1765943241          0 
2911640707 3881361765 2627572399          0 4014280272 
3745672920 3231269415          0 2158857244 1114069217 
2716638610          0  422528270 2848932462 2313197890 
         0 2975903116 3030542168 2290216093          0 
3067686725  925486914 3344556185          0 2900451501 
1771348583 2232975852          0 1214699823 3209112015 
1527208416          0 4116504928 1889113250  864360577 
         0 3645400793 2862565161 2806712153          0 
3479526625 4091582868  363037976          0 3888728166 
3236601671 2284276487          0  313484636 3968065689 
1365615493          0  304597320  240183967 1591224139 
         0  227716965  740066272  685860259          0 
1765943241 1963872490  309254183          0 2627572399 
2911640707 3881361765          0 3231269415 4014280272 
3745672920          0 2716638610 2158857244 1114069217 
         0 2313197890  422528270 2848932462          0 
2290216093 2975903116 3030542168          0 3344556185 
3067686725  925486914          0 2232975852 2900451501 
1771348583          0 1527208416 1214699823 3209112015 
         0  864360577 4116504928 1889113250          0 
2806712153 3645400793 2862565161          0  363037976 
3479526625 4091582868          0 2284276487 3888728166 
3236601671          0 1365615493  313484636 3968065689 
         0 1591224139  304597320  240183967          0 
 685860259  227716965  740066272          0  309254183 
1765943241 1963872490          0 3881361765 2627572399 
2911640707          0 3745672920 3231269415 4014280272 
         0 1114069217 2716638610 2158857244          0 
2848932462 2313197890  422528270          0 3030542168 
2290216093 2975903116          0  925486914 3344556185 
3067686725          0 1771348583 2232975852 2900451501 
         0 3209112015 1527208416 1214699823          0 
1889113250  864360577 4116504928          0 2862565161 
2806712153 3645400793          0 4091582868  363037976 
3479526625          0 3236601671 2284276487 3888728166 
         0 3968065689 1365615493  313484636          0 
 240183967 1591224139  304597320          0  740066272 
 685860259  227716965          0 1963872490  309254183 
1765943241          0 2911640707 3881361765 2627572399 
         0 4014280272 3745672920 3231269415          0 
2158857244 1114069217 2716638610          0  422528270 
2848932462 2313197890          0 2975903116 3030542168 
2290216093          0 3067686725  925486914 3344556185 
         0 2900451501 1771348583 2232975852          0 
1214699823 3209112015 1527208416          0 4116504928 
1889113250  864360577          0 3645400793 2862565161 
2806712153          0 3479526625 4091582868  363037976 
         0 3888728166 3236601671 2284276487          0 
 313484636 3968065689 1365615493          0  304597320 
 240183967 1591224139          0  227716965  740066272 
 685860259          0 1765943241 1963872490  309254183 
         0 2627572399 2911640707 3881361765          0 
3231269415 4014280272 3745672920          0 2716638610 
2158857244 1114069217          0 2313197890  422528270 
2848932462          0 2290216093 2975903116 3030542168 
         0 3344556185 3067686725  925486914          0 
2232975852 2900451501 1771348583          0 1527208416 
1214699823 3209112015          0  864360577 4116504928 
1889113250          0 2806712153 3645400793 2862565161 
         0  363037976 3479526625 4091582868          0 
2284276487 3888728166 3236601671          0 1365615493 
 313484636 3968065689          0 1591224139  304597320 
 240183967          0  685860259  227716965  740066272 
         0  309254183 1765943241 1963872490          0 
3881361765 2627572399 2911640707          0 3745672920 
3231269415 4014280272          0 1114069217 2716638610 
2158857244          0 2848932462 2313197890  422528270 
         0 3030542168 2290216093 2975903116          0 
 925486914 3344556185 3067686725          0 1771348583 
2232975852 2900451501          0 3209112015 1527208416 
1214699823          0 1889113250  864360577 4116504928 
         0 2862565161 2806712153 3645400793          0 
4091582868  363037976 3479526625          0 3236601671 
2284276487 3888728166          0 3968065689 1365615493 
 313484636          0  240183967 1591224139  304597320 
         0  740066272  685860259  227716965          0 
1963872490  309254183 1765943241          0 2911640707 
3881361765 2627572399          0 4014280272 3745672920 
3231269415          0 2158857244 1114069217 2716638610 
         0  422528270 2848932462 2313197890          0 
2975903116 3030542168 2290216093          0 3067686725 
 925486914 3344556185          0 2900451501 1771348583 
2232975852          0 1214699823 3209112015 1527208416 
         0 4116504928 1889113250  864360577          0 
3645400793 2862565161 2806712153          0 3479526625 
4091582868  363037976          0 3888728166 3236601671 
2284276487          0  313484636 3968065689 1365615493 
         0  304597320  240183967 1591224139          0 
 227716965  740066272  685860259          0 1765943241 
1963872490  309254183          0 2627572399 2911640707 
3881361765          0 3231269415 4014280272 3745672920 
         0 2716638610 2158857244 1114069217          0 
2313197890  422528270 2848932462          0 2290216093 
2975903116 3030542168          0 3344556185 3067686725 
 925486914          0 2232975852 2900451501 1771348583 
         0 1527208416 1214699823 3209112015          0 
 864360577 4116504928 1889113250          0 2806712153 
3645400793 2862565161          0  363037976 3479526625 
4091582868          0 2284276487 3888728166 3236601671 
         0 1365615493  313484636 3968065689          0 
1591224139  304597320  240183967          0  685860259 
 227716965  740066272          0  309254183 1765943241 
1963872490          0 3881361765 2627572399 2911640707 
         0 3745672920 3231269415 4014280272          0 
1114069217 2716638610 2158857244          0 2848932462 
2313197890  422528270          0 3030542168 2290216093 
2975903116          0  925486914 3344556185 3067686725 
         0 1771348583 2232975852 2900451501          0 
3209112015 1527208416 1214699823          0 1889113250 
 864360577 4116504928          0 2862565161 2806712153 
3645400793          0 4091582868  363037976 3479526625 
         0 3236601671 2284276487 3888728166          0 
3968065689 1365615493  313484636          0  240183967 
1591224139  304597320          0  740066272  685860259 
 227716965          0 1963872490  309254183 1765943241 
         0 2911640707 3881361765 2627572399          0 
4014280272 3745672920 3231269415          0 2158857244 
1114069217 2716638610          0  422528270 2848932462 
2313197890          0 2975903116 3030542168 2290216093 
         0 3067686725  925486914 3344556185          0 
2900451501 1771348583 2232975852          0 1214699823 
3209112015 1527208416          0 4116504928 1889113250 
 864360577          0 3645400793 2862565161 2806712153 
         0 3479526625 4091582868  363037976          0 
3888728166 3236601671 2284276487          0  313484636 
3968065689 1365615493          0  304597320  240183967 
1591224139          0  227716965  740066272  685860259 
         0 1765943241 1963872490  309254183          0 
2627572399 2911640707 3881361765          0 3231269415 
4014280272 3745672920          0 2716638610 2158857244 
1114069217          0 2313197890  422528270 2848932462 
         0 2290216093 2975903116 3030542168          0 
3344556185 3067686725  925486914          0 2232975852 
2900451501 1771348583          0 1527208416 1214699823 
3209112015          0  864360577 4116504928 1889113250 
         0 2806712153 3645400793 2862565161          0 
 363037976 3479526625 4091582868          0 2284276487 
3888728166 3236601671          0 1365615493  313484636 
3968065689          0 1591224139  304597320  240183967 
         0  685860259  227716965  740066272          0 
 309254183 1765943241 1963872490          0 3881361765 
2627572399 2911640707          0 3745672920 3231269415 
4014280272          0 1114069217 2716638610 2158857244 
         0 2848932462 2313197890  422528270          0 
3030542168 2290216093 2975903116          0  925486914 
3344556185 3067686725          0 1771348583 2232975852 
2900451501          0 3209112015 1527208416 1214699823 
         0 1889113250  864360577 4116504928          0 
2862565161 2806712153 3645400793          0 4091582868 
 363037976 3479526625          0 3236601671 2284276487 
3888728166          0 3968065689 1365615493  313484636 
         0  240183967 1591224139  304597320          0 
 740066272  685860259  227716965          0 1963872490 
 309254183 1765943241          0 2911640707 3881361765 
2627572399          0 4014280272 3745672920 3231269415 
         0 2158857244 1114069217 2716638610          0 
 422528270 2848932462 2313197890          0 2975903116 
3030542168 2290216093          0 3067686725  925486914 
3344556185          0 2900451501 1771348583 2232975852 
         0 1214699823 3209112015 1527208416          0 
4116504928 1889113250  864360577          0 3645400793 
2862565161 2806712153          0 3479526625 4091582868 
 363037976          0 3888728166 3236601671 2284276487 
         0  313484636 3968065689 1365615493          0 
 304597320  240183967 1591224139          0  227716965 
 740066272  685860259          0 1765943241 1963872490 
 309254183          0 2627572399 2911640707 3881361765 
         0 3231269415 4014280272 3745672920          0 
2716638610 2158857244 1114069217          0 2313197890 
 422528270 2848932462          0 2290216093 2975903116 
3030542168          0 3344556185 3067686725  925486914 
         0 2232975852 2900451501 1771348583          0 
1527208416 1214699823 3209112015          0  864360577 
4116504928 1889113250          0 2806712153 3645400793 
2862565161          0  363037976 3479526625 4091582868 
         0 2284276487 3888728166 3236601671          0 
1365615493  313484636 3968065689          0 1591224139 
 304597320  240183967          0  685860259  227716965 
 740066272          0  309254183 1765943241 1963872490 
         0 3881361765 2627572399 2911640707          0 
3745672920 3231269415 4014280272          0 1114069217 
2716638610 2158857244          0 2848932462 2313197890 
 422528270          0 3030542168 2290216093 2975903116 
         0  925486914 3344556185 3067686725          0 
596 tick and 9984 randoms = 16.75 randoms per 1tick
1676 tick and 9984 randoms = 5.96 randoms per 1tick
