generated randoms
2139452772 1955706589 1915648661  177079771 4058642683 
3333386600 2778040403 1169693151   25747780 2001161319 
  76603444  931691632 3872707687 2981980732 2660393892 
2565187656 3924745637 3562579079 1616478844 2965254133 
2195557675 1405332496 3466401274   26571034  976382384 
 651919728 3533263215 3075291720 3475883412 1693273695 
 921742544 3167646504 2807480679 3780853186 2816090457 
3114124944 1762429853 2631761060 2714188615 3038178621 
 142386510  800448762 4203009928 3431241331  436103772 
4138868437  879928770 4271814211 3523797488 1973493237 
3698193903 1704281733 2991283847 2673183078 4177243453 
1276679395 2037502374 3073318174 1284540096  824523005 
2778840900 2571953420  179309607 3190840536 3187499035 
1440879507  320036876  752883243 4188396811 2334297251 
1444226025 2384018137    3819273 3560413856 2144995265 
4185925823 2789017523 3172671244 2451728604 1524957325 
 338449832 2558240436  169211121 4007935444  316551957 
  22560342 4149064196 1576198630 4234966639  727805806 
2214248887  379998989 1272910699 3454710514  654050969 
3798532101  256096904 2420390225 4033121034 3289680700 
  97113238 2315765805 3398649847  133654913 2734715545 
1585511308 4138499676  360514260  627092175 1353917110 
2243672719 2717408702  706269368 1605946723 2610364919 
3719453062 1010257904  162470623 1907614869 3357352612 
3360735066 3610424704  448968702 3028471903  287528720 
4001129750 1130080423 2617737009 1756575942 2767664504 
3258541125 1536639784  740589072 4150479669  453032705 
2969444830  510080018   45170062 3201736303 3134401035 
2146912906 3587777741 4165491288 1056289330 1993184050 
1767066387 2716581772 3086557148  263580608 1653495172 
4051538125 2486644007 2936514022 1549302738 3511980446 
1636328547 3166687247  215085279 3451854471 3508376663 
2031350389 3640573114 2164098548 2043143520 3602780651 
4032183224   77138444 3680292982 2130750165 3486214691 
3388668816 3205541209 1483807855 1943237933 1938118726 
1998123146 4025866597 2697077755 1582489476 1579917495 
1867819446 2551322415 3117439570  517570041 2966951440 
1778730183 3446706390 3922545665 3155031275   38550113 
3185973849 3797008788 3953248093  640944015 2977555161 
3506619052 1245170569 1375055798 1708600175  790827352 
1741325816 4249629528 3159531081  944698479 3976437415 
1749270804 3524091458 1783167224 1471324448 1069766307 
3675227074 2696976646  376825236 3431590685 1600632424 
1390670078 1140183422 4072836020 3347711971 3283207714 
2531470827 1685097325 1749672294 4012189819 2339127723 
1700178332 2751834884 2130968986 2621346636 3816386145 
1503352630 1125280087 1662977666 3108732445  248191495 
1269583298 3211292004  137108041 2410309353 1956133308 
3973114082  935706743 2603065025 4104848556 1323203298 
 744309442  495712285  931715665  781799813 1900496445 
3090288363  111981173  266169840 2418985429  900973090 
3221825826 2580954704 4283868373 2329640689 3674730607 
2998916938 3032999406 3803868997 3918200914   58340323 
 489045537 4120384289  884940677 3790409786 1933344415 
1589376219  892759510 3690092650 2938525124 3973601292 
1527599809  939785612  955582921 2411986896 1170093247 
2658350984 4184740311  881830549 3799166473  491896589 
2335868912  891190601 1170951926 4026215225  906816026 
1524259635 2346109222 4108191855 2519715727 2901147675 
1485092093  118271061 2530794050  790796462 3513166559 
3587395916 3787396572 3757210587 3172560507  954584794 
3637492121   17373417  442275320  199422262  858477548 
 384863295 2908828459 4057513616 3725257526 4232501890 
2500007342 3141047443  402779613 3892928416 1652402781 
2139756533 1804225714   66428027 4151425997 4098912869 
2488914476  351098674 3259742215  633079455 1802753092 
 986749559 1551642476 3689464235 3432944312 1419991068 
3432382128 2209354240  417104599  366876692 3270230064 
 495781155 3199670211   20310506 1157669638   39497113 
 642264131   74019083 3595900485  737178453 3729074815 
  33987262 3782913127 3410330551 4250642760   68056358 
2418221701 2468900701 2637485315 1755372839 3175196285 
1672283401 2677897400 2962092569 2494938128  672348966 
1122235086 3792642175 3225084415 2446247912 2854323904 
4279900150  240928867 1841489989 1423487319 1766257606 
2448326036 2029937768 4104962257 2076085597 1436741393 
2516408820   45320414 2191082345 3459069018  721718357 
4235427420 2641172961 1662240308 2381150017 2942077663 
 599134280 1758997278 1862961768  198380032 1025152232 
1686225921 1558739049    9548613 3126779265 2304746446 
1259210828 3718423623  296066016 1217258414 1831532771 
2418142930 3912087419  577018739 2825443900 1892570352 
3373518142  435039352 3686340215  684680473  554966014 
1852457983 2383894914 1745558590 1872184160 2814657734 
3578608509 1446029496 2189899765 2401581743 3673818974 
1413426223 3864176093  849413668 1190600726 3577037452 
 932445464 1524115527 1052647259 1637244926 3453571709 
2205672691  856748456  340266650 1461891658 2202307474 
 869832060  141301132 3574897079 1443895863 3193804802 
 275558812 3662746304 1724885859 2781094051  392237718 
3454724668  796117295 1184023723 2004436434 1228791978 
3523825094 3600552228 2796482463 2086257124  125130101 
4139144511  842457068 1811914575 1009366816 2437213824 
2800524270 2085458537 1945724200  530724236 3075719982 
 336126169  916369823 1043314642 3862066288 1129422522 
2116133954   77000049 3187184416  625101940 2717001884 
3357591788 3663472866  513718277  949692229 2754551057 
 497368846 3268152383   94414778 1215039629 1315377869 
3299330839 3144170854 3809073135 1968939981 1288440173 
 486317820 3784386268 1817370311 3180978351 2502103262 
 104214958  523390978  440530086 2920693622 3937134904 
3368322898   34168319 1783808800 1614655960  335554793 
2657470759 3668580874  730858880 1502828860 1589024449 
 471160655 4076762890 2265840875 2584397203 2833274516 
1468129675  515978197  109024345 3351740697 1241766378 
2923739676 4212835313 2767749430 2999043155 2226383803 
4016866408  991963426 1029389283  631638023 1038422476 
3357759191 1461830618 2758288413 2817899051 2339263288 
 132961476 3820749690 1997526563 2488379422 3462351414 
2214010111 1727968997 3254375750 2633746356 4233871174 
 834820797 3016723124  332864792  453925376 1784873089 
1053278648 2821057318  378560001 2018117568 1351113919 
1935674218  842005439 1180961304 2790575618  810704469 
1657030792  771624589 2460960109 2191084344  288313737 
2634542416  384455205 1747196951 1845535249 1377101799 
2489977164 1656286984 2773983386  651082881 4287300382 
2159672176  314121575 3841001839 1007047649 1667754599 
 787896611 3547689751   62171721 1550924751 1122978880 
 317115418 1205291382 1141569963 4093583268 2135115801 
3418055312 3420451952 4248982012 2509143872 3643615170 
4238474195 2284097888 3688038901 1189875243  973912747 
2113768847  368027637 4098958444  930328288 3177830528 
1584140183  866008792 3068531300 2112965323 1006621309 
 415869388 1140788101 3762547322 2617716523 2532308578 
1357867518  506795884 1429022897  227564200 2938863733 
3707079950 2593991320 4087377323 2638634764 2617078030 
3156136046 3626106821  850643281 3469450867 2161748701 
 554814553  354149968 1642645030 3876055815 3261233292 
 309605029 1596383214 1390018969 1597595887  124819140 
3002654112 1164307881 2884690217 2987510182 2906292391 
1124327966 1118547772  515337510  442935961 4206429391 
1232279058  166694055 4151035059 3232608174 3145230285 
1176922124 4256558302 2805468609 2511929479 3429014283 
2361067138 4282693123 2323591056 1481198199 1636119388 
3820083106  934890811 3021371835 2116536427 1752128360 
3834145258 3614256745 4074187221 1173407988 1827927432 
2662360646 3550373116  619669419 3040300074 1381322186 
 181394197  376566617  402204068 1940844949  206528441 
2870692461  444718425 1749611683 3647936094 3266009678 
1153519391 1748135591 3497920238  613173874 3069313475 
3684796941 2727174564 2634460581 1874940630  473782964 
3097859327 3440461488   21395266 2105583188 3748423054 
  95313055 4075162843 2124403637 4190939229 1708383728 
 374140930 2046099175  278300522 1304947237 2849442370 
2646437216 4022282495 1711575719  896904270 2375580484 
 750190789  758396230 2053906897 1854705109 4029340347 
  41727320 1867728082 2291687420 2518221438 1222236699 
3914257607 2018625371 1188109170 3074860859  872164875 
1521357909 3760234174 1177804059 2817582053 1493667613 
3577239121 1041999607 4258366635 2446303201 3170756249 
 250318681 1554677086 1753812490 1485525043 4074817863 
1398311729 3078153033 4103233769 1265806320  938611747 
3863872731 3398688915 2908508939 3745235982 2821614101 
 808403869 3998869408  588800217 4057859784 2931997489 
 278612765  747607904   52374165 1104352562 2937758256 
2837207819 3341519193 3450842116  329981374 2696773785 
3793677440 3163975238  813687651 1480807122  156094974 
3446101550  595113681 2715179537 2512258068 1633409582 
1144701496 2735524131 2718439346 3601720224  951325637 
1711228221 2251623407 1697577165 2580514792 2492970771 
3996561374  724157709 1207248315 2208953382  975054331 
2551159971 2374545381 3556895623 4291601634  553505358 
1513128667 3223105492 3439111408 3541549856 1910097703 
3431770609 2110311108 1831630646 1874124401  763857123 
4047182855 3425564347 3340307491 2635461260 4135388150 
3295640322 3339640956   61319421  924309832   41768597 
 543726236 1774031710 3383294634 2144274721  640856551 
1567277213 1155180646 2150156273  692152536 2437722849 
3673423941 3471633641  782275988 2261651625  943598357 
3873077206 2472055007 3715371503  506567698 2609668493 
3861921263 3165946105 2540560915 1869597228 2811744887 
1859723377 3252275244  463347105 1460905709 1091325420 
2882110253 1750446743 2511668245 1313043995 2199216262 
2204439387 2429065857 1451039324  395676929 3478700676 
1973666051  616399888 2363767317  647715717  743038011 
3256290050   75232281 2779730199 2664232487 2090382978 
4170635978 3234723751 2505748036  450956577 1052917727 
3766926564 2607448271 4195510711 2693306608 1629494787 
3646598642 3020141113 3795951155 3885425893  931178185 
 543769484  273675803 4165188292 3336315953 1440247664 
3997798912 2453350916 2283474391 1646401218 1426310882 
 317230208 3541836696  169898663  560571961 4276307919 
2536147195 2197123632 1390986845  141999782 4293906353 
1385605795 3551007345  380996852 3626295737  819264916 
1912636340 1275841494  708503615 3994871328 3541757919 
2923054033 2089132481 2213370797  567194456 4116075829 
1257194127 2882419811 3759391717 1495427548  468139457 
4218474644 1128760016 1981040235 3731054487 2392777190 
4161965378 1004943490 3856934704 2875776625 3998700290 
1357888716 3220410491  444570368 2996619158 3811296006 
1076391501 2719925851 1053962610 2971693348 3274094009 
 599154084 1212823562 2954066597  145080380 1627179227 
3810675904 2537982527 3223667767 3373974852  487669578 
3917390938 2152974686 1150417738 3941849561 3354715059 
3999269535 3285172067  230082119  370800878 2065844070 
3180418686  356946947  856607163   72852065 1359998949 
2844752126 2742325309 2225439190 1842563536 4188125197 
 683380564 2595038205 3807627106  490192209 2876854088 
1776671983 3626986795 1163749410 2933087280 1184580300 
4131805702 3759890488 1266285920  551283272 2264109618 
BURST:390 ms and 99840000 randoms = 0.391 ms per 100000000randoms
SEQUE:810 ms and 99840000 randoms = 0.811 ms per 100000000randoms
