generated randoms
3616276093 3942184478 1191445713  731181739  757507824 
2383580973 2710013967 1304856348 3524020202  137451115 
1611255642 2789989541   18355697 1154817709 2277312244 
2398647913 1352683904  668898871 3420373967  399047563 
1016024988 3085010391 2033527309 1613932935 2368503967 
3084354751  865642038 1015002280 1652591678 1373702604 
2002840118 1925433499 2236773611 2408780112 1058854812 
3844018826 4095745247 3459030350 1331213021 4221582210 
 503315882  382972348   57404459 1030882835 3607702414 
1688124886  305538820 3259478020 2751354022 2070011278 
2358196436 1260074924  467273667 2199501895  202475598 
3347987488 4234967981  159980745 1073044394 1752687422 
1897326401 3364774286 4187381894 2886735464 1954519868 
2546666201  414016240 1722159032 2802774695 2175562608 
1891345181 2293770634 2195931411 1874776972 1820128084 
3606112534 1913908437  130128963 1749088588 3324260207 
4125674239 3815169248  453555594  150112639 3600278780 
2953354278 3315402278 3281159520 3222380109 1182055271 
2647057867 3824536184  783118265 1138765412 1707633543 
1734931866 3438236209  676965378 1726529189 3820123195 
2262506552  599725567  297553317 1905628124  332086838 
  62055951 1965118936 1709731992 3661568619 1519724148 
2815929267 3027601706 3268983330 3507284884 2897196884 
 344713064  615642153  348329031 3025405595 1430102053 
 596474110   90626997 3366840732 3549821578  597727252 
2875164807 1096209383 3297425330  385906478  330782838 
3543211217 2690057100 2906683688 2281637761   80636965 
 742864078 4139933220 2166525624 1106522807 2088627960 
 538010790  862668316  902593678 3170914743 2756680002 
3117897333 2021315496 4223555874 2949487427 4174217815 
3717046694 1225009604  587515834 2654780509 2654385765 
2411132601 2660802579 3469960958  257463708 3265012089 
2243134371 3836194144 3726678575 2175427246  206119235 
4074489773 2989540298 1384693296 2207822437 1020861632 
 611066950  972952001 3621524557  161125212   24638370 
3331568904 1607975228  901194083  485500100  410115312 
1206207689 1541213248  351380978 2689235455  231119979 
1445542563 2937678722 4180962465  655198967 3000787866 
2563740233 3870716492 1400568793 2393818660 1005019951 
4019120197  636020268 3622503308  290082776 1236766929 
 618348357 2665318094 2277011132 1655012247 3973296089 
2153731109 3347705359 2389053270 2824587163 3428587382 
 553450116 1639472485 3485612622 2266298959  224656405 
2915428052 2251709315 2435761223  593081252 2208715273 
3831855260 2337436828 3084949728  409746791 1953944356 
3075429408 4052910727 3423118777 3784484536 2562975431 
 302956596 4120375194  615248478   51259985 1632986264 
1027184377  877206792 1087024265 1587330567 3506769249 
 299799265 1021279001 1774441372  645103151  954589406 
 753780995 1499067752  104877042 1345985288  261254639 
4115212772 4256773150 2879660746 4260128683 3353192974 
3925016957 1810513412 2208057820 1678543033  905384433 
1234085703  657030622 1362555105 2507308123 2119095003 
2605472521   73205520 2124850369 3912929080 3080814119 
3765735643  995608637  208948182 1342775549  844889466 
 696183923 3379753289  345835692 2669600977 3803433466 
2355528740 1953381170 1624643386 1130845967 4291491799 
2123102714 1475202338 4022429624 3596573479 1484143001 
3866436949  834057963  801892066 3525631165 2946072423 
4126717623  959737525 2658431827 2192917399 1899780279 
3176475235 3188304444 4147811372 4138539930 1744061510 
3404868569  725010703  235263088 4230797086 3630975638 
4143237611  811040038 2453744769 2054054285  901960758 
3426733853 3263931792 3970489679  283576492 2453594118 
1179176331 1681901178 2347134563 2767124508 2128865519 
 561770680 2875305714 1498054261  525620416 1973833118 
1174612604 3102871797  813460241 1107274168 3249797100 
1514289997  962974603 2092510804 3773471825 2109414671 
3338561194 1339997920 2337433834 2951005252 3051567430 
3641354424 3247135949 3714087428 3102367625 2959584060 
2983991598  921322827 4102542261 1324197615 2324876596 
 897827201 1004238895  328031164  612114432  303384055 
2775314391 3670495575 4286867629 3006352240 2335946703 
2978924760 1539179747 2728975209 2536592211 4146197671 
3974662990 3315597604 1673835356  438269274  967231434 
1825258050 3435854645 1243021602  101144750 2641437962 
3625034684  198996780 2994640958 2707295905 1632792502 
3662894636  616181692 3553079460 1699999792 3067871819 
2386800979  504158316 4070898532  683394941  509253807 
3027687832 3819132350 2688807075 3440544625 2108279761 
3400823252 3353446523 4289913158  763660074 1706269091 
3505595956 2761863221  640656764 3837180251 3889315652 
3635176888  734549148 3681237570     116537 2332097692 
4211561567 2760951855 2768335263 3120671494 3273041091 
1010175402 1781831299  853522165 1624947717 2042560945 
 859171960 4170398315 3469965719 1222488878 1683580210 
3135952517  346032165 3502801480  480755892 1258581452 
 957131164 2324445276 4177369591 2509998529 3638296166 
4092929392 1846169460 4265172250  249537661 2178453823 
1747150840 4189987701 3561965334 3601892616 3659757438 
2388378419 2743610917 2565811468  915822441 3367849742 
3511496293  918823770 1082750116  244784181 1733193451 
4212136640 3286272058 2899977512  779616793 2947736388 
2913878331 3011520036 2169823230 3985247881 1604853661 
2262502111 1454916229 2694076424 1491713281 2453458718 
3920384901 2003510542 2780484777 3401662090    5945269 
3489298163 1299113180  337706675  552050794 1390759406 
4151361853  710112929 1337362252 2606464687 1687171338 
2221591908 3406223151 2544346350 4138285789  685221080 
2654917147 3935636424 2473036851 2171333308 2163136060 
3885653252  260410809 1226918310 1530561924 1054890338 
4082904102  610856106  775890227 1247414913 3032714661 
 101837298 3345462823 4043958616 1110906305 1567240920 
1262137467 2299801740 3627982377 1674461977 3220124151 
4171818114 3631452633 1268117323 2723232245 2735276592 
1787771236 1671677946 2834853993 3963178840 1733763846 
2075238526 3253998769 3948876785 1262095477 2849739253 
 941227779 1788565474  292848854 1266822033 2345055776 
3040846325 3279722333  340228489 1507746711 4098975874 
1472901601 3788381520  584310193 1085526568 2828057030 
4286487082  373575580 1378226061 3460243473 2533794148 
 642285721 2980272961  660350778 1629733430 2106505339 
3513390328 2620511440 1134486813 3788375756 1445331421 
1686001159 3548920838 2206380836  304067542 1725817058 
3900310532 2283700627 1985021111 1784814096  404819284 
4227646963 1726199080 1295743339 1753702405  743119260 
2627591195  400941405 3694474845 2662843619  744607511 
3372246985 4203243368 2370550066 1426962723 2869911082 
2819757846 2397009003 3598656644 1360339211 3811321140 
4289131878 2296790891 1406425515 2496688846 2605664392 
 500738196 4153857669 3620432748 1816490852 4092661326 
2491385208 1447323585 2517609783 3265922906  292599917 
2490531695 2360069109  615499697  144086842 3262114128 
3133303639  864241319  517349578  100235267 2581897643 
4122623867 1189466049 4092297429 1628721734  444594681 
3731621557  987505106 2405439053 3416255954 2479726524 
2069192705 4287743892 1520126250  694728346 2382716941 
3601373449 1124305615  229630902 3114221683 1161203632 
3393411763 4207458776  482324091 3133557921  537268122 
 283241256 3954351983 2307383112  835652961  537601804 
2134778753 2837680401 4068698877 3296630956 2540012422 
1348457496 3384487164 2053010372 2903963772 3818026153 
4259237288 2378587634  641489253 2502814533 1770676232 
3738994695 1487022596 2281070941 2857765117 3557380299 
3177711513 1649223394 3694916013 3424518320 2569666878 
  95112586  764911308  539369355    2997616 2214035323 
 410856820 2417402642  963176898 3260756749   68608271 
3090853620 2270470981 1391764948 1347382140   91433135 
4155370513  280547117 2114670696 1340041830 2220599367 
4099697188 1448718352 3401419202  273670415  574782056 
3673677854 3242722544 3139825378 2724872532 2596764111 
2557618277  706153526 1901345490 2820122188  942119471 
2173077001  976099756 4229331378 1025638541  153186557 
3750728963 2684861969 2870335322 3266109492 3751858028 
2558134512 3894252021 1930942083 3023090978 3745325033 
2611549283 3834179936 1099152172 3504805910 3376941986 
 111993664  297472512 3516996847 1497460432  898672946 
 388740856 2895913301 3074373537  848659287  283639905 
3816815908 3775062452 2112388188  207357405  748145316 
1549869564  419579672 2082864001 3098247937 2618788001 
1687959543 2099429583  146090998 4200429617 2453328655 
2099759801 1057145390   17138791  487733503 4221533011 
2326522105 1451815825 2975104995 2469332243 4265640457 
2351303739 1913702807 3954318253 2546108916 2212928940 
3370477896 2673280364  673114397  975398665 2389238645 
1767680669 3686022385 3477481409  191286815 3968583660 
 864614474   33390383 1980978857 2073059287  914995418 
3085703641 1717274371 4229074786 1221049492 2536790021 
4175881627 2340895887 3289311892 1509597918 4133811584 
3278642397 1205187142 4264461342 1512994788 1541427537 
3376974432 2053325299 2615860628 3228137106 3969409645 
1505607424  683740650 1631801583  390185732 2920363918 
 900934575  115281668 3325879126 4241987772  877199985 
3775336093 2257281079 2220600342  263934992 1278014986 
1985675862 2950880929 2843322613 1537654904 1962534646 
1572636087  315315745 2416293223 4163484025 1055909939 
 687336237 2682013160  403966582  894980240 2185890412 
 812746246 3151450933 1598740095  341534039 2712655336 
 215057385 3888519540 1340239350  746371300  930546170 
3505223298  966689632 2229754460 1626562423 2680931446 
1783962327 1381866457 2256570531  566979498  750268033 
1048596233 3701839990  512705189 1995814549 1314270121 
3301604645 1762908820  919948161 2404854020 1893735150 
 696430887 3023076842 3324502977 1371701308  319011092 
3740722399 1324882988 2424029077 4180579609  314990830 
3403856878 1283188820 3984326553   39741437 2529451041 
2297369981 4239103807  729236407  758057970  757132583 
1776819906 2176369232 3025195719 2050975747 1378012307 
2188124989 1787725673 2575791908 3218490135 2771714059 
 231630119  338945896 1734669042  556898740 2537822967 
3711929295 1056598029 1748693888 1115621298 1291017585 
 802189622  214206177 3266397476 2358905019 2197799383 
3884073364 1195710127 1975987685 2554843196 2823243738 
3681001557  551763295 1387430390  892375750 1866523514 
2985967090 2606655654 4145726377  670711187 2416914615 
3027653214 4181813850 2780434283 1493345534 3368606212 
  13616491  961269994 3364992067 3706511291 2548791073 
2952533352  686869992 4070458227   58090745 4105186203 
 961619653 2098038627  692096626 4093843592 4040808260 
1550852770 2551332303 2335382838  615887021 1460479385 
1842858297 2927770295 4051719513 1291512379 3061930169 
4263861745  155014606 1932282278 3465594697 2894391395 
1126883471  495178299 4258147736   84449973 2936518596 
1698888089 3430032002 1597349489 1027329000  627557172 
3742058413 3067821035 1155406963  201178564 4106351443 
3894641670 3777500195 3597047693 1218244650 2198351268 
1868675050 3345699549 2572237256 1115386896 2200877542 
1169252862 3271750298 2719092427 2379689267 3929185378 
2257235688 2076345227  648002798   30463878 4190877136 
 967944436 1036973148 2443698354  397398537 2356827218 
45631 tick and 9920 randoms = 21.74 randoms per 100tick
137012 tick and 9920 randoms = 7.24 randoms per 100tick
