generated randoms
1907071079 3691916286 2904811997  727634120 1731934418 
 530828095 4183278750  674569143  719309129 2715552690 
3473959193 3914433964  975992738 2099280448 2413854063 
1272452146 2298796874 2842539501 1151105338 2410542310 
1691202261 4005543307 1383427712   35971747  718448162 
2445256780 1087831958 2905608026 2359370581 1360200216 
 698486224  872995454  974305754  672717604 2787217838 
1100035171 1387109469  267166957 3795033014 1151635334 
2312644266 1260773224 3721938247 3518047564 2684467422 
1051178075 2134476966 2798594994   65468300  287844109 
2988539845 2129877073 3601519433  621913159 3701008179 
1591346836  614365619 3715735783  841636926 3775214599 
 202995181  564296039 3918219812 1275876436 1213817075 
1217129040 3190358966 2951991358 3061368626  580974756 
3961714785 3008689985 3404519393  542846521 3325859908 
3292553386  788468465  965318217 1484816375  682626366 
2380984035  484414995  711285892 1844163545 3617548419 
 441572190  956477143 1403605507  324544507 2182286707 
4017044150  967437186 3917762306 1366523971 2799949337 
 950501831 2537623810 3754587623 3524506495 1246793319 
3987496273  854428481 1720176879 2614475740 3514507389 
3789422340  935280075  647106613 3673503486 2726453625 
 175324336 3528890507 2263825463  518859594 2838502653 
3363409935 2286817544  121227716 2717858226 2199347614 
2698040435 2173846714 2602041095 2227932023 3952926631 
1127653260  143596899 2708825704 1137952700 3425417481 
3411941485 2353528824 2290718075 1599118796 3250799802 
3046963360  449791671 3641957351 3423601622 1496577019 
1596291577 1337834220 1829136182 1230009708 4188189148 
3008523651 3226612498 3250016806 3117271728  543067225 
2120165146 4091849073 2424465576 4257376283 1479186770 
1122781423  138791773 2599850574 2762087266 1325749282 
3991491985 2641620952  310926156 2272932018  239690515 
 271870271 2719072028 2592508157 1269014178 1102623111 
 923177699  810683875 1674285940 2492590550 3976899773 
4161092693 4271371318 1660391134 2617719421  676299108 
1469501071 2865487199 2821479347 3633043165 1944226896 
2127638273 2786609222 2510218765 3380455574  772921556 
3809292261 3917187985  104577372  984899047 1808348119 
4260127184 1033002307  298185168 3430540296 2073224585 
 858246976   34685472 1326046454 2456755173 2646787758 
 413162793  517990586 2065021414 3895963646 3019648962 
3150132794  530279147 2607601215 2022386972 2126253389 
2112534819 4238884933 1942749976 2187672045  376904885 
3002501341 3230626703 4171235923  309803238  784139996 
2355327694  785325529 1790469713 2804000403  513455908 
2152253061 2958970866 3921701781  145152642 2038675488 
 274322323 1568160753  635507552 2218143429 3632904102 
1888392712 3410171739 1673313925 1351546888  274899704 
2997586647 2573012200 1801742802 2315677277 3231214738 
3415433239 3649843054 2898994901 2615397417 1989315603 
2341400221 4266234355 4110902888 3888184624 2886711999 
2148221444 3564729772 3358292658 1038452131 2042896786 
2147152888  423146014 2077761621 3062662980 1049861511 
4053033209 3569623893 1965770787 1904927127 2262755354 
4015105939  899667996  617469220 1341563646 4079453882 
 751947865  824748746 3216048373 1793886759 2556441991 
1962999207 3338900794  124813265 1186434382 2710799245 
2811457174 3385118333 1649015221 3514229253 1536730283 
2061889835 4175635891 3569044096  944468817 4222588568 
1827660594 1023957467 4012657652  444200725 2836853925 
2728199336 3628742891 2399119041 1931564506   57646187 
3254927057 3675350183 4281568203 3410339015 3593530919 
2775387611 1781299726 3250979415 1592677862 3541434306 
2893239306  340806133  413949292 3005436697  882531759 
1880755234 1270799075 2680292068 3788837379 4113855122 
3054520879  537896802  685070381   43525743 1304184650 
2483708615 2504459454  386708612 3957426431 3712161639 
 132309281 3768265538 2089630348 3472696451  463577467 
2300278674 2556282947 4258343426 1943895850 3800514022 
1407479884 3902517786 1393501272 3096443548 1727065934 
2821999756  510451902 2096455224 1168771383 1482055981 
1814140156 3872487340 4279843745 2460507060 3257836960 
3671998340 3235720985 1649327441 3796812530 4246596745 
2061409621 4168752557  253594972 2043020689 1917922749 
4059636430 4203404600 2824179213 4186103855 3813757055 
2744680788 1988919079  264913882 4138782830 2797691006 
3045759510 2816127822 3557320543  837158767 1874142612 
2407354859 3913968262 1629543058 2706153329  289512166 
1581792930 3100648281 1385280580 3029898336  933411646 
3489827503 2497690325 4006012697 1198307045  402570274 
 999829229 3545893076 4264310874 2656635555 4036521681 
 644232856 1723092797 1186400874 3367871760 2318089276 
3520787776 3100634190  873113351 2588093002 4222598208 
3987407334  178662265 4089656229  481001262 4151743416 
3832348211 3159257102 1161387835 2133023307  289691642 
 905395779 3903332554 1074383914 1657001036 3806271107 
2260668167 3775503797  516354906 3267522044 1030253272 
3384451889 3936603970  223477265 2463672952 2653165873 
2335192763 1120173449 2908214586 1260689556 1551228710 
3775661638  597882382 3089426664 1119767436 2080106944 
2623672415  667965572 3933880659 2091910574 4032130049 
3965150721 2243270828  849206397 3446796073  781396677 
2709812315 2403206190 1051392806   23364274 1284324293 
 211462658 1034840946  762815010 1587274796 1779962813 
4244683743  863569813 3193950854 1956318954 2790654262 
 198026084  584844621 3431106503 2528888398   28567364 
3862806248 1496032087 3632597914  603827136  525484568 
3070980468  596256353 1464244100 3612994892  613483853 
3859953858  630756461 2373163280   37839371  412333531 
2765757690 2248732542 3966247429  468959136  535466064 
 985035298 2211434445 1315189234  211570466 1253457410 
 167795887 1396053416 3182177256  731132392 1415192465 
3444207891 1141885825  386344469 1140774666 1333790427 
 928074597 1338682899 1001893905 2364904711  318611603 
3861270831 3061521969 4240052260 3532047754 2115031988 
1362789228 2967880547 3270568073  325197131  395036318 
  45833347 3947907374 3379916395 2668642757 3661881905 
3730556888 4239303932  231491385 2442078248 4004510856 
4120663657 2030091107 4240031100 1972967936  110447352 
 656670271 1877622398  319104645 4014209644 2114924879 
 411698352  818110607  588746035  198805138 2620045272 
2874162459 3663322406 1755331585  408282798 1273325358 
1397571334 3065557454  374145589  130833669  516991893 
3412705727 2834212380 1104285844 3415533941 3922245790 
3727242201 3905104158 1356645571 3835474881 1012865638 
 145470736  317130550  120947354  878887677 4179488244 
 937647435 1398774779 4144417820 3128837463 1326116162 
1864414027 3752953360 3199290388 3509909030 1466856995 
1505218242  599178249 1808149979 1498752360 1354150223 
3410628184 3687627558   25771571 1838531301 2736398853 
2306307541 3174117771 4104785924 2157219171 1838186979 
2597634589 1871250226 3782045265 3018718144  418485085 
 883058415  829313084 1644073038 3005932782 1209989795 
3104825805 1763055791 3422061870   92461229   78341568 
2718064393 3276115619 3768997350 3332946783 3164323945 
2458998250 3950023956 4222167884 1022104646  158226523 
2076233798 4002888994 3200393821 1218707377 1119243369 
3020718737 2832646971 3760696434 3339586391 3327178365 
2197358577 1952189306 3791867601  700267081 2515345632 
 423533760 3647734816 1206159250 2929645174  421667051 
 758531774 4225022861  823265616 3685398554 1488131208 
1191040424 3969139212 1610793471 2668509084 4190251656 
1181143075 2928543151 2981356723 1429588556 1903547644 
 424738791  138489373   25088483  161589771 1465829886 
1738778550 3248908237 3482254683  142236255  159698794 
3288683249 1616051622  861504998 3917442648 2231501439 
2113594325 1946721664 2136330674 2866699541 2657982563 
 726159993 3690679742  251084206 4002302719 3665505422 
2552014136 3055127001 1795562144 1894036374  507202596 
3358483805 1888035889 2704162531 1481948840 1463079271 
 338484311  950191588 3435498810  713196554  935040876 
3579080493 1795921895 1788748394 3670058180  690851604 
3976037551 1104265487 3262071302 2675057314  294260435 
3788336677 2446456626 3872137495 3575819461 1478936391 
1962563114  593379458 2098830027 3201172969  914778536 
2853110119   97276087 2075765135  219020918 1656581050 
2019138028 3565062259 3519813285 2476693941 2865036213 
 479308765 1031906990  929012210  277362731 2605251230 
1314514867 1488609779 3012825733  453292406 4263007114 
 543340013 4191094683 2339267244 1560556611 3835477671 
2888124949 3162714748 1316869418 1734921401 1358972423 
 275344846 2522077758 2663819730 1046167362 3142158282 
3818563372 3194806835 3616988350 3907446310 1038930954 
3412112628 2145103893 3675135740  711425276 3305962519 
 948182405 2386861042 3826129691 1327861622 2279650552 
3806725151  434370477 3530861057    2153300 1725522730 
1028757070 2788981211 1427020467 1379712053 2548108371 
3168984924 1018884390  152950062 1753212018 1015385839 
2360398527 2310132263 3778820438 1965040846 3296768698 
2065853594 3655041156 2957700098 1567597994 4128422612 
1591195115 1331503121 1757493983 1064286101 2220441559 
3311507167 3670263324 2548452538 2070314236 2589240301 
 739908942 3093588954 3653836727 3069791773 1740163645 
 525228046 1696800205 2198552049 3446385556 3575280040 
1148500345 4071606945  291776020 2190509238 2058444277 
2032236450 2310697799 1064190642  368946745  660624141 
1723473225  371150639 1168379301 1943148207 1519053358 
2057350971 2310762034 3694300136 1705314842 2285959935 
 970986361 1065311635 3460674318 1678457054  237229214 
1142496008 1439120322 2360711035  785092715 1126261512 
4098315514 4274474368 3354237683  415772304 1400418459 
 313693666 3767660273 3475906865 3225524534 2527643431 
1871355016 2140618832 2678118713 1852993868 1966722716 
1177670403  351480194 2573497110 3110198080 3155292680 
2680028269 1706969278 2643984122  363902306  933174421 
  48706831 2641717743 3956812770 3116306397 1972835437 
2946431936 2850532897 3594366529 2136042346  760093098 
3645667232 3527380596 1506770216 1070450594 3293609443 
 227038453 1446823184  597432877  624531552  721541744 
4022732090  441527349 1950310013 3592298202 2140991327 
1750474302 3014471413  517198938 2259721746 3254113095 
 129707288 3034403108 2367906875 3471549697 3092221448 
3464487781  848641398 3100194303 2838240204 3265953571 
3926139525 3776705900 3034612819 1384353108 1527561849 
2220089509 4180767364 2929292102 3860601319 2528184730 
2208849502 2010043461 2719327228 2988307375  218429833 
1488534265 2499126800  805642835  882617543 2825516114 
2984296744 1421515380   58635600 3884864261  621027807 
 411154774 3099383580 2958943817 1493883980 3486183392 
1018585223  662623736 1379461571 3033480579 1299759904 
 481937381 1227606115 3817483074 2976743530 3648168423 
4233174033 2514483657  233405200 1814992653 2782969384 
3750738416  167024291 3272892307 2805621010 3194657872 
2896356519 4096113825 1328638828 1288897711 2521709658 
1144608445 3989636613 3206377025 1754638216 1048211670 
3065652101 1897919567 1035562017  818136741 4007170829 
 607608659 1812300095 2937141141 1472431424  758657097 
1032221802  239811694 1288705156 3019655458 2060512162 
3321653703 1041204236 4005341455 2568908823 2334771564 
52061 tick and 9984 randoms = 19.18 randoms per 100tick
141231 tick and 9984 randoms = 7.07 randoms per 100tick
