generated randoms
 999062002  337185541  606053346 2996035264  884468786 
3894699393  842808883 2808417859 3209098701 2301098794 
3330986511 1987150138 2389831060 3139719139 2712633134 
4000200376 1861437266 3079297239 2912120427 3487975762 
1046051936 1630889568 2493052191 2455347025 2831221791 
 733134483 2781464849 1148247207 4156931376 4210538102 
1743570522 3452908638  993848458 2168802789    7855471 
2016076479 3114582082 4204478147 4029204418 2171737090 
1099710237 2997022199 3942383118 1835281820 2370805598 
 168584877 2149320401  839986924 2085480292  846613117 
2086008898 3796111088 2569658096 2736870255 3560195676 
3239956126 1903248590   35696559 3347252151 1140149517 
1003007933  564189582  383508697 3863772245  963800738 
3923227883 2606541949 2135994982 1686628340  727336344 
 295870322 2178802758  739917400  608953230   98685860 
1682291627 2646936329 2109443849 2243696185 2927644864 
3982145082 1281597824 2107942295 1594686945  688379206 
2808719449  494513986 1302262031 3710246100 1032671384 
2538095832 2477949597 3750957977  465542133 1461549585 
1051805790   11313588 1651490598 3855080202  661357813 
2335913095 3033386199 1823450886 2561069835 2449268455 
2562914463 4294746915 3505690681  391040636 2952028385 
4027570162 1003377842 1538791174 3177790323 2726864855 
3685895239 2191780262 2211905266   82714014   17676763 
 549065427 3685936157 1070191449 2859625866 2371468619 
1073496003 1855430558 3023684492 2793853837 3399369200 
4035214685 3020020575 3413658231 2651038243 2333348505 
3827494554 1327893234 1544035962 3989020032 3946102229 
2842211841  807677230 1889968022 4112101115 1171109570 
2487611769 2694643052  823293260  858223188 2607182353 
2650984712 3334502966 2919474811 3660380229 3311609773 
2888888878  372906253 1372575997 3038500021  113067282 
 738268379 3067849112  132233308 2760476688 1489503604 
2330079280 1197371235  861951212 1286183911 3637959190 
3245743507 1609891912  795584918 1579085013 3344734538 
 617953391 3328971026 1700088217  369709145 2931130825 
1706333457 4121294697 3349442436 4135667067 1883239631 
2464619884 3900451634 2885724208 2212271482  622029351 
 820236757 3257178776 1380406655  670716389 1635154034 
1898300282 3255807882 3211389454  583321083  466357634 
4179792634 4036518216 2439895811 4052537339  143765251 
 780609747 3242328051 4199551054 3602051233 2417504402 
1625333236  629912312 2209481045  128386858 1480835207 
3211255130  498268894 1010811209 1250229003 3293583283 
3433417249 1488493137 4218797939 3300189712 1587065743 
2100929807 1129541876 3929689457 2624674519 1200765156 
 785540447  874079048  984011168  899415923  248737071 
3242779093  575340495  679655689 2214420616 1514478782 
3369516735  384653979  362244377 1431771378 3095457452 
 710448444 4084565913 3791600479 1356706095 4176543868 
2832064100  457853943 3046209668 1551653040 1106592536 
3748402877   27175119 1714604190  930654872 4276430092 
1537157971 1055765267 4113409733  225495173 4260861151 
2782759573  449902353 1737113126 1553679838  356229744 
3394438943 1635271594 1056082899   36592513  912947614 
3864177178 3823168873 4030278035 1186056647 3740548153 
4044842233 3479307209 3138709151  877285632  724199338 
1176239418 3563623091 2441953095 3691497477  621849413 
2088888850 1563353770 3750000066 1874831607 2366279374 
3926200155 2779689678 1214459119 3947501956 3421693996 
2661518086 3134824498  512532564 3623772146 3430747252 
 130015916 2907927432  211492938   49218417 3957303480 
2369588057 3086720156  669688731 1732766913 1137646782 
3505715948 4038244960 1450564301 3265708163 2343591795 
 710669558 3491206015 1541693709  434157408 2865887763 
 447106977  895431017 4044825963 3094654791 1232818740 
2424605741 3913988619 3908756786 3452152856 2667525316 
3226223287 1536686413 2172848028  840697295 1353752968 
4117772584  499412967 1957673010 1478104095  203453232 
1823320324 2792241799 2927642804 2132193143   24005238 
 470702105 3134310110 2329828771 2105650074 2291900385 
3456573613  959456029 2530167946 1205553726 1459746457 
1393576021    2265974 3638049757 2711434258 2027887321 
2719442874 1565810515 2228062398 1497612819 1306732624 
3226690782 1181984711  889559153 4242526948 4042969748 
4265004421  226766843 4263071299 1486987012 2621901091 
 653909445 2314825663  326842602 1216346795 3904004665 
1474437398  133935733 1480825196 3537084991 2599948982 
 435010784  768906692 2923164650 4161007606 1338699751 
3852645136  330780034  381206664 3494272620 4006606644 
 104877093 2289858774 3835777181 1483606220 2735468739 
3663777965 3869445387  762151708  861254023 3622453765 
3844124844 3615141338 1341475472  735154047 1678254378 
 997159558 2213426304  657435439 2861379826  635829889 
2603868211 3136345836 4270045416 1948537787 2717496876 
1442140667  731928879 1584863566  144697348  666240406 
1107797187  227451211 2755288133 1953449170  114408334 
3020151852  709624544 2217057263 2537828288 1464442060 
1570257842 2393190085  116198009 3690553394 3946433913 
 769047293 3788853554   75267290   12350812 2293237503 
1725809828  774123372 1336212078 2465952441 1870705680 
2854149509 3934762687 1905065287  202549954 1853507694 
1613571716  839427041 2733217576 2016049881 1955989555 
1637430823 1588540125 2794659735 2472032550 1280686902 
1751977459 2132882439 4049901857  880435166 1973564373 
4127621911 1098268468 3969330134 3830734140 3429247735 
4290973152  448093831  230259375 3204618442  863904089 
2650358939  862594103   51197687 3252388651   71234392 
 979946296 2901813600 1364549860  670116479 1675673085 
2489359354 4185773235 3020959791 2600761485  897483702 
2898140670 2460872159 4109764675 3254827059  469476797 
1776543530 2179934542 2637602346  811721875 2370886167 
3604815226 2329182230 3920589413  216067277 2695723553 
3699946592 2635607061 1710301802 1753028357 3315603477 
3277551281 2334452764 3071570839 2276609683 1911996657 
4146230874 2564564311 3516462841  983161620  177742688 
2533294146 2820780766 3125987237 3798216234 2145336044 
2512262653 3790407844 3639659522 3426514122  133574582 
  19631795 1560772337 1614727888 2044906173 3512351962 
2052537261  416997129  527210293  794590432 1372588423 
3062881980 2581318461 2877943527 3847596941 2169913694 
2074425972 4086590955  651786888 3095725727  275120722 
2246131148 1851337913 3407479148    3961846 1785975719 
1934746961  124646367 2388418519 2687848187 3087863090 
 883615282    3636730   54697127  187281208  274742210 
1246119810 3813951068   28570904 3010044654 4173263618 
 218258598 3934084925 1178385185  985551993  423595103 
3258050885 4263118914 2513709584 1787082353  221064679 
 442801324  938417052 1661445846 4123429699  303130338 
3492708379 2624307977 4041565004 3228458322  934776220 
3602681887 2428178605   81600855 2629662838   96376285 
 920036603 3880977821 1252152181  438078692 1307913891 
2835511266 2747161421 2812090813 4250219805 1264753931 
3502443980  557633177 2208751612  612152703 2120835331 
1357867518 3612169500 2521134057 2031136611 3352129267 
 814289499  470666986 3001708779 3676363553 1558817595 
2517667306  135860891  979360953  750098631 3583291403 
3891832365  822134331  629230000 3763869016  880642540 
4067220531 1548258061 1958153149  204742820 2004008664 
3213259310 4146743330 2112283583  646073045   25122690 
2864604576 2400169778 1602503072 1004430673 1619975454 
3337736429 3532364916 3077236840  551089492 1706195584 
1938958514  268152464  426651960 2778272147 2066716636 
3438688826 2871411664 2070600968 2619178364 3419209074 
 400931436  449255309  316043266 3832718599  593219745 
   9693329 1384399638 1415176248 2871339881 3580826940 
3887677514  830448500 1543839078 2408175271 4035286161 
1468213227 3028040543 3763350175  476747237 2804753179 
1863510197 3629739422 1832343648 4000130123 4259967653 
3461971162  202463491 2349801953 2802743986  273247810 
2547909164 1050509828 3792642290 2404609875 2930750231 
3386424565  700927483 2884460747 3939646245 3282409096 
1316846494 3555352846 1808314032  208999987 2589202404 
  21192296 1738272247  567048602  297474062 1406322343 
2901934162 2828580601 2353223795 2915733681 3644010005 
4197075316  742506287 2391251816 2116466009  139483531 
 345463868 4188844731 2165128594 2306371856 4136212245 
3842591054 2470316837 3972101019 1766999096 4214432883 
 872052122  162345140  144521532 1782708223 1880635711 
1918667427  192796851 4014451676 3643225584 2437717557 
 510894154 1643953073 2870642369 3552923925 3365297486 
2386446412  291064376 2493666347  426810226  942208836 
2784679732 2224075772 1158391061  290714938 3154184641 
3486264336 1548427214  596126121 3613125668 1008326965 
3112592713 3170330808  380388633 3756164772 4143509795 
1868422929 3499907305 1981151365 2384151674  820458211 
2928999459 1656592021 1975608793 3541537912  296725204 
1094835298 2988422530 2648893414  453709030 3500969004 
1817531239 4069936418 1588037014 1431377571  520208816 
 246170494 1836333073 3134390706  103017832 3782624479 
 414218307 3238932571 2023197761 3981288718 1844087210 
2934543047 2375615197 1388965636 3719873537   96164778 
3678786868 1275832196 1602931454 3076953319 3186067987 
2094246086 1211723314 3994424050 2880970845 4076097108 
3852297807  409819871 4157974856 2086813076 1809364009 
3330362871 1771828964 3075465485 2003830908  883357671 
3870537221 2063304314 4228312754  579909188 3108308536 
3216187479 2500261074  538517344 1118624576 1390244087 
 281191768 2716777078 2585868265 2635108839 3326969692 
3034068388 1866273769 1339959867  755832790 3282499553 
2331841045  714973352 3866128353  462131052 4129952076 
1463528380 3151801937 4241946083  792767139  717943601 
2640458517 4009510449  754432625 2980101069  705297209 
2335653405 1646251444 3288460847  330828126  235517258 
1649837785  751111592 1084416771 1087269346 3376629699 
2292124154 3724086294 4119909660 2540808471 3758491636 
4172307393 4004727814 2828397541 1932427683 3543496603 
 274117690 1788582859 1368136015 2864324878 3518882537 
 880088574 2554077377 3992180982  646494694 1707406238 
1279559956 2139796525 2075122510 2158855747 2663123917 
2731781595 3266675080 1711625870  765710955 2417209966 
2244923015 1238913698 3046430544 2244276780 2990536002 
3830812670 3519212165 3794827438  436291612 2980333004 
1645181737  305153267 3169895529  114736768 2614448968 
3720573766 1184229752 4291573513  979719263 3228752449 
3656209734 1898263796  565490086  227818254 1670275366 
1829192556 2969841452 2623095171 2732946493 3316831548 
2994083888 3930146001 3624148825 3415965513  968250805 
2390536577 2278127754 3358448268 2457158156 3823319896 
 160363238 3776981979 2013977102 2737697245 1833637307 
2534678356   78590610 4120924608 3072449092  883248330 
2666184480 2939413103 3941025574  308012394 1797616005 
 475625030  136980305  793993606 3134298938 1126951741 
3362340725  942963827 1744063378 3940276802 1974057808 
2638057166  421860008 2828798160  690741678  398456483 
1801868267 3609813297 3628897372 1564030980 1114070252 
1661606344  775515069 1955417703 3756446813 1868243298 
  16925324 2268276083 1194923376 2264231845 1294018835 
1512203113 3584926130 2944824443 2298951452 2575830322 
2490188704 3777197385 2669273700 1833452610 3559003194 
1034 tick and 9984 randoms = 9.66 randoms per 1tick
3069 tick and 9984 randoms = 3.25 randoms per 1tick
