dSFMT-86243:431-9-3-4-16:7effffffffd775ff-ffffffb7ff75bfff
generated randoms [1, 2)
1.39686184767549748109 1.61406886511379665805 1.22680677681418037750 
1.51793618707692168357 1.57762240833091049730 1.59140428085229634902 
1.99603882341057259353 1.21475931865314779046 1.80451837083092159197 
1.95227036296959943762 1.81293180639276640953 1.00717493105032640521 
1.34224610875241356922 1.33560026852076974002 1.99347655848133120671 
1.90681308141334815431 1.97319063276876760504 1.56224808291517791581 
1.92801174845804301761 1.86627250629178620400 1.97086962365973139555 
1.20601178711769829732 1.73100128748765613729 1.77523569903054623254 
1.45424997953672763273 1.13868808661438358776 1.63735532521245019666 
1.62414863191425751232 1.04507873526735250991 1.20357073606671538535 
1.20799998660816831908 1.36360309901953447032 1.43445671457537282656 
1.21878868094904757591 1.20441670654446419952 1.18239962685524568897 
1.13036428285678702821 1.84599219729933339273 1.87196943588316266904 
1.01882969480621055069 1.98252976106521372479 1.23242688029311131537 
1.88867012010723311910 1.17159585042889835549 1.87624541197442473717 
1.37324198709876110769 1.41201745955583279901 1.99259991073609921131 
1.82891398900607837774 1.56590409514201400754 1.65396717635411927283 
1.47523700760816067756 1.55906374430719329993 1.59747727153612295581 
1.11850073941064742655 1.49498052853486718128 1.04601823816175443227 
1.65498690560652672588 1.38536560983425838245 1.36314323080864507887 
1.02395746829509448617 1.69604035313180578903 1.50151431619617259372 
1.42001299020079185809 1.84045405079856738695 1.13749717232457459026 
1.97239661866213733532 1.05016358144337806912 1.24076412306943617558 
1.55086248634158496706 1.28685996437369731815 1.43343620349718747775 
1.14093481890312320459 1.29671507365767313402 1.89059814135969217475 
1.26487036078648684700 1.48413881515551393520 1.08724467403976698954 
1.43584600550998797708 1.43823345047016615261 1.33748331757437788347 
1.71755208206705423102 1.65006637073198070276 1.92132763475980250512 
1.59836575444715300875 1.04516576994658150213 1.46996044218645405266 
1.87668108651818577037 1.60461637289480685276 1.87387177465370968754 
1.22926382767348507663 1.58417631010037851524 1.06879773174428671645 
1.69861649833216099559 1.42530861139876852128 1.22303009821033037419 
1.27947636392643770975 1.63304480592748513246 1.17803584499687530318 
1.73330132715379203745 1.33069789507770441794 1.75465909413048848364 
1.69343402731647607595 1.88874833516400264521 1.85904740918406230499 
1.99670393902672937969 1.90934633151745902779 1.53051169437447032173 
1.64313786937908989927 1.72811837260174017139 1.53045828128157923587 
1.48578568076180883573 1.49587220623921424156 1.32241797435772245883 
1.73795664355999912587 1.25237722506507154208 1.18202233442028958876 
1.67144417745568185651 1.93780922599587590582 1.23048093221864740521 
1.66635479096770100504 1.00788919936871290695 1.25081738777377315941 
1.97758586248424705900 1.95955030357825044085 1.30483967591993632595 
1.65551817997022565621 1.96135835824229931568 1.57797313818452944467 
1.90810208691258242908 1.08364575744271118829 1.83773878151643521583 
1.89646243608049647200 1.75503500194951755908 1.63098365877568096671 
1.01645420936857200367 1.83291646225577187224 1.46033041553275522162 
1.11414175405081805614 1.77555535182454216070 1.52888011521591682396 
1.77503439427662756955 1.86240258680764370069 1.87995964436380780249 
1.00218808585396468303 1.95116087811411076380 1.02005926265668023234 
1.07710243436910024784 1.46356091789342968035 1.88482949940776367548 
1.12153547222802218997 1.56371363939536012211 1.67034500407084229856 
1.14954758120467137594 1.75300243918089848627 1.98629792557394724284 
1.17472755747858093045 1.34217701836931535553 1.68080876788895339224 
1.14513661397444965750 1.81819878870928741676 1.63419455075450947845 
1.70506124791868685087 1.66603339231072755666 1.96120816082624482846 
1.05436380458006739858 1.14810806164113188288 1.58192513233885012625 
1.99676865660252156331 1.70515038938388907575 1.59962256929036095165 
1.46064435156516392311 1.36681500870939753867 1.24114878898151315134 
1.28772890391523420206 1.31452794476618395336 1.05742122442449870690 
1.77888332266968052231 1.16576657842015340982 1.74323745355027903692 
1.59851465675742443473 1.68531669408091611118 1.61582197499092461435 
1.62610321238191679605 1.52238687685867390975 1.74242957309442858538 
1.75375460110078496001 1.09887186594768371251 1.28778816241310045676 
1.52420814824387496067 1.96892679279226201494 1.19546309895750302310 
1.84807565521205341419 1.64970212110413272377 1.24453340046318672307 
1.82250155181805251203 1.85749182524907197056 1.28458416414640641534 
1.18078366387502176060 1.10426532190846038439 1.01607093925932301381 
1.83489896818344133678 1.94998744559516268282 1.62811853913803594729 
1.28784059220676971869 1.60470588563723914888 1.51612971148298880664 
1.94369768701173062375 1.28506136934125425597 1.05619934712599072846 
1.92000979401774984900 1.38580622715773671416 1.17304781359984544586 
1.08767809008473825827 1.12708034964681558243 1.26274145725989717093 
1.76106457103516333973 1.82039088051228992171 1.64674033683271314743 
1.47105560471048746329 1.11424194725534597694 1.01803558389789605698 
1.53986513894305687700 1.64424726323171510600 1.17783966624831237802 
1.66007144441267029400 1.56603151447011423869 1.33452028134229783163 
1.87278462976452009237 1.34102636932639085465 1.44616608124873469166 
1.74664171113665989132 1.60790770557723905476 1.01398176570063003332 
1.02385530321448325886 1.13247908608581382417 1.09449369604309088011 
1.34809077199530880087 1.83701849749963352920 1.92381290999422094323 
1.51510725060748918658 1.56809168213865524066 1.37183094324543763953 
1.34819309550499832895 1.03643867785719789865 1.49808319485552310368 
1.18125404702897340847 1.01549919168446756146 1.51218673571257800070 
1.28144851331492448665 1.65027545061248748226 1.96339138533450197066 
1.62904080525868133478 1.48671684788500213514 1.37561127464166310652 
1.01067207255324587045 1.88331952418381898262 1.49185507209483247948 
1.60559907925792200167 1.32130611610172743475 1.48840821879908347114 
1.77709032315396009416 1.76029005261406279459 1.04333743254038546766 
1.40015938373216863866 1.02597975803195828881 1.33036284606487287263 
1.48960288927443929019 1.83153359534504245332 1.38617520359789936357 
1.95975534871901646561 1.80541734027366795878 1.73610320577983823220 
1.98202003874313148479 1.82871559657718885106 1.08196940307717670571 
1.25391555160845680206 1.26887213521155772789 1.82200167431482040747 
1.93607562831410007220 1.73967228759418723882 1.96715329377631631402 
1.38395102261146396572 1.75825430820168437940 1.62144737188265342098 
1.91391595036355233184 1.64983766963254119275 1.19673585633678825069 
1.49876161190942713830 1.74234493159501457882 1.75964479406348139889 
1.95727912315710650404 1.80293063719386603694 1.00428024159553874739 
1.18181515938251679998 1.74979108310584607899 1.64485972306821137678 
1.97642748052199146436 1.64081394485633302871 1.87301215529522102621 
1.70919190478267069011 1.83235746016882372622 1.08870229129653006694 
1.13942508032382616712 1.87095385069101238784 1.42539012133298603757 
1.29164740823187385033 1.14423857002010720407 1.67441471166945943239 
1.46358015621331771783 1.86633390355969064345 1.11282397802789123631 
1.24397202907020765217 1.48218148931617865749 1.69527626565770872524 
1.18425375782333319741 1.17624538000173095575 1.88320734460455474490 
1.65498207342916714424 1.41412072971587376990 1.30314568892479298867 
1.96087423905898883270 1.68238118947702797179 1.61616086343668641234 
1.14456024251433219341 1.24230030388325451973 1.19474113368152234926 
1.10587287300953662772 1.76606013863244926121 1.39963832962458245568 
1.28879169475737986872 1.00196933507439678301 1.76797136328390069870 
1.28279279441244709048 1.77042428377117944116 1.11695416953304782481 
1.82575258368461845748 1.56748687616211190843 1.32681719793872021640 
1.15079266117277789760 1.72107233172655949005 1.86546071260671197933 
1.54239661032654917783 1.10142063488853159114 1.70535209117421304725 
1.23856174929233597837 1.68320068784458776179 1.21652014298826660621 
1.80131732167045033322 1.61834009214406715493 1.31424327947454933074 
1.25715271714892184995 1.20206618980805401975 1.68304670623896734938 
1.32674055504957477680 1.27894392637451659311 1.55563961231648795192 
1.34183156829044913927 1.98380980124511685503 1.79584786941533214311 
1.27261014679640127589 1.91932303436903084481 1.99069062245776273734 
1.07776316260408466796 1.73769428299796468984 1.95966080196601555308 
1.31035188370816757519 1.49128289573496330966 1.25076616020382869188 
1.30105954838436455034 1.82042837106909582978 1.13540917644967587208 
1.81254743755650515880 1.33116018289509985273 1.77986263491949014970 
1.38369199922493324451 1.85602961880854810950 1.11244068111414096123 
1.07995024482692625334 1.49606441178315829887 1.95217253499887632984 
1.68821267013655451628 1.46075942976428319042 1.24014822058811469141 
1.12581239033301705454 1.82732753046289397858 1.24572483089358443387 
1.05262295581865505945 1.49799686972505430305 1.97785835767704099020 
1.78664692005300040911 1.15503619831055082123 1.49319802884174013258 
1.81853894668555637892 1.69249520001605335828 1.83486770548442601481 
1.46076555985144684868 1.40489991514238621306 1.89236938488644090839 
1.46768693407163630660 1.66420661464460928336 1.60801460534792139967 
1.33514552548341636218 1.54396648640437095246 1.35681389140726516018 
1.81143139495338156841 1.34220779833754466637 1.71802955382658617545 
1.89609781728392889910 1.79883883305407876740 1.46211587752987726141 
1.98084943172063199235 1.49995756391688250808 1.14859214557403221946 
1.24042374460606397157 1.80162959627941066110 1.12671907826710060441 
1.26803240801312555597 1.96373803491722975778 1.77460066937125793274 
1.34965232041710292421 1.93147326824317944194 1.12267665157378582208 
1.39637566827777903633 1.94459148562922146120 1.61428510740662467526 
1.41429579902286639559 1.49790516187692790417 1.13400394477491084366 
1.92242522386132641543 1.08815037711443829416 1.54204184240469532874 
1.30430347656541822943 1.15627751030330427895 1.74547208204721893132 
1.80555889501481559023 1.84816495773560629523 1.37981211096947276040 
1.51235621500839823028 1.21205875709100308057 1.02948343108936679613 
1.08307100638333309028 1.49342474288283244555 1.58040989734215209239 
1.84992407119169266494 1.12950230996996903166 1.75753969846547519751 
1.27139558201063973542 1.46558635811254700521 1.36344209324400189587 
1.95226915415693569322 1.97778928644291607242 1.76166200342933532141 
1.59058818499816911896 1.17445493379776433329 1.37753866225726517847 
1.21730047408305508405 1.05259391341114172391 1.44923781117870897894 
1.10685623322018367176 1.85983366342156797302 1.86252631517960831609 
1.60186798168690613942 1.70873728700395299818 1.95506899967102887317 
1.41319565953167392003 1.36943728889577198693 1.46742474355352947590 
1.71342308129446418974 1.49369525257604096602 1.46611066738143525079 
1.18336207939346027551 1.52221168495639869178 1.98492526838145111334 
1.99889063975404512874 1.26798869847501238795 1.68631253742522546624 
1.59482383510005676364 1.28746411411517236445 1.52532977752516107905 
1.67745510754717086499 1.50820765280682311804 1.02659444861085313860 
1.56782675127716797370 1.22610996240595104823 1.97528988172664243805 
1.31655832509968795385 1.63606617937479903446 1.63716794922160557846 
1.03797437504987022372 1.25353519767721421907 1.26579304357845634499 
1.08435021190602065566 1.82084673357151216599 1.74358858718770504126 
1.44601371082621055209 1.33347612536229487290 1.26668662252239427879 
1.44965916385734860938 1.53301116160036210445 1.26133265306540076622 
1.84182494760966264380 1.32219296267409425205 1.96489179203434605192 
1.75269880738049721458 1.62832387262379785220 1.27265511487561444604 
1.47524969112720150122 1.07603024190768525870 1.02588481952013554910 
1.59019511988940531744 1.22687134269372277728 1.43727851925432514868 
1.31683403833200718402 1.80520125153253041539 1.56725666357500514891 
1.95116030088519165631 1.94964584137782948048 1.91472122727428217814 
1.91112337465266080017 1.71379670506403192221 1.61435064979732612045 
1.54430459176186207770 1.81189343701398808406 1.61663579146827074418 
1.40319896910791963585 1.77447209900128166638 1.15715902183824459470 
1.77894591572432458904 1.47657668603479907965 1.00945744611308207972 
1.91326877434146402912 1.47003629616730457919 1.32069007584615838446 
1.18581135951512228743 1.40036967723649929951 1.19749277590189673326 
1.97232715601343011613 1.67885607353226706806 1.42823118572491214451 
1.40562313145359918387 1.96503813677455863029 1.08877503178460299793 
1.18055201235915130376 1.02829677349774639694 1.18126417298429142733 
1.27728721702221070800 1.19413209226751071412 1.50460539337619558786 
1.06379085267481188204 1.97819930854199954595 1.58418819524731624426 
1.45180670575911774378 1.81559583573645721977 1.64761724430243128303 
1.77828721412325507778 1.05250649260476492053 1.51930060086787954710 
1.11006029807288597588 1.93339752081789173488 1.65886198584597854833 
1.17125108533880495365 1.93252409519357493117 1.80949270014681862229 
1.15225433004144139915 1.12312913521474100342 1.49275903498134554503 
1.95984126349351339691 1.07067258475340043589 1.48184985939119173715 
1.78435198955047402691 1.65608315096966984825 1.19953758377337393881 
1.52474313000215588865 1.21513728731339321065 1.92466978633371743612 
1.71339546981203061371 1.80321879354224989811 1.05924755734698528009 
1.09316010074913827488 1.20135841574509028007 1.06799411890152562421 
1.20280543839158382546 1.64202533321143095968 1.07150792054688648314 
1.37230076577098714097 1.43626693701861030128 1.55422072978958469847 
1.31418127407881568658 1.76977056400912102774 1.45411942999412513444 
1.03723244547678938865 1.37157077834240581637 1.14260315278379920301 
1.15498484217930541540 1.77418080028223545952 1.33621143389804686308 
1.84789273515535668047 1.64680261938934058286 1.73932456845546101754 
1.70678581405010909577 1.09395920793638845581 1.79083260380154629665 
1.28008592918592478682 1.46974259452838174056 1.31533879980344536875 
1.36279669033109196441 1.59801208094872926324 1.96620661812197350393 
1.14214343481291247251 1.84391960347826544542 1.23186582001509115081 
1.75164389733265424276 1.90022866717361527122 1.38524705413641124885 
1.95119973679923486287 1.45039938290802927767 1.03513256605303305413 
1.23466708115410161994 1.07206611135889540165 1.86600682810771889564 
1.37432453219982630976 1.95097837242457061713 1.63959196654457328712 
1.79252880410282600110 1.51929448853050286239 1.34278169530821234190 
1.09900860215800566522 1.66686900954586980639 1.79480963796832693191 
1.15767084824535082532 1.48116655543241337867 1.64757825613511199592 
1.68106305733187677554 1.91383608706676322520 1.80158306994509409549 
1.40017244752663283514 1.40134415337547513225 1.53116200579130401493 
1.58671867176609016070 1.86946829498857014507 1.32465486748860006294 
1.34553305487423546793 1.42425887358898473067 1.22596959552979400954 
1.80582926005798571900 1.94571426196400532049 1.59038603292888414131 
1.52622943311509251529 1.31645675616891000281 1.10293807695074552733 
1.63519947995605452462 1.52157362770176840527 1.06851156742916963971 
1.96867145671059362577 1.10234388739526334433 1.78826088623273582456 
1.76061219737383889417 1.89330805765065024460 1.51845855937589213625 
1.44470855586053126274 1.25595206565363248785 1.71487440631663123902 
1.38620343469532047997 1.17881658209350015376 1.74195012380276592623 
1.58611793801455536190 1.82964276134019288023 1.04362775193880308322 
1.65278418152959005738 1.50190753277172306390 1.94673072189962192979 
1.85396140163729161721 1.35063762763473449446 1.06928479480777349764 
1.79132750948348196118 1.82558173522805633482 1.84897142450431961613 
1.48942051958397625455 1.31974789301998884916 1.85593693613045451762 
1.12181747207684234802 1.33235382922267886485 1.22876364790937597782 
1.61713000362642844721 1.11255724747476825165 1.17160698144162700451 
1.22184039151644174837 1.28633656929054973617 1.64621692307350553364 
1.98000601897999728429 1.62664332234989195136 1.97293783699901004169 
1.50142958322190400722 1.06473288477140992647 1.11349693499873625413 
1.88850390377583776669 1.47910308123210354481 1.26619441298376278482 
1.40741290423198495141 1.02427345310763895370 1.79262314228270280836 
1.11928013916336310807 1.50212479774529561460 1.68354780490243682856 
1.27383112014269261891 1.80632371553358539451 1.74490274672673728595 
1.78419498818565869236 1.22035593434977895910 1.53577238522952863597 
1.00261771003893684906 1.29858431924199480001 1.35895832528919879856 
1.06037991916008600413 1.88526288003310771302 1.65931946427969090330 
1.17877067762847920207 1.26809604597301617268 1.74334803299829244061 
1.67040553896506893672 1.48759016790905862493 1.97997945967494515251 
1.25289489431113176821 1.69958552371037363571 1.22608807510667805474 
1.66990276858790909209 1.90735749488180217348 1.05376592797712409499 
1.00291765909361907383 1.72989083898316753363 1.83014362101739425093 
1.70152854216906024298 1.52393890194956438400 1.10394357967543110810 
1.44382085276544369634 1.48339106643066864777 1.00262920671880051415 
1.81724090640991131629 1.49877870741408703026 1.90122623621003583594 
1.88675285380155499659 1.34888063715556305588 1.20116925595840706720 
1.99940026650499413918 1.15541943547429259986 1.02750277849823179466 
1.82294039747437452981 1.35100480323541427552 1.25293569089686140927 
1.90863712149125652751 1.90967886142222020851 1.63394226662021324614 
1.12804525758382268030 1.30255506954852262602 1.20130006618002238561 
1.50336962196014178872 1.41709995063084370770 1.90789789417333199850 
1.37801137361736292242 1.34089665300881710763 1.33998066226838430381 
1.53758437297036376634 1.97292497168397451546 1.83075951492166000278 
1.52638324510013934088 1.41875064249152393892 1.65169667790590701806 
1.44141479249980108968 1.33395403933349920855 1.17734209344582252399 
1.14301007487182526567 1.13214348346824600355 1.65060087883359574157 
1.14040987052256825862 1.70180967080135459035 1.43693291673721712520 
1.00320127687957239004 1.01504981225052759441 1.38252181648758343258 
1.13189977526215179715 1.64040455928806316876 1.76782891358596505604 
1.77206348105714761587 1.81556772692117740498 1.14233294231022886045 
1.28744281774819269160 1.52146012756584170234 1.91754187774225171026 
1.30933010609513411637 1.85659766824571614841 1.98540397451276784402 
1.98800710748074282996 1.58913302656121402379 1.23605788450085873897 
1.57945378699058336380 1.11449249365868885420 1.82987690990077456199 
1.33194096656396276934 1.91466933892207569201 1.81492859982460852386 
1.32031251726129128521 1.07297746635659985159 1.14719651379848230910 
1.25628685509559634426 1.63483667178403502263 1.78284622957339511373 
1.09179360913718004333 1.51769623524636454448 1.58634269330593813407 
1.19663165011793259929 1.81959403699600974491 1.65239294419495696964 
1.16747764728306080428 1.76977329765493340830 1.05590147767371500542 
1.16024528747452193578 1.47863162303024986421 1.09614639845625561065 
1.77864727085694607212 1.64941823485146654704 1.53387929904121800284 
1.21620872492882492466 1.15803474324726751732 1.14835114948645866662 
1.10629309521219143519 1.07055287880967764380 1.53519325406602669126 
1.74326295052546953457 1.33888791521900230030 1.39019354179743093169 
1.58315618521748491254 1.59716670404484273327 1.39100736554401582801 
1.03716304799213832055 1.85170758815638314410 1.47589724901670193979 
1.21173198637391710264 1.61013233998809512926 1.65472524683269317514 
1.09223642800259868046 1.92798479963122604275 1.30609975496189067989 
1.49735040900088267612 1.09845443342915682905 1.02295096722000988798 
1.99115207659894788428 1.08518993224106097273 1.22434140195827989572 
1.88425599998967552295 1.29462677130552750171 1.95790558912387391288 
1.80524020051629596750 1.46727184861332249355 1.72713848621786181248 
1.16254570861639527912 1.94799203529013920111 1.17192475092959114136 
1.77566185236111828694 1.12853264406902242811 1.68567280261913632344 
1.45464034800116781554 1.38947724839087238813 1.07688526032630971230 
1.64090429519457181584 1.15611777714314256649 1.47584043373394568910 
1.36852980877781726932 1.13024580332654456249 1.15328619914860630580 
1.85760849494379121083 1.09322845279453551015 1.06684355133286334905 
1.72895013119352625175 1.01749017815705156131 1.85698213476568096958 
1.50082223849836204899 1.24243526632287615286 1.72601345147862028639 
1.41708793106806107964 1.25961871692261961897 1.98881593875765139146 
1.50762068659849313157 1.93109212281995246130 1.63660026632124533386 
1.05145408583570332262 1.61260372209940583410 1.91259190325262751209 
1.53812616471021912368 1.93153109870441497264 1.85374300312742334995 
1.23668118915395686130 1.44259159119691937612 1.25412267066888993838 
1.16975038005301290589 1.82114449236843034541 1.10906741156141119831 
1.15153555514087013734 1.70841167258987502997 1.30886350329234568690 
1.52837740290391321807 1.41100805949123841998 1.21108963415068759950 
1.48902211384980542874 1.90635353715247934936 1.56049505939231880625 
1.05228672568384151731 1.74698277861055850657 1.27117928640053801104 
1.29104561138732387704 1.88006565797587965605 1.38399205758081844664 
1.14738380838633569070 1.89105717026247144297 1.46320787813814612299 
1.85526251780060946750 1.10892507215310232027 1.01115980099674351855 
1.54628776201934847734 1.30742719856324396410 1.44119382981565213875 
1.80664765522651915575 1.64040410905822109378 1.82318388729763358747 
1.93145268716058837732 1.38574186061630055811 1.19964607377031651225 
1.97531025609303756418 1.49277825144646758559 1.50960820673970430583 
1.86994291113087318656 1.36456659536134972122 1.90509400268942052925 
1.34286692217163206031 1.06106310281230986625 1.42602536193109519225 
1.65346973553962683923 1.10083208860970649390 1.73902759511234683565 
1.42938132685914065512 1.14437286253717740436 1.40889543694612551228 
1.90471161818610434935 1.24169440502595329612 1.66481319694151763677 
1.52590755105957520676 1.63854863840491060678 1.01817612005591628943 
1.75129825744794431763 1.75253433872712105490 1.63143869303278288285 
1.86949808603003053697 1.48654426526143867981 1.50197624076999525222 
1.29604962726064854017 1.08929243863986280338 1.36479367561874709303 
1.53734991544394161700 1.79075574778432433654 1.95584319893325297990 
1.66926735492452715803 1.78611361070540430873 1.64565286103985886079 
1.66036821940777268303 1.50577366063978712596 1.09658079854257528574 
1.29687080245708141746 1.09957685970902474537 1.16612712292014886195 
1.99529456425418527665 1.35737817434534346894 1.66898795719705583807 
1.33482372713217101179 1.54345399500696567330 1.25387389331993825969 
1.38769743670667500268 1.13739305766722531565 1.57573881483195354924 
1.74337785088087016128 1.42384700139203324021 1.39353648869393409448 
1.58199697776895575885 1.00188146271453915048 1.83610206815613596909 
1.30698125914752139032 1.34061118183606597931 1.30648633597584740151 
1.64322166836418981362 1.28406256464146451002 1.80087745771330909328 
1.95935932860957051638 1.86866320825408194217 1.80025068413645317200 
1.60189785478920398987 1.80537272466526887982 1.46911723128057558618 
1.97841684230224679197 1.18040280929712260161 1.23603292714438084410 
1.56189504786851962592 
