dSFMT-44497:86-15-5-7-16:ffbedbffff7fefff-ff7effffff3b2fff
generated randoms [1, 2)
1.78841401494230511915 1.87862393765412272195 1.24796197427077881770 
1.67495980855013226751 1.30714443877900476920 1.70493199256659133667 
1.43844321712250189371 1.99684176993852635640 1.67139235784330630885 
1.17968674613449486799 1.02588871832989259048 1.53086101472581659344 
1.59421787210851273464 1.05533736871799099788 1.96325820942333750807 
1.83843209382551897590 1.88665012493323791531 1.25050429920409400530 
1.86123799182749349868 1.99433323186354716228 1.17430658511144248024 
1.16152187371430470897 1.09131570259151611246 1.55377428774636694442 
1.45720350012084520763 1.79527553598755806874 1.13154351955062804080 
1.59338452704478261701 1.24238195308108778647 1.05314770041730532135 
1.24346655066802758149 1.56332861624246688415 1.78245218069758415425 
1.10374016026153065617 1.20740564626628477107 1.01041934905057861904 
1.06461828385091772375 1.97508388654721600552 1.60327018411202781856 
1.91755692919488063275 1.93828145078089231212 1.79785825563751577860 
1.41444195186152188448 1.73295676081210525687 1.04062692577613380429 
1.90162786364184466237 1.97592414781418379555 1.61138668194516543331 
1.80641439586576191267 1.11735774063839965464 1.18482578858986720149 
1.47762921141293679383 1.77633943168432240078 1.42830268889144051947 
1.89857185564585062565 1.01667349318325350715 1.00809631000626631625 
1.09127947354525134394 1.83725286070452842324 1.18049039671859978817 
1.38617295630532044726 1.41930485335449629858 1.51206246536163324556 
1.29504479718823550805 1.64524696672701709055 1.80190111980281786330 
1.42931461339611431960 1.47952482295686005287 1.79489848107699145885 
1.52604978346730901784 1.30458914451139107449 1.66705616865571859542 
1.27361239063642961433 1.23637219837679013246 1.19194063166630237482 
1.18449351174476502635 1.64732376722225581922 1.17191814321535936472 
1.44102803808062973623 1.18707107895623242833 1.68086362264514055376 
1.53307554779692445379 1.41432034640336334874 1.26246299211448809174 
1.96155569551919861659 1.05429958954747182709 1.21182107174086595158 
1.07564660001537903966 1.34539047568658487464 1.15664456485078437353 
1.21085476860495622198 1.99859689061483880579 1.98957893650223627269 
1.75873744815309351885 1.51811998950472437642 1.80299826367195059618 
1.65892626411503596451 1.45239255661077004689 1.78276684988599432025 
1.74982002977596984294 1.01232447023464455782 1.39665425995185477070 
1.42666105104747376053 1.04358484261349238054 1.11015225889477675558 
1.88819549090244787060 1.55080092409533598641 1.94740920181440846370 
1.40953324837985327633 1.63362254257284966741 1.09744960504827804293 
1.21126736602205919979 1.40704774092593787316 1.62628550335385413383 
1.75723744920494828747 1.97574005898530780101 1.73195963182074330611 
1.43930061434953038280 1.83732712812814846792 1.89315164954565018363 
1.27558818419278829914 1.84047819284841907006 1.66691973572322282848 
1.74154609914514613145 1.62734445603339583641 1.79847959535593293623 
1.79880564771684792191 1.42375205946599470153 1.21883856057040995680 
1.86938005559685760382 1.59506626790162786556 1.02704058319033841862 
1.65085149231112215951 1.35682685083606080489 1.40139678658503186170 
1.08239964621014173041 1.48259106081046065917 1.47906114023273072000 
1.80335454786391014004 1.88873727480618014418 1.33655538122569406134 
1.56792627710679277619 1.03751417261667833181 1.61864819758683986528 
1.32752850521930243488 1.15522313485301353353 1.84304524248922652063 
1.26105086320746329065 1.31650367831341719160 1.99102050656517914895 
1.18681582690786102674 1.43737843234241879919 1.58317347143427866740 
1.57757735623673212011 1.98493261192114989200 1.34467780367481037906 
1.02377076277984402353 1.78101051746539940090 1.54830269988776603185 
1.39837016483628917562 1.11924014834256646544 1.32091245185308436838 
1.73613644648364862100 1.27192671341484797587 1.03889822863685754584 
1.66799972385609018843 1.81701269650333019356 1.19769977105586433730 
1.64548556094477804734 1.22518425891784010773 1.45105901349940857870 
1.35360410722830937225 1.54594985574874721479 1.11018138246976549866 
1.24759244108066225110 1.39870946780139737697 1.85381008547524417374 
1.63058878450267896731 1.62002166834411553964 1.90365915860895795753 
1.35236458034441286991 1.52530992891140582124 1.43368913399056485680 
1.58793170965457042243 1.36717747588047600082 1.98442004711896879954 
1.50267914768809829340 1.04595769095642188162 1.22884543928233092025 
1.99552891331991899548 1.53573340454943330080 1.47601690757614290028 
1.14102588958936923547 1.68326357394472547746 1.32198745691926400347 
1.71949081754563715130 1.55816249171763532289 1.28555943010878448440 
1.65914734440922551073 1.65283982769039727856 1.63414126564793038554 
1.93432991478596139068 1.15639963730290840083 1.09442773809028004450 
1.25325659308009185189 1.34771920504731346213 1.76433363257591757645 
1.88976070959869502097 1.78909075929604699517 1.48648588063227160561 
1.28497334268479113106 1.66919221519441229873 1.59945496788714347502 
1.44779189800272511945 1.58139819494447952941 1.20678852340649878094 
1.87171819571390263270 1.38413248229036400794 1.31710155935007988681 
1.97145277072215874270 1.73236152937782139638 1.99119657521542614553 
1.75935086521346684130 1.91506931782177991508 1.60726568044109097144 
1.66176930056856031470 1.10953660841850942909 1.11514618158277478699 
1.31730632565637617581 1.07764278956016923416 1.31197810011855597878 
1.79499711482669010998 1.08702474657692116367 1.20151133370714613413 
1.67576296131057356220 1.69171759734889981530 1.93273759082733165293 
1.84275608294773518558 1.39918402539786046468 1.98763413999721394454 
1.85749890228118985647 1.49922917180949810678 1.98300082728819071498 
1.25778846168620583867 1.13501442061347468382 1.55618236889558070324 
1.83940694674053006885 1.49675772219433222965 1.17458216369437673521 
1.17753764765064738995 1.24499684274769206738 1.35656934137759277448 
1.71810376598390024405 1.12488591756949096734 1.00819935233411972497 
1.22668636796699881408 1.22052636106757539380 1.85590517824284040316 
1.49181130556080243643 1.15845243434772204871 1.47916427649862769478 
1.39312446419174640333 1.31414734674029709538 1.68903760351626730518 
1.06201731797167164828 1.20129179710720990215 1.68435703177962969868 
1.60927920039317795542 1.58763180867489017700 1.79794497083821958050 
1.07503681315585786216 1.20930562110225481298 1.74066476848484175122 
1.30126408625443779066 1.09671491369815488071 1.65322815535710931911 
1.90123782374753358404 1.18717623470004207675 1.80428139088614880592 
1.30143788196764176313 1.16862840961139191620 1.83043239851240913119 
1.26833400223629766401 1.59849813407066876358 1.83462659621706980495 
1.45978671800725479102 1.16736077665627657751 1.56294970104580732695 
1.63071476954550642624 1.27677234231303371459 1.73564015506617663753 
1.27242032621790301938 1.38666901359911753921 1.35936475338100537513 
1.34093460596315527944 1.23991399235115129507 1.24037809154132294687 
1.11040103487415819927 1.15344746285004196018 1.81906469558528738339 
1.33190941297897702533 1.20916742586126568781 1.19493747835029706650 
1.92117452277875133682 1.72530540980425572961 1.76708378530348930724 
1.84276432418428259830 1.67582772813068836548 1.38787836105493012084 
1.87976395524896244815 1.79607423640290164712 1.89946317474123849145 
1.44125410100456763374 1.24496938679835111863 1.74504972402696223455 
1.06051169763386554656 1.92639587672724799106 1.32285852826300787122 
1.15956153518714599748 1.45831158578384734170 1.15271596227464390161 
1.82390086649576343980 1.53346632416609307548 1.12426707161226668852 
1.87471373825742348984 1.97436717323740218433 1.23143691561654788913 
1.96462604687186748187 1.15099693551226334165 1.65247637254299539755 
1.21228037952395673038 1.79150604484836462049 1.48009988538115133672 
1.98465536845808299127 1.07670141939824559607 1.95759486656571080054 
1.67264910239319952723 1.65134730228512394135 1.85777321191134592304 
1.55604740605763947059 1.93595491065994873559 1.32819605895363812564 
1.14662778980010493513 1.34923962336403935325 1.59226734330500274694 
1.73293833295698962438 1.33860444595657002154 1.84894178340667392213 
1.10540133952380492666 1.99177695891748030022 1.15081309223613104109 
1.60441846990598513401 1.59412371928088947293 1.91332507091763326379 
1.57583936577761196673 1.27817557818298843664 1.11382483978667878866 
1.80867645959782685772 1.70244343577879031493 1.62472591481282857551 
1.53325860416766501793 1.60401015948285841084 1.09059453613923751369 
1.74683287152683619503 1.44133818989940887256 1.02337332576639106207 
1.93829895429002974083 1.56664069057365140658 1.97768786206292257468 
1.53435209634991198691 1.61578588590921778945 1.30795717057301397190 
1.58737268893183980367 1.93483131251344087076 1.34073344670178751237 
1.22304636077505102243 1.61088693383297587580 1.97849547775407841321 
1.74226051745833276918 1.02569595701051707870 1.84560557575680750375 
1.11079697978012714721 1.93094466159965505447 1.83930898073026583006 
1.99484613878990058033 1.22541311041946388016 1.12222787539198343154 
1.51503914134180805995 1.67185733174424733249 1.85451397002927653723 
1.15592314968196641090 1.83179807947967709936 1.85899238549994683112 
1.08145594604826689178 1.03842394728517817271 1.35356444353197535868 
1.26543325498212411162 1.28930005548692383499 1.39143469662086349814 
1.64585605687149105769 1.75425248149556023414 1.01645903902195566815 
1.41652632241773113186 1.30557857310888736357 1.04880813996745625438 
1.41321264964891879501 1.16533080337789618497 1.19273541709662511678 
1.60212277616957132764 1.99900121301086186598 1.71188982266202183169 
1.39811936795393076949 1.66592164615477078549 1.26296539281842123970 
1.80087593389154343448 1.22464411125366035016 1.66509314559872256822 
1.46372661693057293242 1.18918897722911598436 1.82157647569134351073 
1.26373860789165415319 1.89836433511560920273 1.07667825603919564692 
1.45610970532836714320 1.66643981624383341611 1.36485398153390535825 
1.84629760401767284428 1.42246520361086736806 1.67853716476067260643 
1.13331779586326741871 1.82361059285740068070 1.90239258249241194321 
1.46634365871425553784 1.76836361156766419533 1.38308316131178932196 
1.12695966500344746386 1.68190673037904780962 1.00128646031945800488 
1.72042911058470782137 1.91212271574526049278 1.28054682189782798041 
1.82186192054728612888 1.51709293001848788407 1.18628344771556215598 
1.89455159183853516502 1.59567197233986690641 1.03889882867805649624 
1.84657068098045229476 1.79188215574808307196 1.20737769269622252644 
1.56909656722667367745 1.22869802534793515214 1.54814314017793108746 
1.86779747443851484867 1.61368109351829658316 1.88959405327539009534 
1.66946525598986061922 1.01023503436806438849 1.70134225762978719132 
1.78784280181915145036 1.62876276235170269757 1.39328497337969903214 
1.36783447162275018094 1.23208646378774666630 1.78946315946920275763 
1.25238773251562451883 1.29631628753700733903 1.19011653336534273251 
1.54292559728091638327 1.81388506248940117871 1.49800819990450584385 
1.26108316470702530587 1.36773485622331736344 1.59957739170485879754 
1.13713010337612496770 1.71728939201862829123 1.73414669895994166815 
1.82599704630072046108 1.12146096365826264396 1.85818487127891973643 
1.31289019147419505629 1.97148383456640563516 1.56801144814142978667 
1.56931904320980253331 1.46886682620999664550 1.35801466589748676128 
1.18225990271673908616 1.98754663572835799101 1.98051800199236871514 
1.91717642319644032689 1.46859605869136800038 1.11645533066823188229 
1.41728043037520068381 1.38899236875917075906 1.20256326329963236788 
1.60165450210528881314 1.08153127081005817622 1.92670646190121996888 
1.03638160935685985642 1.21177839460996539245 1.49853342730677741024 
1.67971471976964292772 1.25384910010819594639 1.92351956419550651489 
1.70889781808335849966 1.28614771842264397073 1.86706009046304521881 
1.21793352080732852905 1.06576313195772920395 1.76058058939978789859 
1.81425866749112629783 1.00932296851057534681 1.09197002013526156539 
1.37605042801546306741 1.23793117578174283189 1.56769722630899366322 
1.53304439672270187422 1.57408785402165696254 1.84288518353612063017 
1.45473241948506459842 1.93668417016432892197 1.66196240270904649350 
1.74111491233470583317 1.01013864348603621401 1.34801308092589611221 
1.22801956186052807496 1.16544664913280837659 1.38691403527894618897 
1.27277560405570033808 1.45379894397245656990 1.07882275395519022787 
1.18787108677656005895 1.30445113009384328073 1.28913447682852644327 
1.52600183434295133544 1.06055270469133722244 1.72555888845539207033 
1.75460860330523460426 1.73434361488456389999 1.97717888423261878295 
1.04471069406332439655 1.90200092429611844480 1.67427759958621069636 
1.36360110918430810223 1.62829212754989605116 1.01004787513605620575 
1.27125687617668514662 1.83170069225716991568 1.46550740715267302505 
1.39258903926896904224 1.19091586311885166971 1.28036043922394893180 
1.47300434291284454424 1.83823598459952153306 1.22935661540665264191 
1.29177821912569656959 1.52240053020813403961 1.43106986156776949670 
1.79515488641947507098 1.23592675978688126825 1.63964742136295615893 
1.60172921639805188043 1.82208124133025894942 1.43420182704686727249 
1.04682135246233221082 1.16115335073859671233 1.36164628054872949292 
1.99426603897248244657 1.45766841385776824147 1.74416081998334271397 
1.62422573497355227090 1.00002205860102555413 1.50087872694935864359 
1.63048602550892307583 1.84473753671839357793 1.79628584975365623855 
1.12466760032964097071 1.36225744048966501687 1.61550639548657026801 
1.03774682565314124716 1.38464633285676175234 1.52244759227319126360 
1.25398910455972623090 1.14763118042271750063 1.76268784611782991512 
1.52294727773713822749 1.72755641478511212661 1.47843507355575631834 
1.42471221357165611643 1.99209901410028078494 1.27686962979975704435 
1.16066464203480612660 1.89623924477993277549 1.75497590798914671062 
1.28191072164594910276 1.25071089312600025600 1.43883152852574935920 
1.18543970293464573373 1.24215929069959440945 1.73229232083636697226 
1.05790066942628580016 1.18585170428065467263 1.41132212575263027432 
1.48193059400985771568 1.35055717641591521705 1.79327847300682541309 
1.17147214694308088312 1.15079469803802103556 1.44572840059834506476 
1.01742882287326530388 1.96863411589675729729 1.42692774338447225801 
1.90853379477470452841 1.24558866663730749558 1.73427167742364263248 
1.57645640360923877665 1.65184334237723584593 1.41744612977394179865 
1.08163115497567230427 1.42085438230845673147 1.94343196688167729747 
1.87624387855193663910 1.29819916873442919858 1.06009959519776031378 
1.64940103893899570053 1.14759440537494494805 1.35672695316028968371 
1.55213319226686086161 1.04574708240750480215 1.81609616541165186376 
1.74863176409040299575 1.10707423566750140509 1.82878210846409561263 
1.59000080465587045886 1.39015810899517866517 1.33351742397453665312 
1.40348360300543961721 1.96452902971856580017 1.26042189969266638094 
1.43758498492383313128 1.33378259264150478280 1.97693337828675530510 
1.54334798651508675604 1.81199093661172594416 1.07007734605437976327 
1.81232918792418451481 1.47951215164451777007 1.81726127552086325068 
1.83360335750630776275 1.80455376079432983083 1.50204304590003734354 
1.90578955928835669376 1.69778637573082002987 1.12121477865203789115 
1.64170487554250987827 1.75421656892827027008 1.94805341887123129041 
1.42477035822579845004 1.96022081006150461491 1.02941098271457565083 
1.78174011124872921918 1.81000962234548468111 1.35144766168676966345 
1.27405592646351761843 1.98129386123735562464 1.95647445266031794198 
1.58565190115207310662 1.73449242256429592146 1.82899963998145631550 
1.28690014981861078347 1.33183418212024529126 1.02037518083725431417 
1.30157147089713376431 1.90759313688053189217 1.78684242422486705415 
1.46701740643752587268 1.06884030566672860729 1.40472608311804902925 
1.93120647140621604088 1.56849105229230190162 1.72041100880972730458 
1.02676458702460293715 1.13862571656789812735 1.18946041284931580684 
1.79599035883506097377 1.51128135755833459264 1.50133002002281235043 
1.62797840147436723157 1.91390961199494036293 1.90990445801681252291 
1.07703194645100475135 1.81119761028783865520 1.48230848002244752770 
1.78177932266793459526 1.59024250794615462645 1.07961994246244730178 
1.55806845788377135165 1.21026048368996175242 1.18748930698580079657 
1.61899370316148139004 1.41757363560301707928 1.46661254475861491109 
1.43859144438156438817 1.24596627663035652844 1.42068638976613836888 
1.87274541451830844885 1.58083747785242834105 1.02222232817046587705 
1.17166704324234571821 1.18817111736602010197 1.27220812492608548183 
1.14248843106247366386 1.13370578138285837966 1.89277398957255371670 
1.96794131843336539411 1.43916863849725551461 1.39330932608973823150 
1.43036217334668558365 1.20987704600802303823 1.40451843034936585397 
1.04897221383907957026 1.32514757333619903612 1.44018765131711501404 
1.56427299819999676700 1.98749661340233330087 1.89239475948723656629 
1.10244341801892775656 1.12415491232385034159 1.93117968690476993210 
1.74349571014956206128 1.39047983058990398675 1.37726480155392527749 
1.93151313258422874242 1.38551020538169744611 1.58409428366925064680 
1.28453866884933853854 1.75243271080886575675 1.48357991096881480786 
1.74671581990995306022 1.17355640164005792236 1.02454324910585592434 
1.06445927216674562921 1.18807832405805791076 1.84064824700019724624 
1.99593546823616740937 1.61664502514976460290 1.15643853660774431624 
1.80186610018262327593 1.04321693972118456628 1.26862491177363390094 
1.50776455156331090635 1.47907591016876582835 1.75880912619446916345 
1.58185358404405973509 1.16805285129889346862 1.30695640383740774304 
1.48361649649435212162 1.35223123138961676126 1.67703147344068725921 
1.60671856482604469285 1.55585020023408615586 1.11254933128894428762 
1.33745274781305711898 1.55541912553297145827 1.86336560795417494063 
1.97104072316430589673 1.51231707076912780252 1.68214923055309317768 
1.56774778362996070058 1.26233138019441781807 1.30595237844638356606 
1.01124557221149058428 1.37424749108885557725 1.16504120732814864247 
1.41248759843446625162 1.50213719855342908716 1.71742683075146929106 
1.24554436271833335326 1.88076572269719854980 1.10716710250751515510 
1.90619082858984723039 1.95723509453157262783 1.91010806236989583162 
1.85262228345154444931 1.41569091591221041249 1.32590861202674736852 
1.52571653300505949424 1.45226175669934343126 1.53703882705521444052 
1.28025905848519916397 1.10869313837341332274 1.64410381959958096232 
1.50153686493236504518 1.84297727609906125679 1.49966338865696058313 
1.16771943477979855963 1.39854303043676297946 1.88955693748323394487 
1.19834939962759068344 1.61846465040256370926 1.76704929942049915326 
1.98306720071901532165 1.88702271341960847728 1.68276262898502237952 
1.15392883492991105143 1.20041888638789395749 1.65451101416147272616 
1.82649310811204745875 1.41541815532471715322 1.80354396954519868856 
1.49771688519255530281 1.45021873764320718969 1.50776297944428860909 
1.40698434415001916165 1.74184426374297562923 1.18843733927726491473 
1.62485883435974209910 1.73408838474106619110 1.80279608755359044281 
1.76658836466297808343 1.40659248482991272589 1.97230627098514754714 
1.39291089506715404234 1.57647232214104704440 1.49336385632126344980 
1.67147328276960172033 1.92809975770626951252 1.91334891258196115871 
1.92439547465501159529 1.35958042849612681380 1.20190707681088349013 
1.81627804248162916245 1.08938767216932141935 1.81604585566306164779 
1.37612080776104672708 1.39238345171289634727 1.73859186648483143856 
1.70446849702555525141 1.11032521969762321135 1.96441028198510569958 
1.94813890478345030921 1.40731176293599191673 1.98772034385090634601 
1.33051991382925516305 1.40186501493071347113 1.52000358630316889652 
1.13761469720513419546 1.59460228964365513527 1.69923984784026549377 
1.18912968232109417244 1.05575450746419075010 1.65097459415153857698 
1.48884567243275767190 1.29015552847484160637 1.86309243668063406751 
1.91551024650388468373 1.13823065473939766257 1.60368485418723372149 
1.19081649881771522992 1.78483038981724884131 1.07089891311387508388 
1.77649565788757901608 1.49269677137872869288 1.38964792959560923258 
1.76879380643914441151 1.09951509586738094271 1.89445296635777138405 
1.60081154291965321868 1.70300421115559852403 1.49692725787645475322 
1.61779467996084269643 1.93975652276399390672 1.84736365089377096993 
1.56908214588490313446 1.47520232761345004846 1.88950464596483347357 
1.02284074204016417475 1.27840274696297018231 1.81977052469496092257 
1.64657093855382163916 1.46131602133859961334 1.68113016062052844646 
1.75993043203815302533 1.59414744976068889493 1.64104217644571681589 
1.10760265806841662339 1.03257895634583918287 1.44231479673938056685 
1.12484336553138852821 1.22378800738896975631 1.61772234705950967992 
1.78237245208212335967 1.25993156420691421182 1.02681964202665643171 
1.27896589355358814011 1.84884323224426805332 1.37333541459165964227 
1.59744026024435159528 1.98483226073506080489 1.85608723056132651763 
1.15836886839067920718 1.26969897875305481882 1.07828162696524043618 
1.19961587694946869576 1.42826981498399030457 1.89517455861232853032 
1.92553854122305079244 1.78717721555465103300 1.75338764016829373737 
1.74026802966337412748 1.05121033690679133166 1.67795239060138356990 
1.15934845523647878096 1.54567930840271450244 1.16644114104842677726 
1.46514657212850019086 1.06374684131344698912 1.44562969771044724787 
1.62572538710376668369 1.88313829933609855338 1.86726569168766420859 
1.15648111916000306820 1.67687653573152850583 1.86557482052658052396 
1.75864885214454380602 1.07580957447818437167 1.28346890172444627609 
1.84161066745371160280 1.20306943112903064197 1.07945017390654363076 
1.75449892755018921342 1.31558545191243125849 1.32526726634418734463 
1.29949249131434707571 1.63269305494870975437 1.72273185939892603535 
1.92895747618103463594 1.40357426172309196488 1.43242701241160408365 
1.64147373050993894417 1.19720535473181355357 1.14957047381057653190 
1.27800740209020458060 1.48109974055259763226 1.67040984464766428808 
1.20081212501227452272 1.14264505714753217269 1.44346796652630104951 
1.73483384306922805429 1.93404247984259991533 1.14426778701609022093 
1.24612561823544565343 1.17025269526340802706 1.36025295633828791075 
1.16693221705974381486 1.27918806022198361383 1.41720872448289569867 
1.06367982894553425588 1.55539510424688809387 1.47895572399791341844 
1.80756996322997554039 1.55152993652773285582 1.79281509826777574190 
1.67169334400492175519 1.41610387263128956192 1.82448976755979130893 
1.00138774263320384783 1.95038221978391113076 1.66281043811972462088 
1.22242192776355240724 1.39632641337807128501 1.61104576384319009286 
1.15415261818607151056 1.90295941065251561497 1.51907597414315076456 
1.07081472077274719723 1.79208472199324542196 1.24021645274161063099 
1.76851123630653606078 1.02416677561181956868 1.31829900041816050482 
1.72262825454288881488 1.62086836633805675412 1.84051628700102609670 
1.65171648864643216825 1.69523748865791334950 1.95051911855020199127 
1.82147319801284601759 1.67162398684144331007 1.75383274249224063723 
1.64175096882022941713 1.19077646619580779230 1.74175619758413469107 
1.88534338306343496328 1.99026730857597944357 1.69647691699918734543 
1.16074319894103439310 1.03750500064985229365 1.37694506608159561445 
1.49076744614128431365 
