dSFMT-2281:13-18-5-7-16:dceffefcf3efbfef-e4bfb5beffffbfff
generated randoms [1, 2)
1.24229056203003951353 1.06187910538866692178 1.81476741976781985599 
1.58538431793390910407 1.03660642894839649664 1.03768974757687781896 
1.48133325876693011658 1.99250840089366043628 1.29693291879988303883 
1.66119874823986823920 1.17366874625530370757 1.78841579235950454141 
1.59124050518359116957 1.88659982532929504373 1.04925609334244129833 
1.57987074038823194222 1.07794993520485138383 1.49081659795397869495 
1.94199892761992454204 1.03548980505198895408 1.48345945363447762055 
1.91442574679045085517 1.52509971737416849535 1.63182816014304665764 
1.11319305333784757117 1.08285088397174100727 1.33511789214047538188 
1.55649455350623955319 1.34420998995170548618 1.59798284310417648690 
1.28830163919001239314 1.77381172701884182175 1.25416812233175289926 
1.07242357702729829150 1.05887175410963041422 1.39744520748956158052 
1.42204312596274173863 1.30520350493046310980 1.82676029960234242999 
1.67498859701218383300 1.80010554954698620556 1.69171505792110044020 
1.66241245353755151548 1.71396407915833171032 1.86875314387789925874 
1.75492551929201012761 1.76980297100045991243 1.35527584515492161010 
1.01657087430891479585 1.99360780067574960839 1.87716627225581778049 
1.01860962959806689021 1.67745986057192331131 1.33080528030656886074 
1.42416377463276799809 1.07195292446645340512 1.91926804728797284483 
1.93498907221727622918 1.36152648675446519277 1.60568010562923979556 
1.72442111571827161320 1.56947936590000169943 1.80510460708917674921 
1.28551379757767647583 1.64704669221806399015 1.78281938801613981660 
1.83788904596559254934 1.39228416921670739015 1.84881109891042316740 
1.41052373095412564297 1.08479455218148146400 1.66237751985533277477 
1.44785060744315452474 1.32208660234716979254 1.34400868276524998457 
1.50893280008105734602 1.02829514084797546403 1.39769248020384262432 
1.13903799356777990504 1.58944027605659998770 1.00543698703148987050 
1.03155404567269770588 1.88510212463388215909 1.02861852436494682905 
1.32625445137383279892 1.77930061647168624717 1.18383239558126840407 
1.47959556240885636846 1.99572288337306891215 1.43479192093444951617 
1.34831210079767571663 1.35595424750816739845 1.01720281858435046551 
1.71848046443409741002 1.12483526622098439773 1.83274065788274920230 
1.81829404828468921274 1.12143710031303234231 1.98030607350978193892 
1.65043651307710592668 1.15013827006612312509 1.98710963079929414654 
1.29992300460796905703 1.21291344487336960611 1.65274427599283080248 
1.79886666955219176600 1.14117954273590038738 1.74601098983187674740 
1.08792728461501897463 1.20780229212998579946 1.10302652181348492810 
1.12444342636564353910 1.96682806243819130465 1.47372173051601595972 
1.07376012416896360335 1.48472753834695603281 1.39577019290993331602 
1.78381755510251682750 1.08439299491971219425 1.52242779025539620719 
1.54589838117914846194 1.63297897700404726073 1.79632492072726446253 
1.89410954732309488868 1.79802716397713657770 1.79348526842963273964 
1.73684962307131884884 1.70736669974485133494 1.81969439395903487267 
1.22554542318414849689 1.94402629592825171301 1.82636215137448010282 
1.70171087361089345968 1.83257004982298266071 1.70923336640990330970 
1.77656583240649768030 1.05098482212121213664 1.96212333067071442727 
1.66462507327779429822 1.52626073593683675433 1.91916170997163537670 
1.10563929664500837369 1.75940159291355158189 1.43297348494181697731 
1.29754509424785102745 1.46437774233922946010 1.23880476565044572723 
1.14408982906450318318 1.48965386970098401243 1.70178086881382428786 
1.19537874638251584436 1.05087853745068948719 1.30614871346570948774 
1.35688503953903705224 1.35638869084076074678 1.38978328701440845272 
1.62596511549322619850 1.56781941375236377745 1.48143033710707339168 
1.14610223988027892794 1.44850717593240641001 1.15937829955814120098 
1.83920147938875189197 1.29681892188277814171 1.76348305708557706595 
1.68923507618744994652 1.44596688672320872193 1.73463593667736803994 
1.67347951116449578102 1.48429754660581947334 1.26214212251198776293 
1.29017581935222946932 1.97910815625796665529 1.58076134185494288076 
1.65612750057771451750 1.94459164966666486762 1.56383361315153024407 
1.28816699764677444762 1.04198614435755620988 1.58814983475032578397 
1.82919251699018370338 1.96672410897746563485 1.61606681096689897004 
1.55426633848969220075 1.87377150109832868452 1.08212540498525178201 
1.62072477643837919992 1.58617929730780016229 1.82754399242812692883 
1.57695025520873799429 1.96456150405673701798 1.40343824040093090311 
1.32776364518776857082 1.07212273739996954980 1.99674295656013223166 
1.02440104321348690597 1.37029488371956609249 1.86078460554972302532 
1.38387187846391945811 1.29565026235626024054 1.05119366785591128455 
1.61488385201423079174 1.61992758232582811928 1.15481828627763771777 
1.55388318645015499619 1.44773295315617289702 1.06665198406370231865 
1.46495766673736804719 1.31117530399633341887 1.55732458806078799540 
1.98990821535817952181 1.61829017300661126555 1.71251898767592392048 
1.56648247361683168322 1.03118313400359440379 1.16831138505511322734 
1.98789878572781719690 1.37060372631734028737 1.24888198074596412646 
1.27469898192618469324 1.18513280337180226809 1.64172652006415820125 
1.09450008224113304323 1.83514516186983223101 1.65298777434907351314 
1.70737419180283178655 1.54558501528027081307 1.84091018802296368939 
1.46247398302621856025 1.47744201547559739218 1.57306544877224885326 
1.74299011660083524866 1.66385615559286414999 1.58976241633637616069 
1.29337033180594973558 1.75519734576229557987 1.91299087928581235118 
1.16499891206556926981 1.37048100112817650142 1.69928674711564609012 
1.79004010595067741818 1.64065774443400780314 1.97959179671228624464 
1.79013542200979536290 1.14174584093814179830 1.87482033164309402906 
1.92742785768261937207 1.19618818703189200292 1.71733586926220693769 
1.15428777010205663167 1.43997839846874486902 1.86759294470979408942 
1.05882189474265642204 1.45450145244038209213 1.10444953460594308403 
1.81376197182303955380 1.09588483652201862384 1.73204820109020340979 
1.89064833964656808796 1.01979689238661586081 1.06625589952691290918 
1.48408731426537321418 1.16610611216953885538 1.27745024964371345355 
1.31391230394418645488 1.68239189476242545496 1.51297585131007061854 
1.57309411698451495631 1.37664905897012190827 1.70007508330202661284 
1.73069482742992186708 1.12545554901139710502 1.54805805917333416666 
1.15148425065130854961 1.98667346247545806293 1.84542409921850114607 
1.68797013282076369123 1.65479491067776374180 1.03942758408305624407 
1.31519176903148804492 1.16674334012904190594 1.20153159689568456159 
1.77470867645783747513 1.92577792284638582565 1.18120844979439754141 
1.74247488741519185318 1.59733273272164044698 1.86258613536867922988 
1.55742589651433260833 1.42812654560773966139 1.31871604590103674859 
1.95922371780857940138 1.41516931912778587410 1.68272124547976575926 
1.22211431480027266083 1.03472240894471512185 1.29527343896118596334 
1.20231640680326168358 1.25655597266668173084 1.13467583541588767915 
1.13673062237792610318 1.24161195723181072559 1.26801613930964407473 
1.98981813962174669541 1.87459205315247379176 1.05687569568142447629 
1.67260254223384485783 1.67130926015400871343 1.40706942076128860286 
1.06811910338781723695 1.50560441380028664504 1.75261539242373309833 
1.45913177392218429418 1.99611511160113952457 1.34530837275226478056 
1.59319438369602406347 1.29027295744316017334 1.16750851679327083410 
1.19238988753932750875 1.46822587519287339752 1.90328607978607444728 
1.44933673817553287932 1.05607475919930293706 1.12635910722330767619 
1.36008601254117911239 1.34190304435310392428 1.84393336070031499396 
1.46034002682194485878 1.19755241544795265618 1.07787264842733487846 
1.19449340789991853562 1.69848528228163742071 1.74532172983298594637 
1.80969027326637710296 1.22920679062925808367 1.51960723490893001575 
1.41598262294506693770 1.28716890062549982332 1.97636492986959666496 
1.54675082481312453631 1.00852415287973617986 1.64462883298201467674 
1.02036293017373780323 1.40018602013430881748 1.35529514504566650501 
1.97355732929627536443 1.73076133076430038749 1.21482319572381536332 
1.21081074120094411839 1.66683967739553118292 1.82216455796196341588 
1.24514621787342782966 1.48811611533462206935 1.71662520287283926201 
1.84128999919557134746 1.46053849290260218119 1.49442538449633688380 
1.95014810746896483096 1.50690547316249712217 1.09350881566172075665 
1.10737063143402991727 1.88626476199028991765 1.91272173833783099006 
1.27021966599321856073 1.27891402008197418994 1.10079130327450336324 
1.20474384823373581455 1.04968140315763336368 1.16678755959871160996 
1.42893886145607162952 1.84397873928095812346 1.12378060587016093130 
1.46442872106121302345 1.65937054341071599239 1.52851418504974922996 
1.92511632458343351360 1.14693632146379087544 1.40010518074664469523 
1.22428958293109246824 1.61884178338558304411 1.43161373455854912251 
1.45516793487997242451 1.65277051968347987732 1.22470705685989544875 
1.58851493180343061873 1.96733435428729963590 1.74212657917380009387 
1.71167063774917638241 1.47657509672050513139 1.75234499305629842780 
1.24586861891607569852 1.06960033375558172253 1.26797720357581233941 
1.87232655801782321703 1.29987919734031320829 1.88193357104802050372 
1.29628311482330982329 1.52855248803425158854 1.50986236423135156137 
1.61569731343459310757 1.61910539691392441064 1.52013348987809981949 
1.15648793136381855540 1.02388161564762514288 1.30493119650695654776 
1.48045537199047561039 1.94860212885112038528 1.96927827901833696345 
1.45006210190176809682 1.63574035783438187508 1.93200309294652639025 
1.09450180126217122556 1.17261049969081598832 1.81346275841065551759 
1.33912288522426603521 1.15062113013278177753 1.86548857461108275047 
1.65090991798269626223 1.10380723310580708407 1.17822215765662896558 
1.36103087276034506736 1.37568478832995744199 1.04481920314254850268 
1.59801086705071182514 1.03385551472706049836 1.10365779433585875502 
1.53995206606311940689 1.37232956351625912106 1.65331337445671944231 
1.49998683439326341293 1.89823269683528961238 1.07192494826891815407 
1.05936631675690229315 1.55645500209577081208 1.32288756031560672533 
1.08837801179401516549 1.87701119182355480319 1.35148793245399412299 
1.76536129814612730016 1.16192202889844864444 1.38977105808444267865 
1.36904815094761733718 1.83428492269056797603 1.47114008896751569111 
1.46772750057980783112 1.69493811516588932520 1.59829190959082212409 
1.56528213156321238664 1.39261679996219456257 1.95922968326035085163 
1.70930289121738776537 1.49068800386425270865 1.42850440493543806575 
1.61733512206732199523 1.10691717396415945096 1.46267374568454089356 
1.67532923796896082713 1.95031986524583356157 1.20143340197416259585 
1.09098731941429627490 1.02076474940075745401 1.00541137203186758953 
1.32695286134988177373 1.75339036959010119432 1.44815236541132597026 
1.13178476104213565634 1.98326838141338002153 1.18684440180555061950 
1.36261264370344159502 1.68435618064310377306 1.53054130192801940424 
1.38263900589891020054 1.55832007585390264204 1.24449536039076780192 
1.42052839209085335348 1.44449487521838881854 1.04904096825752768396 
1.48015873715010193301 1.50476708822601690230 1.23936402919173027648 
1.25369677003644341973 1.61941789567900951141 1.32996663026208228331 
1.65663147744552352592 1.97740048557289482822 1.55583283382534864892 
1.86091334107110384366 1.81560184828419490799 1.65161853132379166098 
1.65348059316198447988 1.38127644914882874438 1.14760435599107291083 
1.52985249440781889696 1.36009080870841847499 1.95246844069129799060 
1.51060065080584560171 1.28937993395151773157 1.45625182841928690891 
1.05374331611316618407 1.82126489377593192565 1.43958372209952467635 
1.34915151980287983946 1.21313255816265930243 1.50463518077205549162 
1.98393971076293729183 1.38747601464739678256 1.48470755756095207367 
1.24567571272795185600 1.61142360086579827794 1.48942903672906701296 
1.94363953655113741448 1.82684254606562013201 1.43925081665465270930 
1.06403366779871899617 1.30274244155636997888 1.02057651927104253708 
1.77479150256851547773 1.98652694041679400705 1.06109619503856156264 
1.69087220108679203712 1.05452476428765962169 1.28164434134519189534 
1.59302204367092392623 1.95212950576208399411 1.26321420852840282656 
1.67214719387973853593 1.92980072480457454098 1.48560524439559560328 
1.05038084595929959164 1.72308699913564344897 1.83387400798059019280 
1.24109146947471593592 1.63593092352362301511 1.75510584513692990960 
1.65203614959729772060 1.02380917937312898580 1.77155256341936828690 
1.21086867753949434245 1.60750592937449976461 1.17633393317456125260 
1.58568051176476787489 1.41203259671642111783 1.00382234182880880624 
1.85301340658898916480 1.65669186215233787962 1.17493321728883115540 
1.08156884849007539628 1.46641733219485459472 1.12902289493244945007 
1.23344142049808103145 1.32198063309477786831 1.02864072723689115030 
1.62170944211697554138 1.03762359070501419822 1.47857517208662936348 
1.14495408142159282860 1.57182755103956028897 1.62896974937777061498 
1.17691848830397960413 1.81741887548300518063 1.61023545552490299215 
1.76431859757035480740 1.42967664583344156171 1.85796489116450547208 
1.49474171408459532984 1.64434020792543944545 1.26073967312243162553 
1.20560972305425151418 1.74433842558037555115 1.13320472336420885462 
1.06211599367120324011 1.77901270653082010931 1.75057836232108399166 
1.01712786040534242105 1.04439516331963999640 1.43113330357801693538 
1.70791061536655508490 1.23245491100084647584 1.04858836933679211434 
1.93225430957354116224 1.50578127158768082516 1.10246968540638268230 
1.62630136671955205507 1.46445965181808546163 1.91153070683504311411 
1.71282298514600150874 1.14167612996917244850 1.43190153787566587518 
1.95696171181278177897 1.24296906845421428756 1.90072899307484854958 
1.37287818490130342219 1.11317860521243061633 1.99719267402915079401 
1.87563972829616432136 1.05378915306299925092 1.75399552876918396471 
1.60856230185787740794 1.88632588468257367253 1.00013026238461266715 
1.79770249673492288345 1.94258252018324983901 1.58467457467181027653 
1.01789576421793648286 1.38049969639285463607 1.16665919126202211054 
1.61283536128425231126 1.00840667027856767390 1.07610247069669484610 
1.59786512928126533950 1.51636533218779878673 1.30932639283003937614 
1.25856714621003717980 1.64391144594540472568 1.17795503948713853326 
1.13159382732629021362 1.99375526095361355061 1.46393961848479214893 
1.77636826721186946720 1.99083398836952074618 1.17200884394645110653 
1.59282665502069464836 1.78570160232613006634 1.84451343900592146241 
1.71434297180978223452 1.07550917620350872106 1.35138372513452553747 
1.51651529057719169913 1.44697320742233159763 1.93691371810619972216 
1.32489651906315852870 1.02507337401842724134 1.00739648061744402341 
1.01213358051228019541 1.84898797299212569456 1.94251303334205327467 
1.75318441637951605294 1.17580956235863332004 1.31000880611651182583 
1.33263737090460132606 1.66446747595847210910 1.77578778860928121475 
1.07030670641308112145 1.65742459420374244061 1.89770824896479628485 
1.70743000602309580316 1.08563857105214633947 1.49981255369918242693 
1.79162563278132846989 1.44083403829358558390 1.26306900600660099165 
1.99322632984022951597 1.28726863808105318476 1.57642748072933391867 
1.84181700690765404183 1.85093753733168320252 1.67386371171811521030 
1.74320635544126401051 1.26866274572345472116 1.45806013540278267548 
1.60277548159614990908 1.20480733736278344814 1.71408801297612778392 
1.33314965143878683129 1.04456012186244806550 1.42857971073809064677 
1.38097269009222745062 1.80099498032931082392 1.26778992618727825992 
1.04172309424750664242 1.26104228504253623733 1.38547329293023535612 
1.47733641480369182197 1.35847881716930318774 1.81219000210896674652 
1.85036242501640102454 1.43253421776505018848 1.39751023999772039375 
1.58545232734671426300 1.46205729301428433153 1.19347702862710947080 
1.91200438328100674745 1.43693131307410637554 1.70871611098561437814 
1.28200377495564521446 1.13197807955478313424 1.82432021678351707905 
1.93887001619898469151 1.30452285604451900802 1.79353190568120934856 
1.37650671824709602831 1.58612047143402357108 1.26678346730693891509 
1.84662409756533985039 1.00981291714905818679 1.48615349699651311255 
1.06834737625415998608 1.02062022009135477951 1.25016350830023670326 
1.45236928819848110095 1.24364960983445138609 1.18367179574643999196 
1.06740149267631601049 1.88828871758271010783 1.08354535304400689810 
1.41344139657389367137 1.64723839575484021225 1.03758331494408073681 
1.94529133219584204895 1.37875007671351212934 1.47018697050501279122 
1.80958483974149131335 1.12051400497834330316 1.03854454643228399924 
1.20262898340008539400 1.70223005104057878434 1.27765504534652452051 
1.48064666339484407587 1.40468987116825694272 1.71775037814773701150 
1.93272034225798527984 1.33760484478542696074 1.90279260825828222536 
1.84778531700058290532 1.26654127497241097977 1.36078521411055963775 
1.69596265615434282914 1.09829622392854120427 1.10803832332876539546 
1.70718302293229551303 1.93613615871809074953 1.76213653836166073141 
1.65823922326531691951 1.32050301034511496923 1.75044674933405608463 
1.61713547540993562990 1.09680478782742829580 1.88580647377668042530 
1.69004141460948198450 1.42346939597524935195 1.56969517991375151489 
1.00786674667248710158 1.39773513258339110443 1.84646145633813252296 
1.75029763805716087610 1.62231939010069048379 1.36417946270494705452 
1.30013409302982396731 1.08359220775107334411 1.77629815165815685418 
1.11424800855191796778 1.12842604176148175732 1.77614522483490278049 
1.35597514107162386843 1.86576502258713272653 1.78004511895664951915 
1.19468162270401179192 1.99804269055890104667 1.73331656526942179397 
1.35044935336649141178 1.95538161006042088275 1.62784944461513014780 
1.05373390344887374326 1.05742343199042321267 1.00797044986879491546 
1.97566900833272085514 1.70310632124768512874 1.66410782400373058465 
1.03062012689034276924 1.06666489380720563851 1.93728898723611697719 
1.72059459821334526097 1.20448430168234343896 1.24343891245102300402 
1.92242847125306592915 1.86831428246603836740 1.93508687769736309470 
1.33355784589687842434 1.63645701837821477831 1.48408406326236819162 
1.70816209551910591635 1.89872357285159498730 1.51406880513850605752 
1.99780585221914108729 1.84644048925843828890 1.38784159479481861155 
1.96885517662981168741 1.76775208404099015702 1.47150257438139031585 
1.68703930531640344803 1.16637783226520563851 1.66415018610673781652 
1.29532942704134401701 1.69550500680076821070 1.14535398972733126755 
1.53140956147759932371 1.18931508979889910549 1.91480209356204689186 
1.14240506551017939607 1.84641937479364193209 1.76924220730201686713 
1.07422677521106901821 1.68811799801391471121 1.82657745269183191539 
1.84675974043172019812 1.86573810862679834166 1.77930471411390511705 
1.94106295850485333077 1.10213239174687727129 1.69344256330426379265 
1.63000068492411220866 1.02895651718619873805 1.08253483320988652672 
1.05583741747374948439 1.92355155669944122288 1.55859425671248397194 
1.88798665677748034319 1.44890691549229111423 1.34027538862399753228 
1.60807250117595912364 1.91247071544089708439 1.87740816956428480111 
1.80188481399577282716 1.43964624537969632101 1.46145434088238146408 
1.14445628311091529561 1.65344808172435397964 1.62343255618993875800 
1.88201340404557981856 1.41009338633554159870 1.91693211496260706994 
1.80591661024086302945 1.03646342697578353054 1.42140277361337519224 
1.41357388457656574232 1.79574424901366724860 1.05336702456719999432 
1.00884834111479393393 1.15832119538446076668 1.79546629143550151575 
1.46147561618864418875 1.35844064798880537204 1.70033982068918065877 
1.25666450004400043206 1.11323739106614105765 1.56626586015473723279 
1.42256538199616078266 1.97052265330141040955 1.42269643001357626311 
1.54794202312132389565 1.18347883884233606722 1.53981493044892103761 
1.46563873876638162130 1.86180950346269402651 1.86126697900630388993 
1.52292045356647731680 1.88278797023528454702 1.07675644364259071040 
1.60739292049394411066 1.15507204105456362520 1.68026944451300708216 
1.24036171661890737283 1.50117463066543699313 1.20699254825982227324 
1.08713777464615812818 1.98229172077835547050 1.53133689437060072080 
1.12541020421466120283 1.66234693142033118640 1.99857742403949867338 
1.68192951215947128496 1.33576593043399749483 1.80595806382300971826 
1.18798225535428803035 1.09056278292407204944 1.42306063705993679491 
1.01282656498789891408 1.20736547512224956513 1.87903179143201826129 
1.69741737671047232539 1.98445554995483819383 1.23847973681928924528 
1.01511701267891818468 1.56266313106060805715 1.69214541088094194698 
1.93776670631506275910 1.38614097973370431482 1.52718150262069229939 
1.40617493668147575114 1.04634406485980302470 1.00323971170650683149 
1.63934995020432783264 1.36359757790116264964 1.21211034432524122906 
1.84886928764479918641 1.02638178156589598977 1.84393967445267459304 
1.40754539681533863416 1.40464516316369047999 1.45504724177010946740 
1.35944101040732823193 1.59302708550425320411 1.36958972979220860999 
1.30463687743737466462 1.49788703639811093815 1.25145349560654506327 
1.19586800308976859419 1.29515534761607975511 1.84582388532693353334 
1.21507475113176233172 1.59036749988950587564 1.50678352205248811124 
1.79604946047553948318 1.35555140989393718698 1.89165194730034302850 
1.00696348654062917127 1.98137270477153615289 1.71057139177759109927 
1.93442262651158536357 1.15378293305545054359 1.77534790250431817604 
1.50161622938302219410 1.71774050789904553227 1.01459293501255931602 
1.76954083393879391117 1.66143548042508082396 1.60255361760273618010 
1.35369510918787527842 1.93967011109518105982 1.62872357930506428403 
1.21332917386922467529 1.01774567122154757648 1.39083820298081684008 
1.45613480583827459292 1.61229798832938464592 1.69297360630644200263 
1.51890575500958524557 1.89215077669651421388 1.75489482880614167115 
1.87371705199321736401 1.63386481196898425416 1.21286799194496874854 
1.33611673004136921605 1.08275910435663824671 1.00745940461689742484 
1.70056377294702398828 1.25474927053630080920 1.27891180911853408197 
1.85522592627017712807 1.02299995352562977935 1.97372044545097335977 
1.05633103968389585603 1.43844926950824802958 1.40900743763997304825 
1.31896578265680175512 1.50170929161245991779 1.43239190284075390558 
1.90277581328179579145 1.01544755054779067827 1.24989931777060991891 
1.49941057963986357215 1.49460655454119351049 1.40967816765536446688 
1.04048463148836045633 1.79744780936990489195 1.22841875378815634789 
1.32590588975436296515 1.61852658736582344368 1.14449675154031971225 
1.81952348396172514100 1.69079511255679615367 1.47966182655907574350 
1.05603690525941207312 1.13762480509553354224 1.59506896481131632548 
1.36796002522590831596 1.21684598755280459770 1.26368599521727253965 
1.15529650661275451462 1.43987181564856170368 1.28270547712327065426 
1.93570188468593995523 1.15919145422343072838 1.89390496273182740161 
1.42627170134181047167 1.17531121972823715538 1.90840905514047021185 
1.11772510856205653518 1.34700760135896868697 1.08424816689832792527 
1.21391145202748496068 1.55981884187424779675 1.83733531122957338688 
1.21250924069384580228 1.99937311912087212207 1.83264024532007496759 
1.57694720835009483118 1.08937562154146694304 1.03143074534304735046 
1.85674987465691798683 
