dSFMT-607:1-15-5-5-16:fffbf7ffffffffff-ffb9ffffbfdbfffb
generated randoms [1, 2)
1.83502079413476582026 1.05054089004258721651 1.60475082906114363546 
1.05612835465480281449 1.26975250466170264119 1.16430963624163030801 
1.19501868544388822890 1.21325074632944929220 1.05475733743331057113 
1.71230985380099709481 1.93269799994554070111 1.82070623111945617545 
1.57178231515898114701 1.23694984089170589847 1.14383798291548921533 
1.52633614749269597155 1.68315028058956062118 1.42438727014687627204 
1.10406625821295145684 1.33581266722895142252 1.62580681755704370417 
1.02940258296881026467 1.83023702585157366229 1.77780235998797020436 
1.45190688118559929620 1.80820403260490181196 1.83882952026240209520 
1.97919705868768591728 1.63952643334583658685 1.34286683995386613155 
1.71977631051271306895 1.58070001603096410570 1.44561545605852548313 
1.23151489164272387455 1.82308327108040568731 1.55610754856423505466 
1.08943289453672709222 1.00828150092761381629 1.71908874197536598594 
1.32815787990071987323 1.82326097457338121011 1.68785288117771314909 
1.29507346072502271817 1.95162928492517195878 1.71312643139877396337 
1.49842899300730736378 1.25634973624076562437 1.01925322759212932944 
1.20038357130236206238 1.01084788600364960942 1.48534461274292461930 
1.46089615287632557106 1.62273211134192929528 1.87826895606562693786 
1.94122054519782616389 1.10999558206583359699 1.05543402465914915034 
1.17069168022422576136 1.98158346593834244764 1.26137808640094228885 
1.44553279809535273337 1.33771375187093566339 1.81015297538266572985 
1.19749779063791161882 1.91947522501083445157 1.15806672970667245970 
1.97894423060535418202 1.61222946969283631447 1.22377369690724080442 
1.51823703993628189579 1.07170891784224164844 1.91723461107463410968 
1.88035050505890732886 1.49049682677298522826 1.89401835188122702469 
1.61161941642036410371 1.50550506883839596561 1.70722027523126218540 
1.60320444693992647522 1.83216161636963947856 1.89555205479378474642 
1.31839735829720461346 1.50022023718231589662 1.34109458416651095014 
1.62854994336705427571 1.08886954166045057946 1.72962882984088506255 
1.02944909886334445837 1.66387015254344006188 1.79413434972424701286 
1.00674099829745222756 1.56646331895072110640 1.01022404169988933020 
1.95553327496796813811 1.90102905930554633152 1.21144968341710979054 
1.53039994622121433565 1.91610601731904384160 1.88959227283636654882 
1.48558231575995747242 1.09278215655365196213 1.48495732808925384738 
1.21410316787035665875 1.36578214638742378995 1.12182019898131923874 
1.79668825346402249998 1.72462458289395659250 1.42798089650211434964 
1.73194082173064001218 1.06869504541818249876 1.50296715411373038584 
1.43516111879571028886 1.20701776537099103592 1.92199115347654525543 
1.56455473872268702173 1.19867462645704314639 1.06820770662688180330 
1.80730877479000140440 1.43999826482908388492 1.59875975020155602913 
1.73938128311202633292 1.37109266369834137400 1.42603033976965254404 
1.30064865910902871526 1.60441350160314688544 1.16582346024523464401 
1.88421856341129489998 1.98778067180721906837 1.90473906738822695850 
1.55206606924490841948 1.52068157599494879761 1.25072579565615416008 
1.33403294009262740616 1.09293566625516924695 1.93899639889020303229 
1.71406991273787734364 1.80309406659865589795 1.64534401480082648206 
1.14720875119157539324 1.16015846333441530192 1.63091627601951527637 
1.47945198273689348945 1.30726832341208631938 1.79050125684233596424 
1.94212370633087405558 1.31191770685868780433 1.14360851284837661268 
1.04214840616813275709 1.14111808818364757201 1.62273372366715107340 
1.75136545818950306597 1.85907676722381487444 1.13395178016323128212 
1.87694144459317535656 1.46018333624723406494 1.04327109340468693333 
1.91068462685604312234 1.02066471733411967548 1.91475571642404518435 
1.90195538916385942230 1.88140989242787770586 1.62535772622692586964 
1.25441511063943811344 1.68153798458580672204 1.28236657624585004278 
1.96716956534708020676 1.61721569950714427755 1.73222234416254949885 
1.50208518950051073126 1.94196423272721174769 1.20060502141190705849 
1.98991314562446142133 1.58465557493184827642 1.99546778013397196894 
1.56314472486466637946 1.01766432543116525089 1.00106278160901496221 
1.27671586446027518491 1.26266817701228739601 1.02403480849245531736 
1.45410835861647957934 1.45445181271744283791 1.52966206876564836392 
1.18461230234902203939 1.67508228356295263417 1.50861641671673951670 
1.87304961292582672350 1.07226971599159548454 1.85551174425662512846 
1.00192029967679752112 1.24415844141413334256 1.00956891221929812019 
1.61209708520616068483 1.53813302663191331376 1.15838031736236635183 
1.32952248506992587451 1.69339673357925302177 1.65827405138512862237 
1.70214737051634057430 1.20274081961001488850 1.22517423504031119919 
1.50343704799036026465 1.07411708482975654100 1.62778499773087248492 
1.08432445486037720705 1.59467728402464747894 1.07816772653629033840 
1.47584191036061995739 1.43551979187065059662 1.83188507845369730198 
1.14986828535722929168 1.95041858519367328206 1.30821624767115762822 
1.36377522666793060679 1.63157732507504737995 1.39926473649705185309 
1.30754602270331377056 1.92099350101660060197 1.85822497615592041598 
1.60316558573225398376 1.55241826005960881218 1.07295771242411053237 
1.78192601806958217381 1.98753159130101741958 1.12389653292353441927 
1.60091843673863443165 1.74885802656563482671 1.05694453676199962011 
1.85991936746829567007 1.85471184914303766078 1.45524585481918733443 
1.61999623578486362518 1.26587923673108471156 1.59784078460190004378 
1.74004048916967946070 1.24271758708952129169 1.07201181044676507881 
1.49990511080853283765 1.38082552769926736325 1.56998730840732503289 
1.72684618063500194829 1.45469838930406036859 1.85343781855402145453 
1.31511746191812362028 1.36417234983560886619 1.28183533765441248775 
1.53176126270677381846 1.69263347864012203559 1.57066014458302594115 
1.93836032080395392896 1.60223271544498913066 1.79975231411939162740 
1.54920549244885674689 1.88675508668525493405 1.41370071339564562507 
1.03085301412209773275 1.94965047881081354753 1.66734471949057105888 
1.93693223176920703565 1.22046168730827653270 1.12768223778920728684 
1.90672830755471212072 1.30862854009921503184 1.62574283892357041026 
1.50999774368127681612 1.16179648856742145924 1.74106655308347235689 
1.05738688421775894888 1.64008658618047009625 1.71363813029739908700 
1.17116976491360036405 1.32774245033884463751 1.50507014241081571448 
1.20613579017581540320 1.21407726362798085162 1.81411799404695206483 
1.15132830402082664278 1.11886346475707876280 1.55749038427209129942 
1.47704918018932818136 1.96653880494596289275 1.00177662153056812322 
1.09326749134965517385 1.07467400172163229932 1.29206882739233974711 
1.41477649525992310586 1.42555294436883750464 1.05956251997305139767 
1.19692786611763835047 1.83477700173947577689 1.26903712157837644803 
1.94682960234678259503 1.79574226987618268403 1.57355456690821071675 
1.61154452288983529584 1.62853418858579090944 1.93858841051199148886 
1.85128492259901600292 1.39719734123398886538 1.32775580144326132981 
1.03296477754177606911 1.28735211834864049507 1.83055938715563293329 
1.47360811701196192658 1.68278067417462562361 1.09124589265056348708 
1.92513208539076297043 1.81316398197727579600 1.54121053886985670545 
1.43364580771910454793 1.09255469383773240466 1.02370959220419810443 
1.39051007888798072720 1.64956859962876301040 1.80964115695317695476 
1.93769134081918248391 1.40118462477116767495 1.08956808456876985680 
1.85763348391026150708 1.62574401271383517376 1.53548677949011103117 
1.68106182058351327768 1.71349820750909409561 1.26732891550828630223 
1.38110725961346081370 1.05788396037043974651 1.89778654402741175922 
1.59018436982349853359 1.99981705157549849439 1.74713147580574124085 
1.33579162017524155637 1.68597226132046973390 1.86259008212957155592 
1.14759550251938025056 1.02188219645972311334 1.19573975314566705030 
1.75161655005255578743 1.34272334590011466204 1.48127920186214789844 
1.66265439431917960711 1.60729356757363928132 1.22830437217174393005 
1.72177363738958733030 1.76804555765236126597 1.47695426531167894879 
1.00110432422385864371 1.42551367694778607920 1.70490575371472896649 
1.04697485838751780385 1.88962858955830248497 1.58697705272403366550 
1.35335124210672530509 1.44770783967923888369 1.40559621072348961413 
1.19201192960055180059 1.32908129414445252969 1.58944746770057365737 
1.43212338356066082312 1.73808092181904183526 1.94573720639943159583 
1.28768831884513290653 1.94825831947569660940 1.76440395670528249461 
1.85074722247954515097 1.06978868675948146638 1.86420012854378502887 
1.15592275182467929540 1.10541928830290880903 1.81006408307061383844 
1.58833845163897779962 1.90578171568299414851 1.86985355238981609816 
1.75691849035035430049 1.36108554183965191342 1.41078656202683516696 
1.79898187449942503768 1.82203136059591197515 1.93087909114373612596 
1.90101724094508717222 1.57779540849062804853 1.03669805515445134780 
1.08526582787503245164 1.70342241979321151746 1.96135731670524471326 
1.67126205724946830244 1.93949405070379365945 1.68470859888326374154 
1.60422699135939494930 1.10456227599319656285 1.26615178276679540836 
1.65562942414781355538 1.36901745407624586548 1.27908627122359819239 
1.83766211318067229641 1.41863818637233185527 1.12751952351230499971 
1.25580179504864442031 1.85265291832565148766 1.72714490866773817679 
1.83241322768582448610 1.47210464267978347053 1.03831701842738421959 
1.05082402571396404944 1.34698849811980791991 1.38869855275833087305 
1.51750048551473870617 1.91296622587870968069 1.47669464524287219476 
1.11130842344709646063 1.58956109257203737073 1.23880767520813295235 
1.23479652840856668483 1.52206868409516671292 1.89690453722257701408 
1.56122546463183042853 1.76480875836872019846 1.80138054584760665122 
1.03366496270565044746 1.72014044320122971854 1.11806017697120485543 
1.68229205747063015330 1.37474903937899028961 1.71947973629125328010 
1.59799871815944771747 1.43242712658824156158 1.92572219214320727865 
1.66894793995910939444 1.71381878158677536383 1.82560432654619320125 
1.82791527776201911948 1.81240699561010853991 1.22583620618833299964 
1.15631788395981494055 1.25806831009923225650 1.53232885627768933290 
1.52220833780862752072 1.96343330891973089081 1.73702677186326859271 
1.75401668126335952280 1.27891724162038955548 1.61031068375883679167 
1.35558794157317241691 1.82881955215122982139 1.66518686250704894825 
1.58263383135060320406 1.22675464208964002388 1.35622126740489767904 
1.98334431832515512006 1.32330125261075193244 1.15030262479211309312 
1.55188815679331515440 1.22602179072001726823 1.78315958374192495839 
1.88878030432427457264 1.31164277988347710568 1.57598529490526195751 
1.04661785804706863878 1.19828469081252642070 1.58571534564882199447 
1.70396928117414425685 1.85529652659415655869 1.69241325649973872736 
1.63176511329761453339 1.35157185925761580414 1.67277805999653872426 
1.72511842144799953935 1.99137543935532823625 1.33541888114543505495 
1.73329866565993362393 1.76355869348238014638 1.90360343075202465002 
1.56663725323125446742 1.69025180494611304560 1.40372791750808811884 
1.50132004781565608909 1.80460473909147678384 1.04521679397676803269 
1.08367249564666634498 1.70245449958231120924 1.32240808046429192402 
1.54253879503402147044 1.35468998771394755209 1.83043272877130558385 
1.80022853507091040726 1.29942602016399022524 1.00857182263192157734 
1.45560105238927839366 1.86690480907302114311 1.76028380851190124901 
1.33536000887712114071 1.35271489032407954411 1.43391186047854035657 
1.89891561904033157049 1.44813982222994108717 1.34260803288220120777 
1.01415508878957805194 1.33868217129200695048 1.31185937117169726385 
1.52499054802455891178 1.54194818081444595670 1.23000092751167278138 
1.86584118704065105021 1.34289999196049669727 1.80207580704435477159 
1.60250487964648513639 1.49192617777164859838 1.66160326562180693521 
1.81041762810185402621 1.73428152897394127763 1.70374332354537560974 
1.07627188272058105234 1.76488813834851998585 1.59221924908452572289 
1.84865718476510765278 1.84389704286304390024 1.68735146014616566035 
1.58503466824690497639 1.86563361081471490444 1.85024956485524572081 
1.47051636640188565508 1.77257427464446704057 1.86833611872569060885 
1.25581458320698780007 1.51370253468021243037 1.21160889770020618883 
1.44270611947914484396 1.72538126737573960234 1.67388500192623435048 
1.29080411055858101932 1.72412006506496151559 1.31707807123462905530 
1.45232729030206075826 1.27030172639113803079 1.44246037143887062548 
1.53111204933280031781 1.60328780950488769541 1.41271906084064524656 
1.58035432621230786943 1.24164069921114261774 1.01290036809187444788 
1.74926335656931564166 1.06521578448380083159 1.80363305769306814241 
1.28830139427935930208 1.30698671055665260887 1.62232319368089838996 
1.33830367921844528567 1.21302435931805518976 1.40952616712464329218 
1.80190298499325729509 1.08214252224933571433 1.96477418788788082971 
1.68433332870596386144 1.55011142992676265173 1.19913519907292487332 
1.63587272459622523613 1.36638892227999075857 1.12460916003449495904 
1.91031137432429121148 1.17557437948390908211 1.58723807365883562426 
1.45963306567426109872 1.95436073114159425401 1.79675307000714101768 
1.71306098089303771026 1.52435967603089594924 1.68793026998344108947 
1.80825635882241031460 1.12889205306470419288 1.78123937253342790044 
1.93204335619328859686 1.87332830302413411161 1.73451539448742697580 
1.18174810035878041781 1.77437587882222347346 1.62682411350683464590 
1.89034270939082049701 1.61137733659712489853 1.59995734725545357691 
1.87547742375049653063 1.12037852840442453406 1.35386319870801630216 
1.40448749825860597085 1.19224259641689300793 1.68373118840707403088 
1.33443265872951122297 1.88814707202058151836 1.45883080683982480075 
1.42750761834215111890 1.89989410863193808332 1.41751455207430532290 
1.04235267378095519675 1.96006001805483043299 1.24025406316783848304 
1.82270518704567385804 1.86635666642650455138 1.40559455080848882957 
1.31533847872296760784 1.53171167558414245136 1.70247663674028570924 
1.98169366813966552066 1.41420537103572629967 1.44037731348348052585 
1.16361823224104932173 1.34085161628081017682 1.14096212480856262772 
1.32733641825720094509 1.67566934131191080937 1.74841335799974451071 
1.69255026388400708903 1.96824394642052946658 1.10479073120945292530 
1.47796865989409242914 1.15569038038651661360 1.16598896881838332007 
1.01238242245748688575 1.69074583393840582879 1.51242051457844617346 
1.43476459046309368084 1.58394490682116839686 1.21246688627936460847 
1.15053752231357608871 1.83854076793248011334 1.43352155462537456110 
1.94484483276268060870 1.21807121670410212211 1.98809552329641858748 
1.84846340060456038046 1.83094467976379871033 1.00472501059440788573 
1.93898591950619048063 1.92783580362814865872 1.33729408272156136128 
1.67489820539528033727 1.28078973359456860237 1.67683497147022708695 
1.06229028324064933564 1.91623234178174817188 1.20294491485653676222 
1.35392750011266782550 1.41095342260495293374 1.00897019638767826422 
1.31358042797402663204 1.96744125595753183156 1.95079291250809760960 
1.88261270882003972638 1.49547694949336462678 1.74017998708691834508 
1.91073245401631108820 1.82904874227208380510 1.96374575829038211516 
1.18525290748707590183 1.08745046271534229199 1.12395602470496669412 
1.98221213549344410509 1.55568804137043170677 1.03774184253644841114 
1.50344644676487027013 1.56104309072794711355 1.81788530177879636973 
1.28224789342204559262 1.36982954279578050816 1.98046526827283830841 
1.61163355144194619939 1.53796474976728458905 1.72903441988079409342 
1.09641461913316717869 1.38635815590367128536 1.91439448345654628092 
1.36573655735011634249 1.83085254449594647674 1.69377754111445333329 
1.02492097551409577783 1.19594217866518093274 1.51198654041594915398 
1.50700439653671880436 1.94387175936852885094 1.04947569206322799396 
1.19591189748983062202 1.38401305213015990425 1.14291355676033545841 
1.81210565771990173012 1.69326485629539957856 1.12640719178140380485 
1.42872330197103636351 1.63637434526602287832 1.03545469784485222320 
1.55521158229506561987 1.28377298268178630103 1.38290749034710391818 
1.22291772354150563018 1.84794279193343813361 1.62958166263241710503 
1.92008674480889096614 1.71670890456234959132 1.69950254970261305232 
1.26317195621103728342 1.02628924200234061814 1.47317743163779102389 
1.93096581782760368107 1.12466157978813852125 1.24772308690905520123 
1.60988676703265465306 1.78344635544275442740 1.42741176930817048607 
1.59559067955703359765 1.84397479873878666901 1.91109127301442116575 
1.25314505782216989438 1.62629666853413668015 1.77332185545792131443 
1.54334054280144616911 1.09102940233872680587 1.95285220942434478708 
1.26777948875175683341 1.40952941554992894346 1.29946425253095609875 
1.29181066777306940985 1.43561666809561616631 1.03674758737461747415 
1.74905128632830964008 1.56982666496996725591 1.98342282138060155283 
1.17677551959976445239 1.21152179331394238559 1.65196859565571818607 
1.00341317352948333763 1.45968823351177734438 1.50464921075740720724 
1.10949353695058450242 1.37592996766485620164 1.64628568694200905220 
1.42962389862441319188 1.73104946275230742181 1.49619322329652804093 
1.45419748229453116295 1.43502903483106902804 1.73036310787558567093 
1.56975734134162148159 1.42054673511604101499 1.91733575913409559632 
1.24608617528680265529 1.36697574074751848627 1.04210157845184592240 
1.84420913664650787389 1.18515918509292061955 1.14725845221877631452 
1.34442809822784004048 1.88588770756242052329 1.36418903765151022789 
1.17062104011356726829 1.99016910289928339317 1.47822636185487366056 
1.76814939347698296679 1.34913256143609472382 1.29033098136358148622 
1.28287110279688909564 1.20920528493786272328 1.63179515769032024153 
1.98382107027548415523 1.53390388383328257760 1.21247246900341942855 
1.84985064334361992699 1.35468955161546533716 1.96833971161948806383 
1.82725663950360894816 1.56350474524869476056 1.11980141683754697013 
1.93573847060447423729 1.85119295685258933304 1.82817120346523576124 
1.86771207403169148265 1.81905239988790667915 1.88890514622596716876 
1.94853785862623118952 1.90677681793798847742 1.49090757767613957263 
1.78102257223451720947 1.42364442392030898787 1.16982991761906784944 
1.24566212996280167857 1.24187771531191892826 1.95974937627862177969 
1.00862336235528005091 1.76572454570099091065 1.36114084951578906413 
1.30963059003135895431 1.16686897918006571295 1.34042728059491245141 
1.60194077765697873161 1.96416153047025576761 1.46801467967501886314 
1.73075555473966002928 1.31137819039409375677 1.64915038587710927054 
1.84447689385566993003 1.93600296814582728544 1.96002576208351797504 
1.44265188054899473613 1.57912443509283795251 1.48114906929567369254 
1.25883957258294376658 1.62039366410297480670 1.69167169410643269956 
1.46087818001708757976 1.98493165865637677392 1.75851442965975990340 
1.03045846154021991659 1.94885290271362099368 1.12196063269752110969 
1.35267083239434526831 1.02929709749235454019 1.10862232671562588315 
1.76072103994098605462 1.93754949351638883215 1.20139421753554520578 
1.44667833108157917188 1.99901807996093028308 1.55274631121729544958 
1.48263486182892356702 1.36417264600250986994 1.97186254792376502998 
1.36931803279238728521 1.47409744991011604220 1.01313141707869358576 
1.80340838660817470718 1.82616742250993091545 1.46895597038846714710 
1.69225593413101305096 1.04396045254434644001 1.39423378927046748288 
1.23271857729128098136 1.91133713692138007545 1.20078211436723658601 
1.83210941280097827644 1.52753363794760654848 1.91348642413124037098 
1.56232884558896945038 1.04570219443913314805 1.61499158654381225197 
1.15589474440920247922 1.26856144028610207108 1.07089391194439187416 
1.15595956976738101218 1.94675566478865991193 1.65215912921528795820 
1.43813457130535815587 1.40346297085935689530 1.06574666221460478965 
1.89606948135275166223 1.81256194525345470936 1.39873291169931368572 
1.59159215935332443159 1.89030128584114520685 1.32558017528790395012 
1.43165496344555553954 1.38731485297208956275 1.46570027950945536155 
1.91154855171808235603 1.61538002301127137095 1.74989413302028617991 
1.78255664010296754896 1.29831646343909845598 1.75004238662009736771 
1.51915464656431731250 1.42650708467918474476 1.01136282750240957817 
1.92644871421760610630 1.82993586215513270865 1.78556431473503374185 
1.89772529674448553472 1.70462803302384036108 1.84556061056154141475 
1.38695034480019829815 1.68547568685924198384 1.96626238324859925477 
1.00648334599311573001 1.78581436492302580987 1.33684475612149511470 
1.42324110466361353211 1.14419998503799891232 1.72066336375356465638 
1.79908084394619338653 1.35319516287173380320 1.20974528763443833768 
1.42473529205994697833 1.45946928315441604163 1.50629308282085472293 
1.04244745586076881239 1.97428667561095472216 1.11426658096257336084 
1.15977557279982712579 1.97502491138049984798 1.74078210978013969701 
1.76592520979266875969 1.04489777562808683342 1.63226291502111453546 
1.31226122703248027079 1.97335240946161927234 1.91066286447479827260 
1.81603034128991613905 1.98839227973810639405 1.21970940497764090971 
1.81193255637183670004 1.77964234006929733489 1.41014815306597163236 
1.39643612769035319054 1.72439809662665854972 1.16618767815528134868 
1.82285550985104038979 1.55977306181696939724 1.43344398519298854566 
1.90574251500791191916 1.23513687740905142576 1.86011862510556169603 
1.75853140687669617925 1.10780064056828408958 1.53044337197491886471 
1.22315276005810003035 1.97495992766759709269 1.06889575742650988488 
1.08455173905691548697 1.45455761663425642283 1.78788379197465796544 
1.87653672667007342945 1.69111536379891980175 1.99808949605170504960 
1.07848541329291869317 1.25339366688928444127 1.13981183899025073636 
1.78375419331856166494 1.95770491933277490659 1.02150967807209425153 
1.04379400784228315580 1.71561863962603000644 1.51795861986218372230 
1.11244472305628261388 1.22264041411915314050 1.04936003970087088355 
1.75768604177693354984 1.87408715363656708242 1.57437787124055783572 
1.96029658230685588372 1.44589382053909898396 1.20955785473983778999 
1.93861136796989619313 1.14161472121968921023 1.50072105030945679438 
1.93040784020865663351 1.02072823070966389736 1.32206727654125222315 
1.31540329298150626691 1.80017982308967927629 1.93757078379234815024 
1.97045220918123065168 1.35034745489286822639 1.29465057596864419054 
1.48905071325384796843 1.19980310837987436123 1.63301865583579064456 
1.05802990271161423408 1.28240173351851871608 1.88966927843418508459 
1.12615143244005921908 1.66084913045388748998 1.74023624384780095653 
1.49365483787904596014 1.17457804545962396503 1.58214060234720399478 
1.26063515836951722804 1.21885404702000998967 1.94671804078582422193 
1.50647682697622853354 1.07225436425299247567 1.25583751393082687642 
1.21599337179270805542 1.51292111846603583025 1.30674988874923725390 
1.65931722056309460811 1.36302921727079451308 1.66916292104688879228 
1.74747235681855328515 1.16267032914136292376 1.55399000810930143501 
1.41016366513106738978 1.56971386214349384325 1.11194780546338467531 
1.63169794653830479980 1.69689362489312811633 1.87176447874474050082 
1.39017691402838861059 1.52546494719560765674 1.45203212951654236917 
1.52613586644942600401 1.06484112979408362953 1.97041562053053342929 
1.20870665949442313014 1.76409786308940663702 1.01609262513054865451 
1.06434314787795880619 
