dSFMT-132049:776-13-5-2-8:c75ffffeda7dfcdf-da7dbddfefbd7bfd
generated randoms [1, 2)
1.60360511124685145568 1.40382750510525045051 1.23408647430613127582 
1.90453121323142338106 1.59448600166176501780 1.54248021443971672362 
1.89783806281215383649 1.38191662068640397365 1.57352539614495845477 
1.72934115588547010489 1.06575420241826335221 1.11132848996323030377 
1.85817715840064412447 1.60588654759102689162 1.11551339747630517962 
1.02123183752688695414 1.82813245084070263857 1.02538767659310225966 
1.90463257943671404604 1.96233068673241595192 1.74719726358297200441 
1.39411798189187408070 1.34802264299423013583 1.23679516146039047975 
1.20161233650255661054 1.40664329034970836396 1.78883789751672961366 
1.55929921304830032547 1.72240803598806735408 1.54412832016411338820 
1.32160558714813447523 1.81336689656599481246 1.95167670181012775643 
1.66537463624049464350 1.95379523083928074989 1.36823198051982708456 
1.66433530181921551794 1.38765253636770635737 1.01533960253408839236 
1.77544633250833827631 1.40894448057144128228 1.58891724716710780463 
1.82048835505970818538 1.91109519778116343502 1.51202254038022076976 
1.77312244189173373599 1.63062042264651729795 1.20711273928338980177 
1.41593101157371115129 1.70542891708421540109 1.47240345054594401475 
1.78404291849388285662 1.30088029249210435090 1.29803912462634718494 
1.21695327602744152173 1.58616446761196727699 1.61241726420308317813 
1.84927242147551429419 1.35147543973885286839 1.71798838050911162334 
1.05319543496266576632 1.71927118361758934917 1.23986938551854808388 
1.18880061552840232686 1.16039971781778095128 1.88418567943027248646 
1.94299425805665393341 1.49846745889265231533 1.66881000184771144390 
1.54809662301202077828 1.07578919549985063675 1.88527298741406013072 
1.94904389803696265204 1.31986383515261573862 1.31520715060834714194 
1.53014815523117375662 1.81963413636535009665 1.06493975368221760469 
1.99108828438013341078 1.84065454279955531547 1.53491279788622558833 
1.47650833332484854310 1.09060989702261723622 1.13435767788061570016 
1.92989778071891371347 1.65128945652661873744 1.46374680919181887617 
1.92895382277651594727 1.23026493544857506990 1.30493394580258437188 
1.66056655953781961976 1.72133051416271354306 1.50042721239330090199 
1.36857406973008988160 1.36669668905368490996 1.11967507086989681575 
1.81825988420329687223 1.84458492757046843558 1.40961969314626522909 
1.59594698214817509729 1.88218854804130919511 1.01475677753129134295 
1.58947180454232483982 1.72787915266173253137 1.15010251671482954805 
1.26428409568752364578 1.20267599453755380523 1.39531901304332950353 
1.58264800431821073268 1.71680954118724971025 1.55420965998132110109 
1.38792750023901234613 1.60951255735656784118 1.83352285367505563052 
1.27495985185605209544 1.81276840338893041604 1.57907705512609153331 
1.48412744367745053076 1.46107579692549194306 1.61982840758836466044 
1.95980088958078990657 1.14984347517012630568 1.59776940627507779702 
1.36091269069206588505 1.80184913205307029038 1.47531159410659618025 
1.37238821780731101718 1.23509077081927376440 1.81908455950556335878 
1.67055596888937252231 1.73790264608735411933 1.90181486891613538148 
1.08591052838699742011 1.97475009377651611331 1.25850241228595427501 
1.17430850555773380606 1.93545724517348527449 1.51556692211818488936 
1.63509325052709031389 1.76093971857111375456 1.71550215916628889801 
1.82924552941981222176 1.95559232778036551359 1.25984520940906019604 
1.63090555489401722866 1.85316328421295795081 1.04639159394871317232 
1.58924370880390131155 1.94487511994617046085 1.77272961005650908639 
1.41399379849960515898 1.63492544069594902822 1.33306606128921179000 
1.54510432310543532886 1.75447098841907833666 1.86188809484987771725 
1.51548413516957203306 1.55332956781944298008 1.20544114209535591087 
1.88478012195761746028 1.21134470215299616669 1.81760005044798278462 
1.16708119709279167786 1.01072285113888260533 1.98408080831415500889 
1.90323213120759837658 1.70179822071088460156 1.81178507177600467415 
1.64497452854957049162 1.74671148949035037745 1.17237545880074711668 
1.86213206029183986345 1.37654571099938749512 1.02550543862615994861 
1.73571541373896431892 1.10214152189965242101 1.14998867356810063889 
1.84707704309832121403 1.33581461058703210298 1.46861148539176467054 
1.48543233957997222738 1.99267016384062567447 1.59857694785444914842 
1.95195528019375297291 1.08708353006408731112 1.00000060797405976309 
1.24048532412949397141 1.70132502058050127935 1.21572071863374997491 
1.36233119591995688324 1.48254031103677053061 1.00999499921157465110 
1.29493673147587018413 1.29518493421610747518 1.47383944625554508256 
1.65259395220610394439 1.86615949616066822969 1.01029933812778716096 
1.68343662041450037314 1.54971905823925260037 1.94970335210493095346 
1.84557958958731815891 1.30051732243106421549 1.24805791530409360135 
1.38914003728781154656 1.06409901762330250108 1.97660876024233855830 
1.60727342745354095932 1.32886098297670418589 1.15614055699578544001 
1.90133596491115297589 1.23458763423149142646 1.06480913053644021815 
1.67911422351818928611 1.64475590026524431941 1.67995186125252393694 
1.26685986300377706470 1.15013782499805405912 1.08206085638786930758 
1.18364171624884795264 1.11806827564936095420 1.42832762759979892131 
1.08224952077107250403 1.29469058791067381797 1.16917120892787629316 
1.22110149793731825874 1.10542619011667597739 1.14004340125412251261 
1.97402856626245504224 1.78493208914584089442 1.64413054359914556635 
1.34181696921816984158 1.91745522531934420307 1.37305278770435790214 
1.86863403502635305742 1.34461187403880422231 1.09595850416237250435 
1.18495719611439298546 1.51113658068438105886 1.83547992600399423324 
1.56326545388594095876 1.31958053732249691592 1.70847117963411232466 
1.74596406611378207607 1.71762331531005907337 1.67545745672006440863 
1.69922960358699115524 1.72398152693451867101 1.98110446131827844241 
1.38384952184988851975 1.14468504318928498975 1.21695856933644042108 
1.58084712561926532537 1.92351208320029543053 1.28509181370665381827 
1.64440997621265183604 1.58686034994291480515 1.25085167818495945902 
1.72926237720436226653 1.59605091021743517032 1.92059585707433844171 
1.38844971316801246708 1.87048783807265084356 1.45796927236626494562 
1.90847532783496198761 1.84886472153656811201 1.27919455566048068107 
1.43939315476539508865 1.92733976078246760366 1.10046241785378762224 
1.31585833956563202918 1.26945599449873913755 1.92000855695680261448 
1.39533301835583811723 1.96228721807742401140 1.86026586539213711902 
1.73619942986027608889 1.81571164232078841039 1.22379860188904454610 
1.58304673947948759682 1.12123900780521834619 1.67665998649157454992 
1.77312319908796167667 1.91520461817777754021 1.30937519457230355791 
1.29184583483059345355 1.43228532335973968159 1.97544002074111824108 
1.63992527369682061789 1.15808339943822180551 1.12228590296123775794 
1.87646982746836332723 1.76900275366890236128 1.62374840203575288022 
1.85756629833952291442 1.46056016073370131814 1.32880206625227503814 
1.24173967947387686728 1.58552161911324396293 1.90250864345041370562 
1.06025264545010577955 1.11367972885251331761 1.86811014186973589624 
1.99039493187736926672 1.56863660919642788905 1.49942088891676506002 
1.34118720591527496033 1.12032782345571346738 1.61672754371750238001 
1.90059639267306956789 1.31638320159924671060 1.39361824622478747138 
1.37875390441590361945 1.51675377162245061946 1.14998477743936300399 
1.73671603622671888445 1.80635588650838729841 1.28622967288594214352 
1.21874922739546298622 1.67646901951320592694 1.25296969413747905087 
1.94314023394919721532 1.20255166028204429907 1.71913675251619246787 
1.71498931440378910018 1.51851317610563829597 1.48690654018019929872 
1.82218860510763414062 1.41878981316160390769 1.68799597366279097166 
1.80037344098688945060 1.23396851835702570099 1.82089035620863981535 
1.84118276664571234313 1.82042931423475540242 1.11325473427285248640 
1.94150918604479483243 1.12251978110916250664 1.77064599577694758992 
1.27337455897718965225 1.40788047552082828950 1.50457855249357286276 
1.14799989419970627225 1.39733790731008311603 1.76018299998263016981 
1.07506911508427105417 1.99609434005994534900 1.76917494902641525556 
1.34229759705864459818 1.33212825980433957618 1.99716613680018606480 
1.56119519823564512073 1.11722148381442454301 1.16675190452933574825 
1.85062813917885438109 1.64437918143569206109 1.33043784128495601315 
1.55358121688339534394 1.67832189891751215605 1.53316270813315669308 
1.22095772229800947350 1.91501839523692107825 1.97202644708521002137 
1.20637952582722873807 1.44284581945026757488 1.41575475796650795957 
1.11674285859308319857 1.72204125537541452573 1.20540494300717004883 
1.08923405887914115375 1.70016118934978366362 1.50258660356863082974 
1.40442366138524765695 1.85648001709386711866 1.25673734326262476202 
1.20539448415171679407 1.54406430130962268876 1.77943011715504839643 
1.24362576378599465343 1.48915166630420414684 1.77512604847051358448 
1.91569692694882798278 1.01810668129716352936 1.20256721703265845314 
1.73385247487792848453 1.55004009695115319012 1.68592027156539048249 
1.70082462054960359410 1.36431290474749933317 1.06454982227632122260 
1.40984649251489102539 1.77453335858979222017 1.40532457106162644855 
1.09361706800088653857 1.54938127752456300534 1.79817656873456033217 
1.85149791542090502716 1.20062562605667699778 1.45309326945295658184 
1.25681642775533197742 1.73539725747254891530 1.10237273441369265647 
1.50945086868865296914 1.31179350421554485884 1.42350863830671392485 
1.84265359255695493346 1.18375180843609584258 1.80078293201878003593 
1.65367532637813785534 1.61698686646632983077 1.45247950824498195388 
1.53548278582022845740 1.80593865988572188641 1.36016818418255125422 
1.22365970428374626344 1.10906632655424464140 1.40482972910620773632 
1.13900084421110281419 1.34071989857387885436 1.39920904344098295802 
1.97223531603440704885 1.09309425399026394210 1.01932912237387762744 
1.49788473809535149783 1.66395444862912023076 1.77518786599099653856 
1.32953131830103044031 1.32063848758249391402 1.11980428057497438665 
1.89901195585469562133 1.65443955523949237651 1.49415964487390851012 
1.58581974405184999988 1.15179045165867832701 1.92808405259211790295 
1.34177536132228136800 1.03275359710074599029 1.98193189803184144360 
1.47941341958089012110 1.51391929005584779944 1.34590558202694832168 
1.85777416046122922921 1.24203959914696215883 1.70589466945258672048 
1.58007939087898585662 1.16855236813023188880 1.95641874587411246367 
1.42743958273165372219 1.15306512506635572279 1.49164164864536052946 
1.22503823650242482657 1.23480095143015544679 1.98692221632158338984 
1.92487168837397382148 1.09077472114659435043 1.29447273969765563884 
1.61980704060280467083 1.86462010834916203095 1.94815960551803524226 
1.20079067396553806901 1.66640594065452130046 1.98074664400283606547 
1.55867498908216983722 1.82757249875859306698 1.69317869920810681883 
1.77665924092182847538 1.99770200420203991598 1.17950667262212816055 
1.44157400705228555537 1.15173977761436163725 1.53227977654222780046 
1.60736189222278147426 1.79573173484170833802 1.64347158175746810294 
1.30480882205545967167 1.10657660430172710697 1.64013624785791356508 
1.03988227588017800862 1.44732985705408689903 1.88402644490423587520 
1.94961277835921276136 1.61562043310943126428 1.08687429905173438272 
1.08423458798361926902 1.53972149036607541817 1.95704764541430642488 
1.79655884820935152213 1.82949208035803501105 1.36662809578301969182 
1.31017807111669948306 1.22283238164977658968 1.46816410282286824440 
1.30799680545340613058 1.13973245737389095034 1.24365478278551644387 
1.41447744442285738842 1.93243459825303687261 1.67688322835227965335 
1.00140558317023042889 1.83356680740763056114 1.53016885421160719893 
1.51552708449511075450 1.46439615126283650959 1.61086514395895741281 
1.50944348943759210080 1.27574746764283952771 1.52525996163707477926 
1.53108132733245638768 1.11541703372739453570 1.21126926716368954473 
1.63444714283516256970 1.90654318682762347059 1.28732581012197644377 
1.92085655465054339075 1.51462122233796470105 1.63533555920764839264 
1.28902500080510251657 1.79327255872462276720 1.26045687270822215353 
1.74601261175573929663 1.71186895730317689690 1.58575032718795494446 
1.27328753850159936967 1.00101023397478328114 1.09783450352446010356 
1.57019143191978316487 1.78905947487390615258 1.46524198197789057296 
1.54935554738457414992 1.01309222421626921040 1.54771130988792982031 
1.36518128116766512825 1.99108568524892004525 1.87721752157957877394 
1.79978933309543798202 1.25477273847547365904 1.10198616308024233135 
1.44371406689882308960 1.51517862117382384746 1.69322935575319588608 
1.52974151347302234072 1.09214966312703065654 1.85992131021558027015 
1.24762408836622085140 1.30066495694502637370 1.59766720551657148697 
1.73816348462709169276 1.51897208493285229558 1.11250517636864953985 
1.52372905552352011505 1.46701104397589676687 1.89821956613803033420 
1.95171671525496548405 1.69248943470550994306 1.35490799452242915990 
1.87800207052224488180 1.35450427485457547405 1.06844000130630867318 
1.14959625121587372121 1.73923867119961883532 1.61696162331171566784 
1.95236944736138462453 1.56695387358002413691 1.47440295104177465646 
1.32991327775999312877 1.24742659577318026898 1.07909817150442366440 
1.85119414643448676472 1.42329577454038669337 1.49765835055427842804 
1.86139411634781204441 1.52444694270719782736 1.72208427149777887344 
1.07721124050577832243 1.23835842064888779213 1.19258204702903403138 
1.16986006770391948173 1.17674295858643174206 1.11922718692351108594 
1.36367551984603085913 1.67316700552603037089 1.39421880881290460863 
1.70696498018083775428 1.93738208896994645869 1.32320052720265213253 
1.65326333250073820302 1.14117019462710267419 1.64313700884854219098 
1.31070828161685959401 1.59005571260768907571 1.35092232219008945293 
1.04223302538985040933 1.06635584078932232899 1.46063941612750114452 
1.36909301926196902421 1.81677661273107293738 1.71731762106705176940 
1.75337952656959394915 1.17510491614862622178 1.43418040612853125992 
1.48030726229044740094 1.75682149072168969361 1.51337457538049213746 
1.46148148152041668091 1.39128504168521360818 1.68046935164116062467 
1.43887583987651179740 1.32938418891276377565 1.13632296467462645673 
1.03383991706296685109 1.84503049503627392092 1.90556852055945458169 
1.70496727443813278491 1.03997396119378504586 1.24986220518648316613 
1.82143017907596593830 1.13234539875232598227 1.09262756938895733150 
1.99615732486787988975 1.31314987855281306572 1.41760125386252444635 
1.50465433480049082249 1.41999770572236139188 1.61718960444381965047 
1.51078289674578836177 1.15857156286490492469 1.24978711505882689181 
1.28200301185906861967 1.42261628595818567788 1.83634718184416234621 
1.11588684604352827989 1.67648646040515725275 1.76962183934891448267 
1.26687539876794574845 1.05721034799639679314 1.72528969756540928593 
1.21339694191896763087 1.25466030262287486785 1.71130214179410455877 
1.51528874675336400202 1.85214706703616238670 1.34834335392662096886 
1.58682984370776591909 1.70717545392133684956 1.43667871875327612941 
1.32386092333655280839 1.39687387504418403239 1.57243221471794458743 
1.78468337274623745081 1.91400204318074829146 1.12534943491831573859 
1.40911511159624658340 1.56427318313331098487 1.82122311523409874390 
1.28894748326128061322 1.81922149657708187576 1.01962367991424240898 
1.75716180780572783782 1.13787770220511319508 1.63281631022801709818 
1.29509906215113801409 1.81658379628759214519 1.84992983003632471828 
1.07276048541870494546 1.03917806811135715606 1.12773601701643677586 
1.96754640761623589285 1.19437290250188965501 1.77804886311455745407 
1.30454303534954862975 1.98185351405853515949 1.82239174359940059311 
1.77658516277137934480 1.40356021216601090096 1.88504191422380951160 
1.07386455381086864946 1.31415946879894396382 1.57570449544217572324 
1.74615275061321684191 1.15307451524916948493 1.88585739621140224820 
1.23826557365849465597 1.21633657341522227746 1.11442863467740194139 
1.33252030519099373684 1.46717861886029043994 1.60984772017215660433 
1.93469243704112825455 1.45511281149678617375 1.39951803579844558101 
1.52496346867034549000 1.62680009132215919188 1.52625732528474977734 
1.99575623411493041637 1.99457247011685967486 1.75239944596858232551 
1.83572896580019118140 1.66366272642457957431 1.86189908331794895524 
1.31718819737800729719 1.22193260111875412477 1.91229452489326900988 
1.51079565208735089321 1.24284138290486767531 1.46762095660563551824 
1.19958754482471197100 1.77997339235625662290 1.30277924123228161513 
1.53585315593920745947 1.32598859092705789742 1.44687152913066885418 
1.26484079220128164955 1.03966971643864458663 1.87111066793072855496 
1.86542007755622485377 1.33571157777975768610 1.08500855080616753767 
1.54652536632921933091 1.11684485009486689222 1.99549320240435235085 
1.48922204922958933970 1.14661866765576636595 1.81968509588872584537 
1.12679023208306694492 1.44316000630844598618 1.79407509341704041184 
1.90371123380158868699 1.97112304797509985121 1.97239953610550133867 
1.81222879670879910563 1.04952195881437759795 1.85729913243070732243 
1.59668406175077581821 1.64822601479989905293 1.88791526137829390741 
1.33675548733449778283 1.53342975079126153659 1.91581115803562518352 
1.99447538414245051364 1.83701313427527135325 1.41969692514780598813 
1.74343427016473206947 1.47925268809544818716 1.90700156543017995681 
1.37156508515595598752 1.08259351894064281829 1.23899661297019370032 
1.64629596521783927443 1.04162988123357824755 1.52659588299479387352 
1.26752473965216072571 1.16242023521829285215 1.70863774706434412565 
1.67367958674324657231 1.15684531485223174307 1.60329442234678110069 
1.19144231564281732894 1.77444810917430007002 1.82637202097305140214 
1.39329202989775668975 1.82338611477854817267 1.75796240906605261145 
1.02258853051755860264 1.91815529812576768265 1.32637424443131290985 
1.21255681896844857981 1.04785306051687010509 1.48456008704483721772 
1.74340113459239054450 1.00581017430029406867 1.12988920063749698208 
1.39770884199447120722 1.49387678946420043857 1.03608951656811099085 
1.53774300137937824928 1.15216313316772733799 1.29804359467863816846 
1.04181311472971893650 1.43735876156771191781 1.79052792212589428900 
1.77833630917840235242 1.83044580444348925496 1.95046320272320561351 
1.85633837891897224281 1.95562086543392332771 1.56337617988089694343 
1.94002023804643908278 1.15158526462264920731 1.54623191732712106372 
1.31030012295488784702 1.01597694517199754749 1.28966569259103347456 
1.22726447597929211319 1.77100286944227791608 1.08046077939255624756 
1.35532605835607933287 1.32377673694391773118 1.41606644359345512640 
1.93663270882178228938 1.48345160661869379659 1.39232211679182760200 
1.73846780875716855341 1.11061449212339691250 1.94753025848545791021 
1.53539386990390691601 1.00462461835370842067 1.46168052911571444419 
1.49325962426971470265 1.04714222683796287505 1.94856093260379337195 
1.05640634675821454280 1.12693207156185803974 1.43250709973789369656 
1.65967112450289477898 1.02960130154193540974 1.59057678983450712096 
1.24144091668809530837 1.86237028971199469751 1.08466143233948653091 
1.24410907260250280792 1.61176495450150158995 1.30951615219672712342 
1.36182376204526489616 1.38589784156897644074 1.70137985475379993616 
1.75689164043870227339 1.39066024867160709100 1.40624665033499662847 
1.76998526401446953926 1.07278790572985260887 1.28194536139546744202 
1.14292739615944571874 1.06825079126607880298 1.75914620563192669600 
1.09851113806020150854 1.00095553307007123500 1.49742243778018147005 
1.40636329575080565313 1.97589842622571998376 1.84868904832599989518 
1.46899105765443427352 1.84275609338366219703 1.43982107046189478083 
1.47437168400979978777 1.54162463944916305891 1.97210015912803782179 
1.76093254999281478845 1.40532661345417420051 1.16965869986665160773 
1.31473227765789557608 1.93607255429146585257 1.82156701344603066950 
1.89593336099598253064 1.61278174721381439838 1.34420435917424541117 
1.86753280099022278549 1.58473153589231618987 1.03087846247467829208 
1.89592110536677238564 1.03537869362540368989 1.36229329758213668633 
1.27327352150204609060 1.16625382298498592171 1.00179753095125279039 
1.90083268909316016604 1.61368833879736772730 1.43514564604411209991 
1.38663869789376414943 1.88182938856309367459 1.65118595053551042717 
1.83193404401576631635 1.13468712027588325419 1.80832377342033079337 
1.99258551137107331463 1.56668811307919098041 1.24695911076834997644 
1.71396623241943313332 1.70581353210948294397 1.82761080770093342629 
1.06865456029117855685 1.08302396571233638944 1.19810808226184506431 
1.10893122234880014965 1.78037570239291387253 1.26265499508495282477 
1.84282585685960276223 1.56590069347856375437 1.80622098363439098634 
1.08901313891106044096 1.33013200601439351978 1.24907023859627286377 
1.78091478679964043685 1.23169229949084324538 1.88646529500865178797 
1.82835018946772054349 1.98094940889588677635 1.77669952362268812607 
1.90867692482506701168 1.63166524903909726518 1.43074103925753370881 
1.63812323736341958202 1.25784002374004955094 1.51705255311336073554 
1.20292475703969059531 1.63133085206832695313 1.48538416285590368915 
1.98668651880581292879 1.81602878610649365321 1.34211909439028764801 
1.64618482051304271252 1.27772713264703452474 1.87971433476224047965 
1.86424605619757510766 1.77357673985996000532 1.82833717619365576645 
1.79533930584890599746 1.41112154314393856147 1.92762937161429914745 
1.58618094553692778881 1.36223851219491831621 1.13683828575312007025 
1.46266981209708402112 1.43457875687148184163 1.36154287604518242638 
1.29959390301790778111 1.57671260926165857086 1.33819101342885549144 
1.97507645258577624325 1.22599281985417385421 1.31272069379038724968 
1.46379308765912585777 1.91499864353890969504 1.45138432533180927742 
1.41325671735879043744 1.54116424786775207956 1.49645319345633387442 
1.95831172567463029921 1.32353970126219033787 1.99897147796023211264 
1.05824146007362296373 1.86454279642131792727 1.95122313287906767876 
1.62716227795569357006 1.12987974481033481844 1.83039743594816295413 
1.61797029867982478102 1.86032929501693500285 1.17724806266852333181 
1.31073453273279483255 1.75253358701307315748 1.05388931280864950324 
1.85935708411669908813 1.50232824281343568806 1.14464844427451817310 
1.77113882784243337198 1.57844671135787151250 1.67843547859840303005 
1.03823030061267673752 1.42208464894114072763 1.77515071536711399602 
1.80535876033354480974 1.99323582761587836387 1.35847562804189658792 
1.86955347300149443690 1.35554012931754686022 1.39844554657810848930 
1.51343669674982050921 1.02182715131819934484 1.95311262554789477619 
1.22087710075934219311 1.20809377718822430481 1.25214481707527891530 
1.38937678923414686949 1.31898011757862398952 1.08766202340732731635 
1.89041096973499911371 1.20894213547487328064 1.05469849787839153876 
1.88499041696364844078 1.04604344504533619542 1.45639616080274936216 
1.63822442351423513962 1.50394099740326625536 1.45948896117917104043 
1.16006250602856053611 1.74006063122075937954 1.55145600389130344787 
1.14058922257260197952 1.94885747640731055164 1.38333636824090655537 
1.74296805937203824755 1.59742172364606438428 1.71564004144187265410 
1.27653276031610740660 1.96724662832549768154 1.49272098119465601584 
1.04220985303272084543 1.04496460264272794660 1.32865564131262403613 
1.88231345075238487574 
