mexp = 44497, maxdegree = 44512
filename:resD11.44497.magi09.061107.01.txt
POS1 = 86
SL1 = 15
SL2 = 5
SR1 = 7
SR2 = 16
MSK1 = ffbedbffff7fefff
MSK2 = ff7effffff3b2fff
deg poly = 44497
11011100010011000111111111110001
00001111111000011000011110001101
10011010001010101000010100011100
11100110010001110011011100011101
10100100101100010011100101111100
10011101100101001100100010100100
00011101111001010011110100101011
01101011111010101110010100110011
10010000001001101010011101110010
11010000000110111100101101110001
10101111100100010111100111111011
01110110110001010001001111100100
11110111001101000101100011000011
00110110100001011111101001000111
11010001011000000111111010011001
10101011100100100010101011000111
11100010011010111010000001000100
10101000000011100100101101101011
10000100101011010100010000011111
01000000000101110011111010100010
00100011000101100010110110111011
00111011111001011011111000110011
01001111110001000000101111010000
01100110010011101101000111110110
01001111111011010010101100110010
10000110101010010111101101000101
11001110110011010011100111110100
10101000001110010110111101010000
01000011000111100001110000111001
01111001000010110101000000001100
00101001010000110110001110011001
10011001001000001101010111000100
11011100011011010000000011011001
00000110001010111101101001000000
00111110000111100100000011010001
00000000100011011010001101111011
10010010011100111010101110111100
11010010011111110000011100000011
00010010101100001000011010111001
11000100110100011010010000001110
00101000111010101111110111010011
11001110011110010000010111101011
01000001011001001101010010000000
00010010011101001111011000001000
10000101101111100101110100000111
10110011100001001011011011010110
00000010101000111100111010010010
10110001001111111001100000011010
11101100001111101100111100011001
00100010000111101010011010111110
00101011101011111001101001010100
01110010111111111101111110101110
11101001101111100101000011001110
10111101011101010101101000000000
00001011001011011000100110001001
00011010101111010000110101001001
01100100100101100111111001000011
11011111111110100100110011111100
11101001111101111000011110101010
11011101110010010101001100100001
11100010001101000010110000110011
11011010100001110011100001010000
11111111011111011100100111100101
01000101001110000000111101110111
10111011001111010000000100111001
01000110011111010110100011110000
00000111101110111101101101111100
11101110101001111110110010111110
10100101011111101011000010001011
01110000100000011110010001100010
01110111001001000011101111000111
10110011000100111110001000010010
01111001011101001100001001011111
00110111110110101010011001000010
00001110011101110110001000100000
00010111010100001110101001000011
10100111111010010010100001110110
10000100100111111111011011110111
01111101100010110001101100010100
10010011000000110011001111001111
10101010110100000000000001011001
01101000111100000000101001111111
00011000001111111011101111011011
01111000010111110010011010101001
11001001100111010101000101110100
11101110111110100010110111000011
00101000100100111101001001101010
00101110010100111011110011111110
01110001011101111010101110001111
11100100000110010001011001001000
01100110100000011000110010110010
11101000111010010101001101111100
01001010001010011010111001001111
00011101000011011000100101000111
00010101000100001011110101011111
00001000101000010010010100110101
01001110010011001001100000110110
10111100011001010011000101011000
11010000111110110101110100001100
01111000011100001110101011000111
00111110111110110100000001111001
01110110110000011100101101011011
11111101001001000100110101101111
10011010100111001000101000011000
10110010000010111111001001101011
00100101101110000000101101011000
01010011111000110111101100000101
10100010100100101011000111110001
00100101011011111011101100111001
01110111100111010000110110000111
11011001110011100011100110000010
00000000001111011010001001011000
11011001000010011110011111101101
01110101001110100010111110101100
01100111010001101001011001001100
10110100101110100101110110111011
00111011111001011010111000010001
00101100110111001111000010001100
00011010011100110100100001001000
11110100101011001011011110010010
00011100000100100011001110010011
10000100011101110011000001110111
11110110101111110000001100101101
01101110001111100001011101101001
00000000111110001011000111001100
10111001011100111001101010001101
00000001001101110011110101001110
00001110001011011011000110000000
01111010011101011010111000100110
00010000101010000111011001011011
10001110100110100011011111110101
00000110011011100111110000100100
11110110010100011110110001100001
11010000011100011111110101000110
00011010111011011101001111011000
00100010001111010100011011001001
11001110000011011110111000001101
01001110101100011101100111101110
01110111100001001010000100110111
11010101001011001111000011111111
11000010110110000100010110110000
00110111001010110010000101100110
11101011010001000100101101010111
10001101001001110000001010111001
01000010101000111001000110101000
10010010101111010111010101011010
00110000001000010100000001111011
00011101010010000101000000111100
11000000000010111100001110000011
10010100111011111010110000100110
01100111111111000111110010101111
00100010110010011011101011011010
01011101110000011001111001110001
01001011011111110010001111110100
00110111101101100000001111111001
01101010110101011111101110110001
01110110010010111101001101001001
01101011011111100000111011011100
01010001011101000111100110001001
11110010000001101000100011101100
01110001001001011100111111110010
01001111011011001100111101010001
10010001010000011001101000110110
10000000110011000110100001101101
00000101010011111011001011011101
00011101000001011111000100100110
11010010001101011000001111101000
11011110111010100000001011000101
00100111101100100100111111000111
01100010011110011101010010110010
10000010000110110001011001111011
01011011111110011111100111101100
01001010011100001011001101001100
11111111000000100100000010011100
10100111000110010010111100111111
01101110000010101010100001001111
01110000100001001110110000100110
10011000011010000000100001110101
00101111101110110101001100100001
01111010101000111000100010111010
01111101000010110110101010001111
01111011011000100110111001010101
11110010111001011101010001011001
11001000000101111100101110000110
01011011001101111100000010001110
00010101101101000101011111001111
00100101110001011010110111010111
01010010011111011110111101010010
10100110011011110100101011111101
01001111010000001011110100010111
01001100000011101100111110101010
01000011111000101000000100100100
11110001011001001011111010001011
00101010000111000101110000010001
11110000010110111000101010001001
01110000000100001101110101000110
00010010001100010000010100110101
10011100010010010010100110000101
01001101001101011101101110110011
10111111110011101001001110010111
00111100010011100011011000010100
11011011110110111010000101010000
10100001111111101000101000010010
00100001100010100000110110010000
11001101001001000100000001001000
11111111111000111111111011011101
00110011011101111011001000011001
01111101000111010101010001010000
01100101010101010111010111000011
11010101111111101100111111100011
00101010001101000010100001011001
00101011101001100010100110011000
01101000111011100011001000000011
00001001011101110111101000101100
01110001010001010110100101011110
11010010010001101100111011001010
11010000100010001111001011111011
11011110000000000111010111011000
10101101011111001001010110010101
00011100101001011001010110111101
01101100111111100101011100100111
00110111111100110000010011010001
10000111111000100010101001001101
00101100011100011011000001001011
11011001011111110101101111111110
11000001100000110010110001111101
10011011001011011110010001000101
00010000100101111011000011011111
10110011010011011010000001000101
01011010110101011100001001010110
10011011000011110110001110111000
11100101011001000111100111010111
10010001011111000010110111111010
10101010011111001110110100101000
01001110100100001001001001101011
00000110110101001001001011100010
00000000110011001110010110100011
00010101111101111011111010100100
11100101010001100100011111100110
01000100110010000001010100110101
01110111001001101001000011111010
11110001011100000000100100001001
01111101100010110101001010100001
00010111100111000011101101100111
11101110100110110001110111011100
00110110111110001101101101110101
01110111110010111011111011010100
11101010011001001100000111111010
11000010100111100001110100000010
00000010011101000111011000101001
00000001110111011000100101100000
10010011010110100010100001001110
10101101010100000101101011100001
01011000011111111111111110100010
10111111101011111001000100011001
11100101001100000011001001101101
00001100010100101000000101100101
01101101101111011011001010100110
00111001011100010001100011101010
01001010111111100011001001011001
11111001011101010011101111100000
10101000100011100000100110011010
10000111000001001001100101010000
10011001000001100100011000001110
11000010101000111111110011100000
11101001011000101100010000110101
01100100000010110100001111111101
00101110101111111101011011000001
00000110100111110111101001000100
00010110001100111111010001011111
00110100111111010011000110011000
00010110111001000100100000011101
01011101111010010101011011110000
10000011110010001001000111001010
11010001101101000011011011010011
00101011100101101000010100111110
11000111010101000001010011010010
00110100111010011101001100110000
01010010001000110110111011111111
10000000000010110100001011100110
10100110001011111100101100010100
11011100101000101010100110110001
11011111000010011010111010001110
11100110001011011101100111011011
01000101110000101100100001110001
11100101001000000100100101100110
10011100110111110110111001001100
00000010110100010010001100001000
10110011011001111110100010011101
00101100111010100100011110111010
10100010100011101100010100000101
01011000010100100001010000101100
01111111100011010011010001110100
00000100100110001000000110100100
00011101110101010010011101111001
00101000100001011111010101010001
00000000000100101000110010101100
01010101011100011000101100110010
00111110010110110011101101111010
01100011010101001011110000010110
10111110001010000010110011011010
10001111110100001110011110010110
11001010000011010111101110100101
10110001100011101111011001110111
10100011111101010101001101010111
11010000011110111001010110001101
01111010001010000001000111000111
00001101100111001101100011101110
00110110100110010111000100010100
01001000111100000100001000001100
11011101001001101011011011001101
00011010001101011000010001011000
10000100010101011011000100101110
11011100000111101101011001010010
00110111000010011000001010101110
11011011101011011011011101111001
00100011110110111111101111011101
01100000100110101101100111100001
00000000110010100111110111011110
00110100000101010000110011010011
11011100101001000101001111100000
11011101010110100010011100000011
10111100010000111100011100010100
01101000110001100101110000001000
00100000100111010010011001000001
01111110110100001101011001001011
10001010010010101010110101011000
10000001001101000010001000111011
00000001110100010110001100101111
00111111110011001110010110011001
11100000101001010101111001011000
00001011111011010101010000000001
01100000000110010000100011110011
10100110111100011010110101001000
00110100110100111011001111101001
10111101110011010001111001110010
11001011001000111010000011111101
10100110000100111101111010010101
00101000000001110000001000100001
10000010101000011110010011100111
01110111100010011011111110111011
00110010111101110100000001110011
11100111111110100011010000101011
01111010011110010000010110110000
00001111110100111001000010100100
01011001000100000010001011111110
00101110110110110000111100101101
00101101100100000000100000111001
10011000010011101000110001101010
11110010100010010111010001010101
11001111100100000010100101101011
10100010101000100100101011011111
01111110101110110011011111100101
01111000111100100001011111100011
11000101111011101001011010101100
10111110111110010000100010111110
00100100001010110010111111001101
10000110110111010010011111100111
11010010000110001110000010001010
01100110010110111111001111101010
10010110111100000100000100011001
11010011111111011010001111111011
01000101110111111000111100011011
11000000011110101111000010000111
01000101101000111111010111100111
00011101000011101110011001000100
10001111011101010111001010000101
11110101001100001101011100010010
01001001001010000011100011000000
10011001101101110010000011011110
00111001100001010011000101001000
11111011011100111001101011101000
11101000111111111111010110000100
11011011010011101001100110011010
10011010110101000010111010101011
01010010011010010001110100001000
11011101101100101010001000000000
11101101110000010001100000101001
01100110111101010001100111010010
01001010111000111111000101000100
11001100110100000010011110111000
10111000001100000000101100111000
00101101100111001110001100100110
10000110100111101111111011001011
00010001001011011001001100010100
11100011001000111100101010100000
10111001110100110011011101011110
10000011000001011011111000010100
10011001100000100000111101111010
01110011001011111101000001001001
01101001011010001011000101111011
10010100101110001111000000110111
10000000011101110101011110100111
11000110110000011101100101101100
10101100011011100111100011100001
01101111010000101111110000011001
00101110111001011000110011110100
11000110000100011110111101000111
10000110101100010000011011010110
00101001101111101001011110110000
00001101100011001010111001110001
10001100000110011110101001000110
01001101101010011011001101110001
00000100000111101110101101010101
01010101101101001000011111101110
10110111011110110010111111111001
10011101111011100001101101010000
11000100100000010100011111100010
01101010100001001000001010000100
11011011100010111111100101000100
10001111000001111100101010110010
10110111000011011000011001000100
00001011101011100101110001010011
10000010101101001101011101101111
00011001001000010101001001010000
00110111001010101111110000000001
11011011000110111010011111010101
10101011010001000001011111101100
00010101110001110100100111000101
01011100000000111011001101000010
10001000101111111011000101000011
01100100000010111101000001111001
01110010010101010111001000000010
11010111110110111010010000110010
10000110000110111001100010100101
00011010111100011100001100011011
00101001110011010000111001010100
01101100011011010110010101111000
01101011011100110010001011111101
00100011011101110111000000101101
10100100010001000111110100000000
01100101111100001100000100001011
10101000011001011011010100011110
01001110101111011011111001010110
00000001001100010100110100010111
10000110011101000101110010100110
01111110101011001000011001110000
10100001000101001001001101101011
11001110100111000010110001111000
10001010011001101010010100100100
01001010100001111010101100110000
00010011111010111111001001011000
10010101101111000001100001001000
00011011000011010100100110101001
00000010000111001001100011011001
10000010011001111111000101000010
10100010010101110000011111101110
10001011101010001101001101001110
00001000001010000011001100101010
10011011101101011011111111010111
01010000100110000011011000100101
00011011010100111101001100101100
00010001010110001001111000001101
00101101111110001111000100110100
01110101100010101010101001101011
00011010110001001000100010111111
01001101010011101010101100011000
11100110110100001001110101110001
11111101011001010001110110001100
01101111001101001001100000100000
01001110000100110011000100010000
00111011100101110000000100001101
10111000011110110001010110000101
00110010110011111101100110111101
11101001111010011010000010111101
11011000100110001001001010000110
00001011110110100100011001100110
11111010100111011110110110010100
11011110110101011010000011010010
00100011100100101111001011001110
10000000101101100001101100100101
10000100101110101101011101011110
01111001010111000010111010010100
10101111001111001111011010001100
01010111101001101101100101100000
00001010101110011110001001011100
11110010001011000001001001001010
11001110100010110100100010111001
11100010111010111100011000010101
10110110000100111001101011110101
01111000100000101100000110100000
11101101000010111101001101001111
01011011110011100010010101001010
11000000011010110011011011010011
00010100010110110011001101100011
10000100011111011110001000100110
11000111001001011001000100111010
11111010000100100111101111010100
11100000011000100110111001011101
10111001010110100101010000101010
01101000001011100111111101111101
11011110110000000010010010111101
11110110101001110111011110101010
11010010001001010000100001110110
00000101010111000001001111000000
00001001010101111101100011110011
11111001000110100001000001010000
00010101011011111010000111001100
10100111001111000111100001010010
11110010010000000100001011000001
11101001001010000010101000111100
01101011011110100011000100010011
10001011110100100000100111100110
11011000001101110010000100000000
01000111101110010111000110111101
00000010110011010101011100011101
10001101011010011000010101000110
01001011010110000011010010101110
10000000011101001011011010100110
00101001000001001111111100110100
00000001011000110001110001011011
01101110110010010001110110011111
11111101101000001111100000111001
10011110110000010101001010100000
01101111110111010101001011111010
10001111001010001001011111111001
11111100101111101010011000100111
11010101011110100110010101111011
00001100010110001101001011001101
11011111001010001010001000110001
11100001011101011010001010101010
11110110101011011011101000000100
01100001100001101100001110000101
11000001111101101111111010110000
01000010010000010101001011101110
00000001101000101101100110011000
00011000101110101111010101101100
10000000000010010100001111111110
10110110001001110101100110001010
00111101010001010011110001010100
01011111110000011110001100110110
00111100011001101000111011111010
00001001001100001011100011001100
00011101100110101111110000100000
11100001010010000110100010100100
00100011101010110111001001100000
10000101000110101110000111111100
00111111101001001111110100010001
11000001111100101100110111001100
11110010010011111100001110111101
00101111100110010011101110001001
01111011001100100011010010100101
11110010100100001111000101000011
10000010100101100011011000101110
11010100111111101100100111110000
01011110111010111001001111001110
01001010001100110001101110111000
11011011010000111100101010001011
00010101001110000100111000111111
11111100001101000101010101101001
00001100100111010101101010111010
10001011101011101110110110001110
01010010111101101010000010111100
00000110011000110000111011001000
01011101010000011101110001001100
11100010111000011000011100101011
00100100111001010000110110101000
11001111001010100000001101110001
01111111110011100111000100110010
10010111111110101001010010110100
00101110011011110111111011010010
11001100100010101111101101100101
11000011001111100111000100001001
00011111110010101000101101111110
01110001100011100000000111111010
01011101011110011100011011010000
00001010101111100111011010100011
00011000011110101000010001000110
10111110010010011001110010111100
00100000101111110001001010001011
11100010000110011010111101010000
10110100100101101011011110001000
00111010111011010100110100101100
10011101001000101010010011001001
01010101000011011000100000010011
11001011101101111001101110010100
11000010001101110000110100001001
11001101111000010011110111111000
01010111110011001000111000011101
11011110000101011010110111101101
11111001001110011110110100010100
11001010011111000111011001010010
00100000010000000110011010000011
01111101111000000000010101001010
01110010010110100111011010011000
10101111111010100100110110111111
00001001001101111100110001000001
01110001001001010110010010111011
11100101010000100110110100011010
00011011110010100101100100011100
11111010010111001101110110001111
00000111110000011000010110111101
00110011100011110110000001000110
01010110110100111011001000110001
11110101010011001000010110011000
00111100011100011010111011010111
00101001111011110011110011010110
01001010011010001000011110111110
01000000100000110101111010111000
00001100001110110000110110001100
11001111011000010010100010010110
00010101011111000110100011100100
11011100010000001010111011001011
10101010100100110100111111011100
00000110111011011111010100111011
01111001000010011111110101101111
01010001111111100111011101001110
10110101101110001101111111011000
00001001001111000010110010001001
10111000000111110100110111100100
10011010111001010000001011001001
10000010011011100100001111110110
10100011101001001001100111010011
11000101001000011000000101111010
01011011111111010001011101010110
01000001101010111011111001100001
00100010111001101100001111110100
11000011000101111101001011100000
11011101010111111101011001101011
11001100110001000110011001100000
10010010010001100011101000110101
11011001001100100101011111110000
11100000110010110010000000000001
00111010011011100111010110101110
10110001100101111110100111101110
00101001101101111001100000011010
10011011111101001010100011101110
11110101000110100010011000000001
11010111100010110101111100111011
10001010000101011000100011010010
11010110110110111101111110100100
11011110100010101111000001011011
11111111111100110000010111110000
00110001010001101100001110100100
00001000101001000101011110100100
01001100010010111011001100001011
01011100000110111011111101101101
00010010110000010001001111001011
11001110000011000010011111110111
11111101010010110010000011010101
01011110111101011010000110001110
00011111001001101110111001011000
00000011101110111011100000111001
11011011010111100110001100000000
01010000101101000101001110110010
10011000001001001011011010010001
10000011000000101111010111011001
10101010011011110101000000111100
00000110100000110110001001100100
01110000101110110011101010101110
11000100100010010011111000101100
01101000011000010011000111010011
11111100101111001100011001101011
11110001100101001011010101000000
01110000010011011111000001101010
01111101111010000000111000000101
11110011011011010111111110110100
00001111010101101000111100110001
10101000101111000111001101000011
11000101110011111100101010100011
10001100111010111101001011111010
01001010000111111010110011011111
00000100011100000111011011101011
11100110101000110000001101011111
10100000101101111011100010000000
11010111110101010001010000011111
10100001011010000001101101111011
10011100110101100010100111011011
01001001001110001011101101001100
10101100001100001101011000100110
00101111101010111010101100000000
11001100111000010001110100101010
11001101010110011001101111101000
00110101000101010101010011111110
11001011001001111100011100001011
11000111110001100110110101001001
00001101000001110110001111001100
01000100000100110011110110010100
00010000101011001111100111011000
00011110111001010110010011000110
01000001101111100100001101010100
01100111110110000001000100111101
01110110011000110001011101101111
00110101111011010101011110000111
01100100010000000100100000010001
11111000110000111111110000000011
00011011111011110001100111111110
00001000100011001000110111001011
10011001101111000011010111111011
01111110011010011101011001010101
00001011101010110001011011001011
10100101001111111001111111001101
01001000101100001110110000110010
01010101011110011110000101110011
01001011010111000100100111101011
11011100000010111000001101010011
01101010001010110110100011000110
00101010011010010010011011010101
01010111001010111100110001010100
11010110101110101000110101011010
11001111000000010110111101101110
10111000010001000000111101010110
01001011001010100111000111100001
10111001000001011110011110000101
11000100011010011000110100011111
11100110011111011101110011010110
00000000001110000101110101010001
10010111000000001110010101001000
11000111011100111101010101100110
01000111111110110111111010010000
01111100010100011000000111011100
11111011110110000100101111100110
01101010011000110000100111101010
10110110000011111000011001010010
01101010001011001011110110000010
01101011110001011100100001010101
01100011001011000001100010110100
10010011011110010010101110000100
10110101110101001010001100100101
00111000100111000000000110111001
00011010001100011011011111100011
00111010000111110111110111010110
01101100100110111100101101101111
11100001100001100000101011101100
10000111101000011101101101000000
00111010100110010011101110000000
11011100000101010111110010000011
10011001001010111110011100001100
10001010010100100001100011001001
11001111010000001000001000110100
01101101101011010011111110011010
01000100100001101101110010110100
10010011000110111111111101101010
10010110110100011110001110100010
00110110011110111111010111000100
00100001011100110110000110101001
01111000101001111001110101110110
11000011011001010111100100110100
11101000111011100001101001010111
00011100001001010011110111010011
01011001001011101110110110000011
00000101111110110101000001011101
10101011100101100100010000001011
11110100100000000100011111110010
11010000000000010000100101001110
11000100110101000111111010110110
00010001001000000101110111100001
00001111110000111011110101111000
10111001111100110010111111111111
11000010101001000011101000110000
11101100110101011110011111000100
01011010100110010111011010101111
01001101101011001000000001000100
10111110011111111111001010101100
11110011010111001000001011111011
10110110010101111110101011010111
01010000010011010110011000011100
10101010000101000000110011010100
01110000110001101001110110010110
11010101111111111001110010000001
10101111001110011100111111001101
01010011111110100101010111000110
01101101111101100001111111100101
11011101000000110111001110110010
11001000110100011101010110100111
11000110010101011100100011010111
11000011000100110011001110011111
00010001011000011111100010100000
11110000100000000001011110001111
01101010010001010110100101101101
01101010001000001000010001001011
01010111011000100101011010110111
01110010110001000010010100000100
00111100000001001011000111010101
00001001101111111111101000010001
00110000101011110000001100101111
00100000100111101011000100001011
11000010000110001011100001001010
00011011100111000001111111001110
00101000101100011011001100100101
01110110001011000010001101001101
00001000000010000010000100001111
01110001100011110110010000010011
00001100000100100001000000111000
11110001001001011101000001001101
11100110010101010001110011000010
00010010110111110110101101011101
11011110101111110001010010100101
01100010101101000001000100111110
01110101010111011111100110110001
11111110111101010000000100100100
10101010100010001011010110101010
01001101100110000111010000100010
00111100011110101011110110010001
11111011101111000100100111110100
10100111111010100010101100010101
10010000111010110011110111101011
01011001101000100110101100111001
10000011001110100010100111110011
00001000001100001111100001110101
11010100011001101110000110100001
01001101011101100010010111111110
11101011010011010110100101100100
11000011100110111000010010011000
01111011011001110010100010111000
11101101111111100111010001000100
10110000001111101110011010010010
01000001110111101100101010000101
10110101011100001000111000111111
11011111000111110110001101010111
11101110100001001011011000010011
10110011000001110111111101000111
00100111101001001010011111111110
10001011000101001000111010101100
01100111011001001010110010100100
10000110010111100111110101101101
01101001001100111100010010110101
00100010111100000000011110111000
10010101101100101001100101001001
10000100100101100001000001001111
01000010010101001111111100011010
11101010010011000110000100111001
11011110101010010010110001011100
01100111011011111100010110101111
01100011000101101011111001000101
01110111111101110110110010000001
00001000101110110100100100011111
01111001111011100110101001111000
00000010001101111010110110000101
10010100100111000110010001001100
01100100101101011010000111001111
10010111111100011101100000011011
11101000101111101010111011010100
01110101110101001010011010010111
10111101101001001001101011001010
10100110000000101000001011011101
11010100100000000000100010011111
00010000100011000111100110010110
01000100000010111100010101000000
00101000110010110001111011001010
01111001001000101010110101001100
11000100001011110010101011010111
00011101100110100010101111001101
10110100000111111111100000000010
00100100111110101100000010010111
00000010100010100010010000010010
10011111001101000111011100011000
01001001011100011011010011101110
10011110111010110010110000110010
10001100001001100001110010011110
11100101011111100000111111110100
00011000000000111110111111111010
01000101111000010000101010111111
01001110100000100101010100101100
00110000100111100100001000011001
10111000010001111000100101100010
01101001100100110100011001111011
11100111100010101111100001111010
11100111010100101010101001011011
00110100011110011110110011110101
00011111000011000010000011001101
00001010110011110111010100001111
00011111000111100101001101100100
10101111111100100110000001011100
10011110000011011000001001100000
11100000101011111101110000100010
00011110000001110101000010001111
01001010011110010010111011110101
01110011111111111101110110100011
01010101001011000100011001100111
10110001011111011101100011001101
00100011010111000101111001010101
11001111100100000010111110110011
00011000010110000111111010000111
10011110011110111011101010111011
00110010001100110100101111001010
00101110101011101101111111010010
10001110101001111110000010110001
10001001001001001000011010010101
00001000110110111000111111110000
11101001001110101101100010001100
10011000101101100010001001100101
10001010100000111101111001110111
10010110010110010010001001000100
01011011111010001110110010100000
01110000010011110110001001001001
10100110000000111111001101011000
00100001010000000111111101111010
11010111110101111101000000011100
10000011111101000011101100011111
00101000010010001011000000010000
01100000111100100111111010111010
00110001011101011101010010011110
11010001111111100100001101010011
10011010001011010111010011000001
10111110010011000010111101111111
01000111001100101010000011011011
00101001010011000111000001001000
10111110110100001110011011111110
11010000111101000100001110111100
00110111111110110100101000001010
00111100110100000110011001101101
01011100000000111111011011010001
10010110001011001010101101100101
11110111111000011110111110101011
10001111101100101111000100010001
01111001010000010011111111111011
01010100101010000100011000101001
01011110001001100001010000100000
01110010010011111101011001100100
11100010110011001110111001100011
11100011011000101010000001010011
00100011011101010001001110001100
01011101100001000101101011010110
01001100110011011000001001010110
01110000001110100110010010100001
10110011111000101101100011101001
01011011000101001100010010100101
00001010100100101000110001110001
11000000001110110011001100110010
00000010100001111111001101010110
11100110101010000000001001111101
11010111011111011011111111011011
01101110111110010011110100011010
01100000000110010111101011010011
10010101010010101111010010011011
11101001001001011101010000110111
10010011000100010100101001010000
11110100101000101101101110010011
00001100001100000000111111100001
00011001000101011010011110011110
11011100001101111000001010100110
11100111011101010001100101110110
11110101000100000010111000101001
10000101001000100100011010000101
10101110000011000010000001011101
11101000001001100011010101000010
10101111100010110011010101100001
10101000100110101011110110000100
11110000111001001001000011100000
11010001011010110000001000000011
10011001010110001010001010110100
10101001111100010111000011010111
01111010011011110100111111100010
01010101110110100110001010001110
01110000001111010111001011001001
01111010011000000001011110010000
10011110110001011110011110111110
11101011011100001101100011011110
00000101010110001010010001101101
00101010001011000010111110100110
00001001101010111001000101100010
11111000011111011111011111101101
11000011111110011000111001010010
10100110111110010010001100001011
10000010000010011000110110000111
01110011100100011100010101011000
00111111110101011101111011111010
01000101110000011011000000001010
01011011100000101100010000110010
00011111101001110000011111011100
00001100011101011011001001100101
00110111001011110010010111000110
01111000101010001101100101110000
10011110000111001001110111001000
00000011101000011111001101101101
01011011000000110010101110010000
11011100100001110110001110011001
00101100000001110111000111001111
11010010111000111110000110000101
01111101011010111100000111110010
01100100000111011100010010000111
00011111001100011101111001001000
00100111011001101010001100010111
00011001011011111101000000001101
00100011111000100101011110101000
01000110110000001000001110111111
11110011111100101111000111111000
11100011101011100011100001011010
11001011000000100110101100111010
10011101100001101011000101110000
00000011011000010010101101101101
00111000101011111110011100110111
11110000000000001010101110000001
10111111000100001100001100001011
11000100000011110110001000000010
11001010011001010000101100010011
01011101000011001001010011110100
10101010100110111110001111110011
01110011110110001000110111101011
01110100101110110010101111001110
00001011100001000100111010010001
00101111100000101011011010001011
01000000010011001011110001101001
00100001101100010110011000111000
11011100011110000001100101011010
10110110000001101001101000100110
00101000111010111111110001001100
01010100111011110010011001101111
01000101110100011100011001110011
00110101011110100111011100000111
11100110110010111001101101010001
00101101000010111111011000111010
10110001010100010011111111100011
11001000011010001011011110000011
10000110111100111011001110110010
11000100000011100001100001010000
10001111010000011101001001011010
00100110110000100110110100011001
01001101011010000000001110100110
00110110111001010100000001101110
10000111100111110001000101011111
00110101011011100100100101000101
00110100010101001010001101111111
11111101110100001011011011111011
11111010110001110100010000111100
11111001001001111111010011010101
11000101111101010000010000101110
00111111100111001011011110011110
10011001011000010001010111110010
10111111000110001001111011010000
10110000010001110011101000100000
10111111000110011011101000101010
01011101110101101010100100100010
11010100010101100100000011100010
10110010001111011010101101011011
00110111010100001111001101101010
00011111110001010110101101010110
10110010111100100000100101111101
01000101011000001100100110011110
10111000111110011101100011000111
10011011010010111100101110111010
11011111100110111001111110000110
11101000001001111110010101100110
11000001011001010000011011001000
10000111000101000101100010010110
10101011001010101010110000111110
10100111000110111000101110011010
11111000011110001111001111001010
01000011001001101100110101101010
10010100011001101101001100000010
11110100001111011101010000010111
10011111111110111111001001101100
01101100111011011101000001000000
00010101001110110110010010111111
11001000000101010000010010101110
10101001101111101111100111101010
01011101101001011010001101100111
10010111111001101001110000111000
01100000100111110111000001000100
11110100110110001001100100110001
01101011011010100110000100001101
01010010011111011100011000100111
01010110011000010000100011100000
00001110101010001100000100111011
11111011001111000001010001110110
11101001100000001110101111000001
11111001011100000101011100000001
11011010110111000000010001101100
01010011111011001001010101101101
01100001101101101101011010000011
01111011110011100101100101111111
01101110011000110100111101111001
00101110101101010111111000001100
00010010110011111011111010100000
10110100110000101100111001010011
00011110111011101101010110110110
10110011011101111101011100010000
10100101010001010101100111110000
11010010001110111000000100010010
00101111000101100101001110001011
11111110111000111110111111010110
00001110111101001110011110000011
00011011001001101100001101000110
11111011110000000000011100100011
10110000000100011100101100011101
01110001011101011100100110100111
10010100110010101100111110000100
01101100010001100011001011111101
10000011100101010001010001010000
11101011001101001111110110011011
01011011011111111110110010001101
11100010110110000110010101011100
10001101010100001011110111100001
01010001001000000101001001000100
10111010100010110000001010010010
01101101001101000111110000111010
01000000011110011001111100001101
01001101001000001010110001010001
00010111111011101000010011011100
01011000110111111001011110000100
10010000011011101111000111100101
10111001110110100100010110001010
00011110101010100010101100010100
11101100111010011001001011111101
00011001100010010010100000111110
00001100111100101110010000001100
01101001110011101011001100101011
10001110111011000011011000010001
11001110011000000000010010101100
10100100110000101111011000000001
00010000100111010100101111010101
11101100001000110000100100101100
00100010000100000110101000110101
01110010011100100000101111010100
01000011011001010111000100100100
11000110010100111010001011001000
00001100100000011111100111111110
00101100000011000011010110010001
00100111100100010010010000011101
00001101100100010001000011010011
00001000110011111000111000011010
01011110010110101111011001011000
00110011100101111000110011010000
10001010001001000111010000011100
01111011100111001110011101101011
10111000010000011001000111001010
10110001111111001011000100101111
11010011010100101100110110111000
10001000001100011100010001100011
00111111001110000101110000010100
10110101111100011010010101111111
10110000100010010000000101110010
11001001110010010111010110101111
01000110001011010111001000010101
01000111100011111001000010001100
11000000111001011001001101001111
10110101011111101011010000001010
11101101101100110001000010100001
11100001101010001000101001110010
01000100011000000010111011010001
01001101011111111010111101000101
00100011101000011100011010100111
11001110111101101111001100001010
01100100110110011100110000111111
10101101010011101001011101010010
01100110101001010100001110011100
00001101001110001110000100100001
10101000010010110110011101100001
10000101000101001001011101100101
11010110101101011000011110110011
01011100011110101111010111100011
10101000111110101100011011100001
01110011001110010100001000110001
01001011001110110101000001110100
01001011100000001110100111100010
11001000111001011001111001011000
01011101110101010100011110111010
01001000100110111110110000000111
01000011111100010010010011000011
10011000010010000110101001101111
10110110000100010111010010010000
00001010001000010000100000011110
10100000001001101110101010111010
10001011001100111110001110110101
10010001111100101111010101011011
01110101011001001100001001001010
10010100101001100011011000111111
10100100011111011000011000011110
00111000000100101110100101101010
11001010010111011101100000001100
00110100110111010011111110011000
00001110000010000010000110100011
00001110010110001001110101011001
11010001000010100000011110111101
10001010001110101111011100110011
10110110110010001100100111111001
00101001111101111100100011101000
00001010101000100001010001101111
00110001101001110000101000101110
00010100000100111010011101111101
00000001010111010000000011001110
10001011100011001000100100000000
00000101000011001110111010000011
10101000010111101101101000101010
00101101100110101100111111000110
11111011110000101000001100011001
00000011101011001110110110000011
10011101011000100001010001001001
01001111101111110100100000001110
11100001100111010000110110000011
10110001001011100010100111011010
00000110011111101111101110011101
00010110001001000010010010001100
10110110011011110100001111010100
00011000011101100110010010000111
11110010100010100110101010010111
00101011001100011000111011110010
11101010010100100011110001001100
10001100110111001101100000110101
10110010110001010100101010011110
01000000100111010101100001010010
11101111101100100000010111000100
00011100110000110111100001011101
11010111000011110000010010101101
11101000001011001010001110011110
00010101011011110100110011101100
01001110101100011100011110100000
10000111111000110111011010110001
00100011010000001100100110111111
01011100011101010000010100100110
11010110001101011010001100000001
10111001001110011101001000001100
11010001101011000010000011011001
01101110110001100011011000011101
01010010001100010111101100101011
10111001100101111111000011100101
11011001101111010010001011111010
01011010010001011000110101011110
00111100100110101101100101011000
11111000011010101000000011010100
11011101001011011100110000010101
11100110010101100110010110011111
10000110010001001011100000001110
01100111101101101110010001101011
01110110000010100010011001100011
10110001010011111100100101001111
01100110010000111100100011011110
00001110000101111000010010011010
00100010110111110100010011111110
11001111100010101000101000000000
00010010110111011111010101100000
11100110010110101001011110111011
00111000110001110101111110000011
01001000101001000111100011011111
11011010011000010101000011110001
11101111011010111000011100000010
10100110111101000111101001010011
10010100110001000110001110100111
00100010110100100110010101000110
01011110001101100110111110101101
10101100001100100011110110001110
01100000101011000111100001111001
01111001101111001001101100111101
01110110001001110000011001001111
00110001110100101101010011100100
01101000100010011101110100101100
10110110110001011111111110001001
01001100111000001000110001111010
11101001101001000000101011110011
01110001100111110101111010011000
11001010100000100111110011101110
01110100001001010101110011000111
01101011110101010010100111101100
01011101010001111100100100010001
00000010011100010110101011000001
11000000011010110010010111000100
11111011111110111001110010110110
11111101111101101110101100001100
10100010010110001100001010101011
10110000101001101110101010110101
01100100100100101000100100001011
01100000111001101000000101010000
11110111101010011101010010111110
11111010011001111001001010011011
10001000010001110011011010110011
11110011100000101111111010100011
01011011101100100001000001100010
11100101110011001010110011100100
00000111010100101001001101101110
00001001110101010010010010010001
01011101011010110111100011111000
11100101001110100001111110110110
10000111010010101100010110110010
11101011101010011110101111101010
00100101100111111010011010101100
11011000101000100001111010010000
10111010011101010101010011000111
10100110111111110100011001101101
10000001110111111100010000100100
01010000001011111001110010110000
11110101110010010110000010010011
10101101011110010000001001001011
11100011100100000111111111001011
00111111101010000001100011101000
00000010110110101001011111100001
11100100000011000011111100011100
01111110011101011111101111100100
00001010010111011001001110010101
00000010010100000100100110100101
11010001010010101110100110100110
00000111000110011011110001110000
00000011001001101110110100011111
00001111000010100111001001011101
10001111010110101011111011101110
00100010011101100010100000100111
00101111011001011110110001110010
10001010000100101101111111010010
11111001000000011011101110000111
01101010100100111001101110110111
01111010110110111010100011001010
11101001010111100010101101101010
10110101101110010010111001010010
11001010100011100100110010111101
00101010011101010100011110101010
00000001010110011011100001010010
11011100111011110110101000000100
01000010111000000101010101110010
00101011000100001111101001001001
10011000011011111010111101111101
01000001110100001110100010011110
00101110001101111110100011100101
00101010011000011010001111100001
01010110110101001010010111110000
01101010010000001100100110101110
11110101101001010010010010101110
10000100100000111000010110010100
10100011111001101111101111011010
01000000001111100001111010010001
10011011111010011100110010110110
11111001001000011100100100000011
00111000111000110001101100111100
10011101110110111010001001111100
01011100101011010101111110001101
01011110010110100011011100011011
01110111111110100010011101100011
00111011111111100010110000101110
10101100000111011011010100110011
01011111101000010011000110100110
10101011000000101111111100110100
00010100100010001001110011110000
10000101010010001001111101001001
11110001110101010100100101111111
00000100011000110100100110000110
11010010000110100110001011101111
11100101111100100111000100100110
11000100111100001010100010101010
11001000111000000000011100110011
11011010101100100110001000101010
10101000110011101100100010101111
00110000011011001011010000110000
11111001111101100010101010111100
10110100011010001011101010101011
11100100100000100100101000010101
00000011101000100111101100011111
11010000110000101100110101011010
01110101110100010100011111100101
00110110000001101110001001100011
11111111100011101001110101101111
11000011111001001010010111100000
01000000010110110111101110111110
11000101100011011000101100111010
01101010111100010101100100000111
10010010111110111001111000000011
10000100100000011111001000111001
01010000010101000010000010111110
00011010011011110010011011101011
00110111110011001111110100011111
10101110001101010010111010111111
11010000011100000001010111001100
01011111001110010110000111101011
00001110010100111000101111011010
11110010111000110100100101111100
00101111000001111001010000011111
00011001011110110111001011101010
11101100110101010110000111100110
00100010010100101110001110100010
11001101001101000011110110100110
11001000100000111000011001001010
10010000010110110010001011010010
10001001110001010101111110100001
11101011110100101100001101100100
11000100001111111000011000011110
00110101000110011001101111101011
10110111101001101001101011000010
01000011100010110101111100001110
01000101110100001100111011001000
10101111001100000110110010110100
00110001110101101110011110101100
01010111000010000000100000011101
00110100011001001100101010000100
11001011010100111010001011111010
00010000000001100110000101111011
11011011101000000111001110001100
00110101100011001101100011011100
10001011011111010000001100101110
10111001001101001111011001000011
00001011001101010110100111010111
01000101000111111001010011011000
00011011100010011000111111111110
00111010011101011011111100001111
10010010101110010110000001010010
00101111100011011011011001000000
00110011110101110100111000110010
00011101010100010000000100110100
10000010101101110101111011100011
11000001010011000100110101000011
00101100101011101100011001111010
00110101010101101010110010110100
11101101010001100000100010110010
100110100110011011deg=44497
deg lcm poly = 44512
weight = 19581
10000000100000000000000000000000
10000000100000000000000000000000
10000000100000000000000000000000
10000000100000000000000000000000
00000000000000000000000000000000
00000000000000000000000000000000
00000000000000000000000000000000
00000000000000000000000000000000
00000000000000000000000000000000
00000000000000000000000000000000
00000000000000000000000000000000
00000000000000000000000000000000
00000000000000000000000000000000
00000000000000000000000000000000
00000000000000000000000000000000
00000000000000000000000000000000
00000000000000000000000000000000
00000000000000000000000000000000
00000000000000000000000000000000
00000000000000000000000000000000
00000000000000000000000000000000
00000000000000000000000000000000
00000000000000000000000000000000
00000000000000000000000000000000
00000000000000000000000000000000
00000000000000000000000000000000
00000000000000000000000000000000
00000000000000000000000000000000
00000000000000000000000000000000
00000000000000000000000000000000
00000000000000000000000000000000
00000000000000000000000000000000
00000000000000000000000000000000
00000000000000000000000000000000
00000000000000000000000000011111
11100000000000000000000000011111
11100000000000000000000000011111
11100000000000000000000000011111
11100000000000000000000000000000
00000000000000000000000000000000
00000000000000000000000000000000
00000000000000000000000000000000
00000000000000000000000000000000
00000000000000000000000000000000
00000000000000000000000000000000
00000000000000000000000000000000
00000000000000000000000000000000
00000000000000000000000000000000
00000000000000000000000000000000
00000000000000000000000000000000
00000000000000000000000000000000
00000000000000000000000000000000
00000000000000000000000000000000
00000000000000000000000000000000
00000000000000000000000000000000
00000000000000000000000000000000
00000000000000000000000000000000
00000000000000000000000000000000
00000000000000000000011111111000
00000000000000000000011111111000
00000000000000000000011111111000
00000000000000000000011111111000
00000000000000000000000000000000
00000000000000000000000000000000
00001000000010000000000000000000
00001000000010000000000000000000
00001000000010000000000000000000
00001000000010000000000000000000
00000000000000000000000000000000
00000000011111111000000000000000
00000000011111111000000000000000
00000000011111111000000000000001
01010100011111111000000000000001
01010100000000000000000000000001
01010100000000000000000000011000
11010100000000000000000000011001
10000000000000000000000000011001
10000000000000000000000000011001
10000000000000000000000000000000
00000000000000000000000000000000
00000111111110000000000000000000
00000111111110000000000000000000
00000111111110000000010101010000
00000111111110000000010101010000
00000000000000000000010101010000
00000000000111111110010101010000
00000000000111111110000000000000
00000000000111111110000000000000
11001101000100011110000000000000
11001101000011100000000000000000
11001101000011100000000001011111
01101101000011100000000001011111
10100000000000000000000001011111
10100000000000000101010101011111
10100000000000000101010100000000
00000000000000000101010100000010
10101000000000000101010100000010
10101000000000000000000000000010
10101000000000000000101100111010
10101000000000000000101100111000
00000000000000000000101100111000
00000000000110111011010100111000
00000000000110111011111000000000
00000000000110111011111000000000
00000000000110111011111000000000
00000000000000000000000000000000
00000000000000000000100010011111
01100000000000000000100010011111
01100000000000000000100010011111
01100000001100010001011101011111
01100000001100010001111111000000
00000000001100010001111111001000
11010101000110111001111111001000
11010101001010101000000000001000
11010101001010101001110011111010
01110101001010101001110011110010
10100000000000000001110011110010
10100000001010011100001011111010
10100000001010011101111000001000
00000000001010011101111000001000
10001001011111011101111000001000
10001001010101000000000000000000
10001001010101001001101110011110
11011001010101001001101110011110
01010000000000001001101110011110
01010000001010100000011010101110
01010000001010101001110100110000
00000000001010101001110100110010
10110010110101111001110100110010
10110010111111010000000000000010
10110010111111010000011000000100
01001101111111010000011000000110
11111111000000000000011000000110
11111111001101010110111011111110
11111111001101010110100011111000
00000000001101010110100011110100
11110111110111011110100011110100
11110111111010001000000000001100
11110111111010001010000100000010
11111111111010001010000100001110
00001000000000000010000100001110
00001000001010110001001000110001
11110111110101001100110011000000
00000000001010110011001100111111
11011010101110011110010011000000
00100101011011010010100000000000
00100101011011010000111000110111
11011111011011010000111000110111
11111010000000000010011000110111
11111101100010001111100000100111
11111101100010001101111000010000
00000111100010001101111000011001
01111010111010011111111000011001
01111101011000010010000000001001
01111101011000010011110111101110
01000000100111101100001000011000
11000010000000000001110111100111
00111111101000010001110110111011
11000000010111101111111110100011
00000010010111101111111110100010
10000100100000011101111110100010
10000110110111110010000000000001
10000110110111110111011001011101
10011000110111110111011001011100
00011110000000000101011001011100
00011110111100100110100101111010
10011110111100100011111100100110
10000000111100100011111100100110
10111010000000001001010110001100
00010000010110000000000000000000
00111010111100101111110100111011
11101100001001111010100001101110
10000011100000000101011110010001
01111100111101011001000011001100
10000011000010100011100010100010
00000000100010100011100010100110
11000110110000010111000010100110
11000110010010110100100000000100
11000110010010110101100001000100
11110100000101001010011110111111
11001101101000000001000001000000
00110010110110000010100101001000
10110010110110000011100100001000
10000000100001111100011011111101
11101101110111100010100100000010
00010010101001100001000000001010
10010010101001100011101111110110
10100001111001100011101111111100
00110011010000000010101111111100
00110011001101011011001000011101
00110011001101011001100111100001
00000000011101011001100111101001
10011100010001000110011101000011
00110110100110110101010000001000
10011100001100001001000111010001
11010101100110001110100110100001
00110001110100010110111101110011
11100010001100110001010110100111
11111100001011000110010011001010
00000001001100001010100111110001
10110110001111001010010100111101
01111011110000001100000111110111
01111011110000000101011101010001
00000101010010101111110000001100
11010100001000001001011010100110
01111100011000000110000010100001
11100101111110010110111110011110
00000010111010100101110010010000
11111111010001011011001111000101
10101000111110101011101000111101
11001110100111001111000010001101
11000110111001010110100100101001
10010001111000000010110011010110
01100110011010011011100010111101
01011100010010111011011001001001
00010000011101100110101110010111
11000100101010001111000001101000
00110011001000010110010000000011
00001001000000111101011001100101
00110010000100010111110011001100
10010001101110001001000001000100
00011100111001101110010110001000
10111011011000011111001001001011
00100101110101101111110101001111
10110100001110111000010000011010
11100100101110000010110000001011
10011110111010011010001010110100
10111001000000011100101111010110
01001110100010101101010011100101
01111111101011111100100001000000
00101010111100010100100111110000
00000010000101100010111100100110
01101110110101100111001101011110
00010100101110000010010010110000
00001010101001101010001010110000
01111011100001110100001111100001
10010000110000001001100000011110
01101111110100011100010100000011
00111010100001000000100001001000
00000000111011101010001011100101
10100010101101101100101011010110
10010001011010110101101100000111
00001000111101000111110001001110
01111111000100101011101010001111
10110001001001101011111011010000
11111101011001001101100000011101
01010101100100101001011000111101
01001011000111010011100001101101
01011000110000011100100011100101
10111100110101000000011001111111
10111100011100110101000100000011
10110100111110000101001110000000
10001011111101111000111111011011
01010100000111001101001010011000
11111101000101011101010001001010
10100100001100001000100110100010
00011101101111001101110110111011
10000000000101011100001010111010
01101011010000100111101000100011
11100110010010000011100001010100
11000000010110111111001111010010
11100110000111100011011100001011
01101111101010110110110101110000
00000000010000111100001010100110
11111101011101001010011010010101
10111110010101000000011100101001
01010010000110100011100000101100
10000110111100000000010001101001
11101000010101001111001111001001
11000101111111000111111111011001
01010010011010011001101100000111
01011101010110000111111000101011
11000101111101001001000001001110
10011101001010010110100100101011
01111111010010001110001101100001
11001000101011001110011001010010
10110000000111111110100000101000
11001111101101001100111001100010
11000111011010011111100010010100
11001100001100010100000111110000
00011001001010111110111101010100
00011000111111101011011101100000
01101110000011101100011100001011
10110100001110111110100110000111
01110110110010010101000011001011
11101100000111000001101100000101
10010100001111110100011110111101
01100010110110010100011100100100
11110111011101001100010110001001
00010101010000001111011010100110
00010101111011111100011111001000
10101001010101010111100110110110
01000010000111111000010111111100
01010111010111100011010011000011
01111110001001010100100001111001
10001111010010111011111100011011
00110001111100011011111000111011
10100001110010101000101001111110
00001101110010011000011110110001
00001101010000111100000100001000
11000010001000101011000111110011
00110100110000011101111100001100
01010110010101010010110001010100
10101000010010001001001010010001
01000100001111111111110011000010
11110111001111001101011111011101
11010000011101100010010000100100
01100101010000111001100011000110
00001011000100110111010010110011
10101001001011111011110100010011
01001011010000110101101111001100
11101011010100001100101010000010
01010110000011001110111100110111
01110000011110001010001011011111
00010110010011011100011111110101
10000000110111100000100000100110
01100011000111110111001100001111
00111110111000111011010000100101
10100111010101101100011110001111
00100111010001010010011110001011
00110001110100001010000111101010
10000110000101001000110011111000
11110101101010111000111000001010
10010100100111111001100100010111
01110101000100111110100001101110
01010111001100101101010100011000
10111101101001100110010111000001
01101110101110011101111100111001
10110101100001101010011000111011
01101110110111000110001000110110
01111101001100100000110100110011
10110111100001011110010101011110
11011110001011110010111011001000
11000011111111101100001000011111
01100011000100000010000000011010
00100100101001110000111000010100
11001110110100100111100100111100
10111100000001011111101011101101
01110010101001101101010000001011
10100100010011101010110100100000
10111001000111100010110100101100
11110011101101110001010101111101
00000110000111010000100010010010
11100011111111000001100001100011
10100011101010001101100110100101
01100100101001110110110001010010
00011101001011110000001010110000
11100000111101111000011110101110
01110101010011001001001110000010
10110100011000010000001011011111
00010011010010111110001110011111
01100001001100011110110110000000
00011111110000001111101101010110
11011001010110110110110110111101
01111001111011101111001011100110
10001101111001101110111111110011
10011111111000100110101000101101
00000110001010110010111011111001
01110010110011010111110010001110
10110100000101100000110001001011
11000100101110001000101101011100
11100101010111111000100001011001
00101011000111010111010011101110
10110110001111011011011100010010
11110101101010100000001100111000
10010000101100100100000101111110
10011000101011000000101100010101
10110011010100001100001111110100
11100111010000001010000000011000
11000001011000010101111010011000
10001001001001010100001101011110
01010101101010001001101011100010
10111111000110101011100001011000
11100110110111001001101100000100
10011011011100000010000111010101
00011111000101010111001011100010
11000011100001101111110101110011
01111000111110110011110010010100
11100111100100011011010011111100
01010101000011001111110101010111
10100011000000110101100001011011
11011101000011110000010100111010
11101110101010000111000100110101
00001010111110001101111011011111
10111100010101111001110111000111
00100110010000111000111000010100
11110110111111010000011110101001
01001010001000001010010101111100
01111011000110101100101101000100
00001001110100010010100111001010
10101110001000001010101010111000
00011000001100100001001001001101
01111000100111100111011101011100
11101010001100011000101001001001
10101100110010001010110110100111
10101000000011111001100111100100
10111011111010100111000001010000
11010110010010100000011111101110
00111100000001001111001010001000
00010101101101000001000001011111
01011100010101010000001000000110
11001101001011001000100101100001
11011111110011011111100100100010
00000011000010101001111100011001
11011110000001110001100110011110
01010110001101111111001101101111
01111101111011010000110010000010
01111011110100010100010101100101
00000001111100101011110000000111
11101100010011110100101100000011
10100010111110010010010111110011
10101101010011011111001001011110
00111001010111001001110101000100
01110011111010001011110010010010
01101000110000100010111101010011
10110111011010100101111111000110
10100001000000111010000100111100
11101011010001010010101010110010
11110011101011100010100100110010
10000010100010011011110010101001
11100000011101111010111101011001
10010101100111101100000000010111
11100111110101001111110000110110
10101001010100101000111101000000
11011010110000000010100100110000
10101001111100101110101000001111
11011101101001101100101011100001
11001110111111100110110010010010
10101110000001111011011110000010
01000000111100010001100101000001
01110011100101101011011101011000
00101010111111000101111100000100
11101110000111000011100100000000
11101000100100111001100101011100
00110101101011000110000000001110
00001011111101110000101011111110
00001001100001111001011000110010
10000000101000010100110001000100
01101110111110100011110100110111
01111101001001001010110001110010
10101011110001010001111101101000
01100101000111010000010101100111
11001111101010110000110010111001
11000111000000011110010010011101
00000011101100100111011011000101
01110001000011110111100001101011
01001000101110010101010100001011
01111010101100111101101100110000
00010000100001111010001010001000
00101000110101110010101000000111
01011110110101011010101001011101
01111011111000100011011100111011
00101000111011010001000101011000
00011111011100111110111000000011
00010101011101110111111000000001
00111110000001010011001001010011
00010110001110100111100100100001
00100110010001110011101000100010
00101000110001010011111001001011
01110110110110110000010111001010
01111000001100100110110111111011
01001111011101110010101110001110
11011001111001100000000110010100
11001001111010001101110110010101
10111001000110000011110010100011
11000011110110100000001001100100
00011100100100011100010011001010
00000000010101100111110110110100
10111000001101001011100110001010
11001110010000011111011111000111
11110001010101001010010111000010
10001100110011010101011111100010
10110111100000001101000010001011
11111101001000011010000100010001
11111111000111110011000110101010
00100001011100010111010111010100
01010010101111000110010010100111
10111101101011011101111101101001
11101001000100100000100101110111
01010101111111010110111010110110
00010111111011011001101001101011
01111100101000110011110001100011
10110001000111110001011011000101
00111101110011100010001011011011
11100110011010110010010111000110
10110100111110010111011100110111
11110110110110001011111000011101
01110111100100111100011100111001
01110000111001000010101101000110
10101001011100101010000011100001
01110000010010010011001110110011
00011001100100000110111011101000
11001000101010100110011010100101
10101011101001100001110101000000
10100111000111000001010100100000
00011001010000101111010110110000
11000111101101100111011100101011
00010001000101110011100100011100
10100110010101010011110100011010
00010001101010111110111110101110
10010111011001000111111111110000
11100101101100000000000101000111
11011001100011101101100001111100
00100111100011000001011011010111
00111000100010001100101110100011
10101001111000101000100011011110
01110110101111100011110001110000
01000001110101111100111110101110
11100111100000101000111111110110
01001111110110101011011100100100
00010000100111000111110000101111
00110010011001011100110011011101
00010010010000100000111010110011
11010001000010100111000010100011
11101011111100001100000001101001
01010001101111111101000011100111
01100110111111001110001000110101
10011101011000110001110111011010
10110100011101010100110110111000
00000000110111101001001111011011
11100100110001111001011010001011
01000011111011010000011011100010
00110101101001001011010111110101
00111111101010100010001010110101
10011010111010000001111111011010
01000111000001000100011100101100
01100111111100101100010111001100
00010100010000001101100100110010
00100111011111011001001011000010
00001001110110100001011101010001
11010101001001001011110010001111
00001100010001011001110101010001
10011011010000010110101011000110
01110110011011011110110111011110
11010100100001001100110111111110
11101111111011111110000010001011
11101110111010000010111000001100
10001011011010101010011001000010
11110110011101010011011111011110
11000111000101000000101110100000
10100100100000010001010010011111
01110111100100111010000010001110
10000011001010001000001001100000
10111101001100100001100100000101
11010100101100000011000010001000
00100110001001000000100011100111
10100111001011011111000010000110
11111101101111000110110001100001
10000000111111110001001010010010
00110111101100111110101001001000
11000101000110100011111111111110
00000101111011110101111100010111
01100010100100100011010110011000
10001100100010111100100110000110
00110011111100111100100110001110
11110010000010011000011011011011
00110100001010111111101110111101
11101010111000110011010010101110
01111001110010001000011001000100
00010001011010010111011110110101
11000111000001110111100110100101
01011101101001011100111000101100
10011001111010001101001111001101
10010001101011010100100111000110
00000000101011101010011100100101
00101001111001001110010100011000
00000101010101001110111101111000
00010101101001011111011011001110
01111001000010010000110001101101
11011001001100011100001001000001
00100101100111011110100010100100
00110101101100101111101001010101
10000001011100000101100000001111
01110011101001111111011010100010
01011101011000111010010011111011
01110100111000011110110111001001
00101001000001011010101000011111
11110011101011010101001010110011
11010101110000000001010001010100
10000101010111111101010110111110
11010110001110010000101110101010
11100100000111101001001001010101
11001111100111101010110101111101
00101000110111101001010111000000
00111101011011011111100000101001
10111011111001000110100101011101
01010100011100100101110011001010
01110000100001110000110000111001
11111101101110010000111010100101
10100011111011011111101110111010
10111101000011101111000011110011
11100111001010011110001001111100
00010101000001111011110000011111
10100011011011110111110101010001
00011111000101111000001110000101
01110001110010000000101110111011
01101001010101001110010000011000
00010001110111101101100111011001
00001000101100111111011101111011
01000111001011110010100010110111
01001001011001000001001111000101
10001110101011010011111010010101
01110111111100011101111000000000
00010011101100010000111011010010
10100100001001111111110101101100
00100111000111110100111000011000
10111001000001110100111110010000
00100011111110010110111001111000
01111101100101001100000101000110
10101010100100111110000000101000
01110110101000001000010011110101
00110101111000000001000011010110
01011001110111110100001101010100
01110100010100001000110010011110
01101010101011100011110010100010
01111000011110000010000010111000
00110000011011100001010111100010
10001010101100000011011111010011
00001000000100101100001111111011
01011011000000101101000011101011
00101111001000010101110000100011
01101101101101000011010000000000
01011011110011000010110011110010
00100100011010100110000101000101
11001101101110011110010110110001
10110010111010111011001101110000
01010011100001011101110010001100
00111100110001100001111010110111
10100100101011111101100000100011
00111001011000101011001011111111
11001000111111100101101111110101
11011101011100000011111000110010
11000001000011100001010001111100
10101111010000101011000101001101
11111000010001001111111010101100
01010100111100100001101100100101
11100101010011110001100101011101
11001101010000110100101000001010
10111000110000001011111000001011
10001000110100100100110101111100
11110111010001000010100111100000
11010001101000101010011010111111
10011001100010100111000010010010
00100100001001101110111011010011
10111101001011110010000101100110
10000001111010011111010010110110
10100011011111111011110101011001
11000000111101000111001001011101
01101011001001110111111111110100
10001010110011011010011110110011
11000111001010110111100001011000
11110111000101010110101011010000
11101110010100110011000111100001
10010110101011100101011001001011
11100011100000011010100100111100
10110001011011101111110111111001
00011000100111000100011100111011
01011101011100000111011100100100
10011110110101101010110000110110
11010111000101101100100100011110
10000000111000110000011000101010
11000010000001011111000100111000
00100000110111100001000011010001
11101000001000011110010101100011
10100101101010100111010000010110
10011011010001001000001100111011
11001101011001001000100010010011
10111010000101101001100111111000
11011111001000101000110000000101
01100001011011010101110000011010
01001100101001010010111011000101
10111110100111111110010110101000
11010111001100101111001110000010
10110000100011011100100000110101
00110011100111010000010001100101
10001011011100001010011111110000
00000101111000011110100111010001
10010100110001110000100001001100
01000111110001101101111110011010
10000000101111011111001011100111
11000101100000101010111001101010
10000100000010100011111100111001
11111111011111110111101000111100
11011000100110011001001111101001
10100111010110010010011011011010
01001010101000000101100001111011
10101101110011001110011101000000
11100010011111111000111100001100
01100110100011110111010101110011
11000110101100100110001111010000
01011101001101000001110111011000
01001000011001001101110111101011
10111001110000100100101110100101
10100001011100001010100100110011
10011110010001101010001100000011
00111010010101001111110110011101
01101011100010001100100001100101
11001011100011011000101100001011
11011100011011111111011001111000
10011100100100010100100111110011
01001110011010101101011101111111
00101010000110100100101011010000
11100101011000100101100110110111
11011011011111101000100111000100
11000001101001010100110001110100
10100101001110100000010000010001
00101111011011110101101001001111
01111110000001101110000001110110
00100001101001111000101000101110
10111001100111000111101000001101
00100100101000100010100011100101
11001000101000111111010110101010
01111011011000111100010011011011
00110001100100101110010101011010
00010001000000110010000011101001
01111110000011001010001101011111
10101101000000010000011111100000
01000100100110111001010100011111
10010010010101101101010111100100
00010110101110001000100010101000
00101001110011111101111101111001
00000010011000011101100101010111
00100010010101100010111100010110
01111110010000010010111101111100
00101100111101100011010110100000
10001001110100010100001010010000
00000101111000000100000110011110
00001111100000000001011110111001
01010111100111100000110001001010
11000010011010101001110001111100
00110101111001111110010010101011
11111100011111111101010000011010
11111100110100100011000001111011
11001011100000000000101010010010
10111100011101001111100100010011
01111000101100010010101010011100
11101000111110101001001100101101
01100000111110010000011100000110
10010111001011110001101101001011
00010101011010111110101000111110
01111111100000100110010000011111
10010010110100001101010111001110
11000010101111110111001011011001
00111110000010111010100111110111
00000111000100011010001101011111
10000000000011000111101000101010
01011100001110011001100000011100
10010100010110100010000011001110
00110100110101001000010000011011
10110010010111110101000001111001
10110000000011001111001111010110
11011110010110110111100100011011
00101010011101010010000010111011
11011000001101001011111000001000
10001110100001100110101001001010
11010111100111010010100101001110
10001000010110101001011101001010
00101000100110000101111100000000
10000000101100111001110101001111
10001101001011010001101101000100
11110111011100010111010100100100
11001001010001010101101101001000
01011011001110000000011111100101
10110000110000101010011101111101
00101110101101000001111101100110
11110110110011000010101001011010
10101100111001011010100010001111
00100011011101011010111001001000
10110110000110111111111001000010
01001001111000001011010001101110
11010001111100000101110011001010
01000000101001111000101011011010
01101000111110111101010111010000
01101000001100001001100001100101
11110011101101100101111000100111
11101101111000111111011101111101
00111001011110110100001001101010
00001001000011011111110110010100
10011110111001101100110011111100
10100110111000111010001111011010
10001111100101110111100000110111
11100101001011000010110000100110
00011010100000010010011101000100
11101100001110110000010100011111
01101100100111101100100010100001
01110001011100010110010011011110
01001010010011110001010101011110
01010000000011010011001011011001
10111001100110010110110100110011
10101000100101111101100011110001
00110110111010100011011011100100
11111111001110110100101001000010
11000110111000011111110011100010
10111100100010000010010010110011
00011001101010000111011001010100
10101011100010000101011110010110
11101110011110010000100111000001
01000010001111011001011101110101
10110111111001000000000011000111
01011000011100111001011100101001
11011010110001101110110010000011
10101111101001011010100001010001
00100100010010110101111000010001
10101001101111110100110110000011
10001001100101001010000011010010
01101110100001010010010111001000
01001010100010010001111011010011
00000000100100001111010101001101
10010000000000000000000000000110
10001100010000100011100110110111
11111000000100011010011010010011
01011000001111001000100010100101
00000010000001000101010011110011
01110010100110011111010010000110
10011011000100001011110000100000
10001110011100010101111010010110
00001011101110110010000000100001
01100010001011101110010000001010
00101100111000010010010001100111
01110100111101010000000001110100
10110000100010001111111001110111
11101110111111100001001010011100
10111100011011010111101010011111
01111010101111001100100011010100
10101011111001010111100001100000
11111010100111100001001100001001
10001101001001010010001101011110
11101100010011100010001100000011
00110001011010011111010100100110
01000010111110000100110001010010
01000000100011010100011000010010
11010110000000110011110011110110
01001011010110100011010011100011
01011010010100100101001111011010
11000111000101101111010100010010
11001110100100101001100001000011
10100100110111100001000110010101
11100000000111011010100001100100
00001110110110010001101000001011
00100010111011001111001111111101
01110100000001001000000111101010
11100001101011000001111011111010
01110011011011110110000110110001
00011000011111010110110101100000
01110111000000101010110101010111
01101011001110001001100011010000
01011000010100100000001000010111
11011010010011000000110010100100
11010010111101000100000001000011
10100111000100000110011110001010
01000010111000110100100001000000
11000111001101100110001011011001
00101111101111000000001011111011
00001000111100110110001100111001
00110100001000010001000000011101
00110001000100101111110110001100
10010000101111100001001110100000
01000110001110111110111001101110
11111110001100100100101000110100
01010100101100000110111101001011
11011100110101000101010101000100
00110011001001010101101111010101
00000010000001110101000001000111
10100110000111101111010001101000
00001101011000001100101101010010
00000010011000010001010111011010
00110110110111101011110010101100
01011010010111010000110110110110
00000011100000101000110110010001
01001100011101110110011001001111
10110011011001101100100100110011
11010101111001001000101001100101
10111111010010111110011110110011
01000011011111110100001101000110
00100100101100000011000101101110
01000101001001010100111100111000
11001000011001110000111110110001
01100011001011100100100101011101
01111011011111111011111111101000
01011011101101110000000001110110
01000100110101011001110101101011
11110101011001000001111101000000
01111011101010001111110110100010
11010111010011101011110111100010
10101110110000001011011001001100
10001000110000101100100100001101
00001100000000010000001110011011
10000101001111100011000010100010
01110001100010111000100001110011
00011010000011011011010011100111
00111110101100100011010011110010
10100010111000011011100011000111
00110011100010011010010001111000
10010000011011100110110111101111
01011011101100011101011011011010
11111001101001010011001100000111
00010101000110000011010101101111
01101011110000010001110111001111
00101110101010000111000010000100
00011111111011110001111000100100
01111010111010101111100010010001
00111101111010101000101000111011
00101010001110011100100110001100
00011010111110101101000000100011
11011011000000011001010011101011
10010000101001101110110011010000
01110011110011101001111111101000
10011110010010101001110100001110
11111000001001110001010100100111
00011100010110110001000100010000
01101011100010001100100010111010
01011101001110110010011011100111
01000101011001101100100001100100
00000100110110001011000110100011
01110001101011001101001111110011
00001010000101100100100100010010
10100011101010100101100100110111
00101110011111111110101001010111
10011101011100101001010110111010
01101011011000111100111111101000
01110001010001101000111010101001
11011010110010111101010101110111
01110000111100111110001011111110
00100111010000001010110010001100
10011001001011010111101100010010
11001001111111010011111100010101
10000101011000000101111111001000
10011110010011010000100011011111
10110000101100110101001010111001
01010001000000010001101010001110
11110000101101001111001000010111
10101010011011101111001110001111
11001000001001100111110100100100
01111001010110111110110110001000
01001101101111011100100110110100
11001000101001101111101110111110
00010011000010100010100100110011
11111000101000110100111100001110
00111001100010110000100111101001
00100011101011101001110101011011
10011101011001100110111000111001
10111100110101000100110110011011
00100000110101111001100111011000
00110000000011000000010100010101
01011111110011011100111011001011
10000010000000110011011010011111
00101011101100110110011100010101
00110101001100111000011101101101
10011011111001100101111111101011
01110101101010111110000110110110
11100100110110100101100111000001
01101000100111111110001000101000
11111011010110111000010110011000
11110010000010000110101110111010
11111101101111100100101010010110
10000110001100110101101011000000
10110010011111101110001010010101
10010111110001010010101100001000
10000001100001010101110100011101
10111110010100111100111001101100
01101111001011011000111010001101
01011001001011100000110011011101
01010000111110100010011111100100
11100001011010111110010011100010
00010100111101011101100000100110
00100100011110110011101001100100
01111001010111101110001011001000
00101101111110010100000010111000
11000101110111001011100010000010
11000011110000010111000100001011
00101001000100000111000110111001
11100111001010001011100010010011
10001111010001010010110010110000
01001111010010001010111011111110
11101110011010110010011000111110
11000001101011010101010000000001
00001111101011010010010001011010
00111101001000010010011111110011
11011001101001011110000011001011
11011111010110101011110110110111
11110100101110110000100010100000
11010110101111101101100100101100
00100001011011110010110010101000
01100100101101110111001100000000
01100001100011111010010111011101
10110001101111111111001011110010
01011101110010011010110011011001
00011000000010100000110101000010
00000101010001011011110000010000
11101110100110100001010001101101
01010011001001011000001011111101
10000101000001001110111000101111
10100101000110010000001101000011
00000001101110110011111111000101
01001010001000011101001010011100
11011001111100100010010111010010
11001111101111010101100001101011
10000001101100011100110110110011
11110101101101101001001111100001
00100000110011111100011101110101
10101000110011100100001011010100
11000101011011011100011110110010
00010100111010011000001101011100
11100010111100001010011100011010
11000001100101101110000010101101
01111010110011001000110110111001
10100111011000000110010110010111
10010110010101101011111101011001
01010111101000000101101110100111
10011101111000111001001010111110
11001110101111000111110010010101
00011110110001010011101101011010
10100101010111011001011111101010
10000001001101010001110010000110
10010011010101000000110101101001
10110101000100101011101100010111
00001000110000010001111111101010
01011001111110101111001000010111
01001000001111011110010100100001
00111111110110000111101001001011
00111010101100111010011001011001
11011011000010000100110010110111
00010101110011100101010011001001
01000111010100000111000100000000
10111000001010010110101111001000
00101100111101100010110001100010
11011000110100111101001101001111
01101010011101001110011011011110
00100010011100001001011101001010
01101011111100010001111001111100
11110011011100010100001000000110
11100101111010111000100111111001
00000011000101011111010101101100
01110100100010010110110000101111
01111011100000000100011011000110
11000111110010110011000110101001
11100111000101111001100000000011
11000100110101010111100110000011
00101110100011010111110000100000
11011010101001111011010101011101
11110100110111110100101010011110
11011100001111101101010101100001
00000110011110101000010110100101
00011011010010001110111001011001
01011001100111110111001110001010
11111110111000001100000110110001
11110001001000110101000001000000
00110001100001000101001110111010
01111000101010101110011110010110
11011111000100111001101000110100
00000110001100001010010100010011
11001101011010101010011001011010
00111000111010100000110110010101
00111001011000010011010000000110
10001111010111100111001000110001
11011010111000100101011011000000
10101010001111110101100101010000
10110101110011010100111000101101
10000010010111111111000101011001
10110001000100111010110100111011
00110101001111111111011011100111
00001100010001101000100111001010
10100111010011111000101110101011
10111011110001010010100000101010
10111101100001110101001001010100
01100110011110100111101001011010
01111100010100110000000110000001
10100010000111000010001111011101
11011011101111011100101111000101
00101001101111001111001101010110
11101101011101100001010010010000
00111110101111101111001110101001
10010111001111001111001011101110
11101000010101101010111110100010
00100110001111010010001111011100
10101101010100011011110100101111
01100111110000000011000000000000
00110010010011111101111101101010
01101100101010111010011011011100
01111111100010001111100011000011
10010011100001100111000101001001
10111011100001010101111000110111
01111010001011011101100000111010
10100101100110101110011001001001
10110001110100000001001111000110
10100011101100010011100110000010
01001000111101101011001000011100
00111111001101101010001111011010
11011011010001100000000100101110
10110110111001111001000111100001
10100011001001010100000010110011
11000101111101110010110001001111
11101001110001001111101000111010
10011010101110011010101000010111
01111101110110001010110000010000
01001000111011111100011000100100
00101111100100010100011101110010
01101011110011011101010010101010
11111110000011111101011011100111
10011111100011110110000110100100
01100000111110101011000100001011
01010100101101001000101010111011
10010101010011101100001111001010
00000011100111000101001110001100
11011110001000000101001100000011
00001101011000100000100101111110
00011100010110101100011000100110
11010101010000010111110010100001
10011100001110101111110100010100
11101001011000110001011111011001
10100010010001111001100100101101
00010111000010001111101111000011
00000100110010101001011011111011
00101100111000111011010111010010
00001111111001001001111010100101
01011100000100000011001001111100
10100100101010100100010011010101
00110101100001110000011100001000
10110111100011110001110101001111
11010100010101110111011110110000
01110001101000111010000111110110
00010111100010011011111001011011
11001100100011011100111001100111
11110111111010101110001000101110
10110100101000111111101011111111
11111100111111111001010010111010
01100100100001100111001101010100
10010111111001101110011111010101
01000001110000101101000110100100
01010111101001101001011101011111
11111011111001110011100110010110
10001111000010101110101111011010
11111100001011001101100101011011
10001010011101011111000011100001
10000010011010101110000010000010
01000101110011110001010101010000
01110110101111000011110111110011
11000011000110010101011001010001
01000010100000111110110111111100
01110100011011001011001101111100
10001011001101000100011101110111
10000111010101000001100110100001
01100111110111011110000110101110
11001001110010111011001101000000
01110110100101010110010101111000
01010111011011001000011011110010
01001001111101100000101111010111
01011100111011101000001001011100
10110100111111011110101110100100
00011110011011011101110100011010
00111101100001001001000011111110
01011010001100100101000111011100
00011010001001010011111100111100
10101000010111110101101100100010
00100101000111010100000011010111
11001001011001100111110000011100
10011100010010110000000011111011
10111111100010101000010000111000
10000110010000001111101010011100
00001000100101101010001011100110
01101001110100100001101001100111
01100100101000100000000000001000
00011011010100010000100011110000
11000111111111000010100101100101
11101101111100110001011011000000
11000101011101000111110100110001
11000001100111001001111010000011
11011101110100101111111110101000
01101100000100010011100001100111
01001101110101010001001010100100
00101001011100001001111110011101
10001011110011011111111100111001
01000001010011010001101010100111
11111000111101110100011010010110
11010111010001010001000001010001
01010001010100001110101001111010
00101001001111100101101110011101
11110000100111011011011000000011
01100110110011100001011011011010
00101011100101100011101010110111
10010010100111111101001101011000
00010110011100111100011000101001
01101011111110110010110100001010
01001111011110110101100110110100
00101110101111001100010001100010
10011110101001100000110011100111
11101011111001010100000111011100
11110001110011100101101110010101
01010001110110000111001000001001
11110010010110010011010111000011
01110111100000101101100000011000
11011111011001011111010011000101
11000101010010100001101101010000
11110101101100011100000101101011
00101101011001101100111000111111
11010110101001110010101011111011
00001000110000111001110101001010
00010010001001101001011001110010
00011111010011100101100011000001
01101101000110011110101110000100
00000101000101111010101011010101
00000001110000000011111000010100
01010010000100101010010111100010
10100010111111100101011110011111
10000100011100101111101001000010
00111010011100001011001111010000
00101110011010111000011011011101
00101101001110010010000001010011
01111110101011110011111110001110
11001110110011001001110011101001
10101111000011100111100111100101
00011111010111110011000100101110
01010110011000110110100011111001
10011000101000101111100011001000
11010000010001101111010010000101
10101001011111100100010000011110
11000001011110000001010011101110
00010000001100101000100110010001
10011001111000100001101011001000
01110000000001100000011100010001
11010100011110000000101111010110
01110011110100000111110000101111
00001100011111001000110100101011
01001110011011110011011100100110
11010101000011010100110001100100
11111011101000000001110110010100
00110110100111101111101010000001
11101000110101101011000001110010
10001111110111011100011010000101
01011001111010001010010101000111
00011011101000011000011101100010
00000000101000000110010100010011
00100100001100001001100011001111
01011011010001101110000011111011
10010011000010110111011010111001
00100000010001010001010101001001
11011011010001110101111011111000
10100110101011100010010111100001
11101111001001111101001000001010
01101100010010010101011110110111
01010011011101011100011111101010
01000111111011000110110110010110
10000011011000111001000101011011
01101101001001101100011001001010
11111010000011110111100011111011
01111001101000001110110111110101
00010001001011000011110001011111
10011100000010001011110101011100
10100101000101110101000001001001
00101000011001101100010100111110
10111000111001111111110000101001
10000001111011111000011100011111
10000101111110001111100110000000
11010000111010101111101001101001
00110100111110111110000000001010
10101010010101110001010100011001
11111101001111110101011000110011
00010100010010000001100110111101
01100001110010110001001011100011
01001010011100110010000011100110
00000000001100111001001010001110
11011100010110010111110100000010
00100011111100110100010101000000
01101100010110101110011110110110
00010001001010000111110001011011
10010101101100100010000110010001
11100011100111000100100100100001
11110101010100111010000001011111
10000000111011001010110110110000
01101011100011111011001111010010
01110100001000010000000100000000
00000000011110011001000000110100
01001101011001111101011110111000
10100000001110000000000000000000
00000001111010010101101010111110
00000010001011011011001001001001
11011000000000000000000000000111
00111000010011011100110010110001
10001000111000101110010110000000
00000000101000001000101100110010
11011110011010001001001101101010
11000110100100000000000000000000
00010000110010000000110010011100
01000110001101000111001011101000
00100000100000000000010101111011
01110100010011100011101001001101
01110100101101001111001100000000
00000000000110011011111111011001
00110000111010000101110101000010
10100101000111010000000000001010
00100000100010001000000010101000
10001010110101001010111111010011
10101000000000000001001111101100
01111110000010010001111011101010
01111000110110100101111010000000
00000000000000000000000010001000
10100010001000011001100111010010
01101110001011100000000000000000
00000000000000000101011101011100
10110011110101001111010100010001
10001000000000000000000000000001
01000011110010100000100010110001
00001111110100010000111111100000
00000000000000000000001111000000
00001100100111001001010110011001
11010001100011100000000000000000
00000000000001011100101011010110
11010110111100111011000011101100
01100000000000000000000010001000
00000001011100111100001101001011
11000010101010011001100110000000
00000000000000011110000000000111
11111111111110000110011110010010
10010110100000100000000000000000
00000010100000000000001000100010
00100000101000101111011001110010
10100100000000000000000000000000
00000000000000000001111111100001
11111110100001001000010000000000
00000000000000000000000000000000
00001010000010100000100000011001
01110101011001000000000000000000
00000000000000000000000000000000
00000000000000001010001110111011
00011000000000000000000000000000
00000000001000100000010100110111
10000110000000100101010011000000
00000000000000000000000000000000
00100010001000111100001000100011
11100001100000011000000000000000
00000000000000000000000000000001
11111110000000011111110000100010
00100000000000000000000000000000
00000000000000001101100011011000
11011000110111111000011110000000
00000000000000000000000000000000
00000000000000000000000000000000
00000000000000000000000000000000
00000000000000000000000000000000
00000000000000000000110011111100
11110000000000000000000000000000
00000000000000000000000110011000
00000001101100101011110101101000
00000000000000000000000000000000
00000000000000000000000000000000
00100010010111011000000000000000
00000000000000000000000000000000
00000000000000000000000001111000
01111000000000000000000000000000
00000000000000000000000000001010
00000000000010100000000000000000
00000000000000000000000000000000
00000000000001100110000000000110
01100000011111111000000000000000
00000000000000000000000000000000
00010001000000000001000100000000
10101010000000000000000000000000
00000000000000000000000000000000
00000000000000000000000000000000
00000000000000000000000000000000
00000000000000000000000000000000
00000000000000000000000000000000
00000000000000000000000000000000
00000000000000000000000000000000
00000000000000000000000000000000
00000000000000000000000000000000
00000000000000000000010101010000
00000000000000000000000000000000
00000000000000000000000000000000
00000000000010101010000000000000
00000000000000000000000000000000
00000000000000000000000000000000
00000000000000000000000000000000
00000000000000000000000000000000
00000000000000000000000000000000
00000000000000000000000000000000
00000000000000000000000111111111
11111110000000000000000000000000
00000000000000000000000000000000
00000000000000000000000000000000
00000000000000000000000000000000
00000000000000000000000000000000
00000000000000000000000000000000
00000000000000000000000000000000
00000000000000000000000000000000
00000000000000000000000000000000
00000000000000000000000000000000
00000000000000000000000000000000
00000000000000000000000000000000
00000000000000000000000000000000
00000000000000000000000000000000
1deg=44512
deg tmp = 15
52 bit k-distribution
k(1) = 44497
k(2) = 22247
k(3) = 14832
k(4) = 11123
k(5) = 8899
k(6) = 7415
k(7) = 6356
k(8) = 5561
k(9) = 4943
k(10) = 4449
k(11) = 4044
k(12) = 3707
k(13) = 3422
k(14) = 3178
k(15) = 2966
k(16) = 2780
k(17) = 2569
k(18) = 2449
k(19) = 2279
k(20) = 1883
k(21) = 1713
k(22) = 1712
k(23) = 1712
k(24) = 1712
k(25) = 1712
k(26) = 1200
k(27) = 1200
k(28) = 856
k(29) = 856
k(30) = 856
k(31) = 856
k(32) = 856
k(33) = 856
k(34) = 856
k(35) = 856
k(36) = 856
k(37) = 856
k(38) = 856
k(39) = 856
k(40) = 856
k(41) = 856
k(42) = 856
k(43) = 856
k(44) = 856
k(45) = 856
k(46) = 856
k(47) = 856
k(48) = 856
k(49) = 856
k(50) = 856
k(51) = 856
k(52) = 855
52bit D.D:   9947, DUP:   27
