mexp = 1279
filename:sh.resD11n.1279.magi03.070226.55.txt
POS1 = 7
SL1 = 19
SL2 = 5
SR1 = 6
SR2 = 8
MSK1 = fdbfbdafcfdfffbf
MSK2 = ffbfbcf8ffbffdf7
deg poly = 1279
----
00110100000010010100100000100001011011011010001110000010001000101010001010010110010111111010101001011111
01000101000000000100111001010001011101101001000111011010111010000111011010111000011011001000101000110111
01000011001000000110111000111000000000101110101011010101000010111001001010110110000111101010110111000100
00111010011001000110001101011100111110110110001001001001101110011110110001111100100011100100010010101111
00000010100010111011101010001011111111001110011000000010110011110111000000000010101111011100000010100011
11001110000001110010000100000000011010111000000110111001000001011101011101101110101001001110011000011100
00001101000001001110111011100111000000110000001110101111111011110010010000100000000110110110101010100010
01001100011111011101101111001101010111011100110100110011010011000011000011000001110011001111111111100110
00000001111001001110101110110111000111011010010001001001011011111010001111010001001000111001100111001010
00111000100111010000101010101000001101000000000100000100111010101100100011010101010000101110011111111010
00000111111011000000011010100101000110110011100011000010111101000101111111110010000101111111000111011111
11100011110011011101001101110011110101101011000011000010000101010010110011111111111000110101100100110101
11100110100001110000101100110101001011100011101101100000000101110001101110001000010100010111011110101011
00110011110111100010110011100101010010100011110111011001000110101001000001110011101000111010110010011101
10101111010110100011101111100010100111110100100001111010101110010100000010110110010011001101000110010001
00010011001010110101111010001001111110111011111000100111001010101001010111110000000001011011110001001101
01000011101010101011101001100001111010110100101100010101000100010010001001101101011110110111001001011100
10001100010001101100001111001110000111000100100111001111101101011011000010100010011001000000001111111110
00010111010010110101111111001001010111100000001111000101111111001011111000010111010101100010010011110100
00000001000011110010100011110111011011111111001011111100110110111100010111111100001010111011011101101100
11110111001101100000111010001000101001011110001011111010011001110001011000110010001111101111011001110010
00010101011100011000110110011010001011100000010101110001110010111111001001010100011000110111010010111010
00111001100010111000010110001111011010111000111000011110001010100000111111011101100001101010001001110001
10101001001000011100011000110011101110010110100000011101010000101010110001000101101011101110001101010000
00000100011000100110000010010111001000100010000010110110010110101111011111011110010010001011101110111011
10011110010000011011101110111110000100100000111100111010100000000111101010111111111101111100001001101100
11000011110110000000101001101101001101100111101010010110011001011111000001001110100110100111111000000011
00011010111001011101000011100111000011110011101101101010111011101000010110011011101111001000110110011011
11111100110100010000010101010100000101000111111100110111111111000011000101001001001100010001100100010000
11110101011110100001100110100110000010110010010100001011111001001110111011101101001000001101101010010100
01001111101010010110110010010010001010110100101001111101010000011110011100010010010010011010010001110001
10100010100101100010110000100010110001110010111001110101010101100110100011111100111101011110101001010100
00001111011111000000101011100111100111100110111010000100101001000100111100101000100000111011100000110100
01011011111000001000010101100010000100010111000000101001011011001111111000001100101000110110000101110100
10100100110001110111000001010111000111101111010000001110110011111010001010001010100011110100100001110100
01011011000110000111100010100011101111010110010100011001000100111101001011101011010101011100010101011111
10111101011011111100101101001110111100000010001110011110010110000111011011110011100100110000011110110001
00001001011111010011111110110100000100010110000001101111010100100010111100001100100010001110011001001000
01001011010101101010010001100100000011110010000111110110111110110001011110010111110000001010110101110001
01101111110001011101100101011000000011111000100101011101001010111110101010100111101010110100010101001001
11011011000011010111110010110010101111101001000100110010010111110110111111011001101100010010100010100101
01110110111100011111100110011010010101011110111111111000010001011111011101110101101000000000101011010111
01010010110110110011110010100111111100111010110011110001111100100001010101000011111100000010000010011000
00011111000101001011000101000111111010110110010000001011100001101001001110111100111111110110100101000010
00011110011010001100101111011100000110011111011010111011000000100111010000110110001110000110011101011010
00001101100001000000101001101001010001101000001010111000010110010000000101001101001100100100111101000101
00011100111000000010100110100110101010011000000110110000101101001010001100101111010011100101011010101100
01010010011100110011110011101000111110111010000000000000010010100110011111000100000001011000110110110110
01010100010111001010000010000011001110100100000101100110111100010010111010100000110110000101001110000111
10000011001111011000101110010101101011000000001110010110111000101000110011110101101001010001111000001001
00011100111000000100010111110101101101011110110101000000010010001101111110101001110011111100100100000011
00101001111000011100011010001101001110011111001010001010001111000111101101001101111100110010110110101011
01101101000111110111110001000010011001001011100100101001100111110100101011110111010111101001000010000010
10101001111110101011110010000110111110011111100000101011110101011010010011111011100000011000110101011011
10110011111100011110101000010100110101000101101010110011110110011101110100000100110100100000011010010101
01001101100011011101101110110011000110001001010111110111001001011001111000011010110001111010100100000110
10100110100100001111011111111101001010110100001111101110001000100001011011101000100001000110100011100100
01101100110111101010001001011100011011100011100101011111110111000100100111110101101010110101111111001110
01000011110000110101100111010101000100000001111100001011010110101111001100100010011111100100000101100010
00001011101110011100001101100000111100011010101101101011101111011101100111100110100000011001011001010001
01010110111011010101001001000101001011101010001000001001101111110011000110010011010010000001110101100110
00100001110111000010000001011110110001100010000110110011011101010001110001001001011110101010001101000011
01010110100010111001111110001000011001110100111110001111101111001111110011111110111110100110110111111001
10111010001111010101011001001100101100101100010011110110101010010011010000101101101010110000100110101100
10000111110100100100101111100110111000000010011100010011001011100100011101101000000000101000111001011011
11101011010011100100110000000000001000000101101011111111101001100100110000110110000100011000111000110110
00001111101010001111100011000000000011111010010011011001110010111001010111100110001110000010111011110000
01100010001010000001101111001111001110111011001110010010001101111010000100010001001001111101110101100000
11000001001011111011011100110000001000100010000100101010101100001010101110110010101011100101100101101000
11101001001110101100011000000000000000101100110110101000000011101011100110000011100100000000001001000100
00101101110000101111001011001100111001000100000100100110111100001001100000001110010101111011110100111111
10111110011100000001111011011010101011001000010001011000110000111101100100010000011111110111111001000001
10011001110100001000000001010100011000100111001010000011101111100001000001000011110011001011100010111001
dim kernel = 31
-----
01011000010111100010010110010011010010100000110111110111011000001110111100000100000000000000000000000001
10101110010110110001010111010100000001101101000101000111010001100000010100000000000000000000000000000010
11010100111001100011011001001101010010001101001001001010101011110110000000000000000000000000000000000100
00001110101111001110101001101111101010001100101100100100001010100101001100000100000000000000000000001000
11100111111100100001000011101101010110110101011111100010111110110100001100000100000000000000000000010000
10010111110100011000110111000011000111001101010100001111001011100111101000000000000000000000000000100000
11111000011000110000011000100011000100100000100011010001101001111101001000000100000000000000000001000000
00101110011101100010111010100010110010101000000001101100111000011010101000000100000000000000000010000000
01000101000111000111011110000111100010000100010001111010111111100111011000000000000000000000000100000000
11011010010111010000011111001001001111010111101110100110000101110000001100000000000000000000001000000000
11001000010011101100101101010001101100010100011111001010010101111010011100000000000000000000010000000000
11111001110100010111010000111011000111001000000111101110001011011010100000000000000000000000100000000000
10100110111100001101011001000101010100111110000100001001101100110101011100000000000000000001000000000000
00011100101101000000110010011011101010101111111001011010001100110010010000000000000000000010000000000000
10001001111110110000111011001111010011000111010101010000111010100010001100000100000000000100000000000000
01000110110010001100011110011101000100000000010010100100110111100110110000000000000000001000000000000000
10011011100101111111101000001111100000001101110010111001111110101001010100000100000000010000000000000000
00110100111000111000110111101100111010011000011000111001111111111000010100000000000000100000000000000000
00010101011010010101111100010111110010000101101011110110110000110110110100000100000001000000000000000000
01100101011010001000001100011011100101110100000111110001100110111111101000000100000010000000000000000000
01010001010010110100010000100001100100000110111001010011001010011000101100000100000100000000000000000000
11100111111111101101111101101010101100100111111011010011100100000000011100000000001000000000000000000000
01011111011101100000001101110001001101110101111111110100111110110001111000000000010000000000000000000000
01101010011101010001111010000111111011100011100101011100000101010010001000000000100000000000000000000000
01110001101001010110101010001111101110000111110110001111100011010111111000000001000000000000000000000000
11110101001100100110111110101011100000110111101111011010011110100010111100000010000000000000000000000000
10100010101011110100010111101110110001100001111110001000111000010011100000001000000000000000000000000000
00000101000110001111010101000000100011111010001110001011110110001101000000010000000000000000000000000000
11100111111101001111110100001100001011101001000100111011101111110010111100100000000000000000000000000000
11110110110110001001100001010010110111000011101010000000111100100100011101000000000000000000000000000000
00000010000001101101010110100011000011011000100000011001111101111001011010000000000000000000000000000000
parity check vector
p[0] = 0x000760ef04000001
p[1] = 0x000585e25934a0df
