mexp = 1279
filename:sh.resD11n.1279.magi03.070226.54.txt
POS1 = 6
SL1 = 18
SL2 = 5
SR1 = 3
SR2 = 32
MSK1 = fbfff3fffefffffd
MSK2 = ffeffff3fdf79fff
deg poly = 1279
----
00101101111001001111100011101111000001100111000101000110010001100000011111010010110001100000101001111101
10101110011001010101001111100100000100100110110100111111100111100001010011000011010111110011100001011001
10100011101111100010111000101011010001010101001101010010111011011101001100101011001110110100111001110100
11111011001101101101000001001110010010011010110101011010000110110100001101100000001011011001110110010011
10111110100010111001000011000111101000010010010011011111100000010000101011011101010001111110101110110010
01000010111101010000101100110101111110000101101010001100111010001001101100100111010111000111011000010100
11110111000001110100111110001101100011111110100110010010001010000111010001101001010110111101100110000101
10011001000111110111100100101001110100010101000000100011000010101101010111110001100100111001011001111010
11000101010001001110001010110011001010000101000000100011111001110110110101110101010010100011000111100101
00110110110010110000100101011001100011010010101111111110000001011001101001011001000100100111101000110001
10100001101001111000111100001101101101111010101100100001101011011100101101110101001100111000011011001111
10100111011011000010010100001011000110100100101100101010000100111101011101001100101010100101011111101111
11110101111110000010010011000111000111100010000101011000010110000000101101110010101100000000000111101110
11001011011001001010110111110111110111000111110110001000101111110110111011010110100101110110101111010110
00111011000100101000110110011010000011111001011011110000111011000001101110001111110100000010110101110100
11110111001111010100001011001000001011111011000010000011001101001100101100101000011010110100101011110010
11111101111100110110110011111010000111000110101100111101000100010101110111011100011000010010010111000011
10101111010000001010001100111100001001011101101000101011110000000101111001001101011101001000110100100001
01110011011001000000010100010101011010101011101010101001100101001011011001010110010110111010110101100100
00011111100000000010101011001111110001010101111110100010111001100101011100010010101011111001011101001111
00110111110001010011110000111011000001000001100001000011110110100110000000011010010010011100000111011001
01010010011000010000111001110101010101011010011010000111011000000011011001000110000001010100000000100110
00010101001011010111111110111010000110001000101000100010100100000001000000100101010101011000010000001001
01000101010001111101011001000101100011100100100111101100101110000001111100001100011011011111010001111011
11110110000101111001011001011011110100000011101001100101101001000011001101011010100110110111110010010000
10101000011011101101001101001011011101001101010011001011111000011000111010011100001010011110111110111100
00110001000010100011011101010111101011011101001010011000000000010111111101011100001001001101101100011010
10011101101101011110100010001100110101111101110110000001010101001101001110010000110100011110111000000111
01100100100001100100001000001111101011100010100101100000101100110011000100111110100010111001110100001000
00110110100011101110100101011010101111101001111100000010011110101110010011101000010001001001000001010101
00000011111001110111111001001111101000100011110100110011010000110000000001000011110001000111010011111000
01110000000010001101001000011111011000010010100010001100101110100001100100111100010011001000000011001011
01001011110111001001011011110100111100101000100110110100110111001101111011010000101101011110010100101110
00111010000101100111101100100101011000101101100101100101001110010011110010001001001110010100101100101110
11111011000101000100010101111001011000010110011111000110110010101001101001110110011110010011011011111001
00110000101000101000010100110111100111110010110000011110100001001100011101010001111100001100111000000011
11001111000001100101010000110101011111001010111011110001100111111101010100010000000000110001101110110110
10100110101010101111100110111010001111101001000100000111011001011111100001110011001000100111001011111001
11010010001101010000011001111001001011100000101100110000100101111010010100010101101111111101101010111100
10111101000101010010010000101101101000010010111101110000000111100011011111011111000110111111000000101111
11101001111000101100001101000011011101010110101010000100101111010001010000000001010010011111000101100111
10001010101010101101010110110010011010110101000110100110010010001000100010011010001111111010101011010111
10011000010010110110010110000001000000000110000000010000111111011100010000101101111011011100110001101001
00001011011001010110001011110110111011101101000010111111010111010011111101001011101111100110111111001110
00111101010000000111011111100110101111000111111111010111011101100100110010010101111101100101100111100011
01101110101101101001011010100011010101101110000011101000101011101011101000111000100000101001101100101010
01000111000001111010101101001101011110001100010111000111101110101110101000100111110111001101100101010000
01111010110100000000001000000101110000100101000010111111110011011010010011101110001011100111111010101101
01111011010001111010001011110010010111101111011000100111111010010101101101010010111110011100110111010110
10001110010010100001001110110000011000010101010000011111001101101001101011100100110011101101101100010100
10100110010011011011110100000111001111011000100000111111100001000011000101000001101111100000111010011101
00111010001000111000101101111011001100101010110110110010111011111000110110011011100001010001000100000111
10000101010010110011011000010000111000000111011011101111000010111110110101001110000011010101111101100111
10010011100010111001111000010100101100000010100101010010111110000010010010000101011100011011110001110010
01011001010010000101010100101000101001001111010010010101011011111101001100111110000000110100110111010011
10010100111110000001001010101111010101111111101100101100010100100011010111111100100100101010011010100101
10111100100101001111111000010111101010011011010111100100011111111111110100000001001001111001110100110100
11110011111011010010101011010000111001110000101000000111111000011010100101111100001110101111100011111110
11010101011110011000111000100011111100010001111010110110001001010001000111011011111000100011010111101000
11000001100000000010100010110101011111101010000001011010000000011111010111001000110111011000110110010001
01011000100000111001000100001010101010011110000010110010100001011100101011001111101000010000000011111101
01011101100001001101100111111110111001000111010111101010111011010111110001110010100000100101000100001010
10011010111111101000010011010111010001100111101111010001101011011011101001110001100110101110010011110111
00011010011001101010101001111011011101001110111000001110011110011100111100010101101111111000101100111001
00001111101110010101011100001101110100010000101011101111000100100111100010001110011000000111011011001000
11100110001101111101101011000011010010101110101100111101111001000110110011110010000111000111101100111000
10001100011100001111011011100101110110010011001111001011111101000101101011000111111100101110100100111111
10101100111101101011001001110111000001001010110101001111110011000111001001001111111010000001010101000010
01001100001010111001111000000010110001111100111111111011011000110011010100111001000001101111011110011110
00100100010010010000110010101000011011010000001001010000010011010010101011000100000010000010111100101000
11100010011000110110101000001101010011010000001111111111100100110101000110010011110011100100100111001110
01100000010010001010011011011011010010110001111010110100110111001011111011101101100001111011010110001001
00100000011000100100011010110001000100011001000111010010111000100000111101001010100110100010110010111011
dim kernel = 31
-----
00100100101100110010001010000011000000111100101010101111011101100000011101000000000000000000000000000001
01001110100110000111001100011101110110000011101000010110010101000011111100000000000000000000000000000010
01101101100011100011110000010011010010001010010100101101110100010111100101000000000000000000000000000100
11000001110111010000101011010011101000000110111000011101110110010000111000000000000000000000000000001000
11011001110001011101011111100010011111001110000001010111100110101010001100000000000000000000000000010000
10001100111011101000001110010011100101011100000111111011101111101011111000000000000000000000000000100000
10101110000011110010001011001110110110011111110110001100010000001111011100000000000000000000000001000000
11110011011011011111101001000110001000000100000011011000000011000110101001000000000000000000000010000000
01100011001000110110010011000101110001001001001000101111111010110110110101000000000000000000000100000000
10111001101011001111011110010100001001101011000100101111110111111000111001000000000000000000001000000000
10001100011111000110011001110001100101001100001101010001010100001011001101000000000000000000010000000000
01101111110001010111011010100101100101010110110100000111110110111110100001000000000000000000100000000000
10100111110011011111011101001010100111011111010001111000000010011011100000000000000000000001000000000000
00010001000001001001110000100000110010111111101100110010100011100010101100000000000000000010000000000000
11000011100110011011100111101111101110100011101000000101010100100000010000000000000000000100000000000000
10101110110100110110111101111101110100011000100001110011110001000110000001000000000000001000000000000000
11010110001111110101111000110110011101101111111100010110100110110000111101000000000000010000000000000000
01000010100010011010000100001100001101110100011100111010001111111110110101000000000000100000000000000000
10001110101011010000100010110111100000111101111010100101110011001000110100000000000001000000000000000000
10111110110010000100110101111011010001100110010010100001011111010011100101000000000010000000000000000000
11001101111111001101100101010000100100111000111111011001010111001110011001000000000100000000000000000000
10000010011010101100101110011110000110100100100110001000110010000110110000000000001000000000000000000000
01100011111101011100010110100000110110011011100111101010101010011001111000000000010000000000000000000000
11101111110000100100100100100110111011011110001100111011000101010101100101000000100000000000000000000000
00010111110000111011101000000100111100000011111010000100111110110100001001000001000000000000000000000000
10110100101001001111010011000000111011001101101000000110100111101010001101000010000000000000000000000000
00001100011010010101110001110111100111110110101000011001110111101110000001000100000000000000000000000000
01111111101001101101110010000011010000101000100000010100100110001101100101001000000000000000000000000000
11001001010010100000011010010000111011001100100011011101110000011100000000010000000000000000000000000000
01110100011010001101111101110100101000001110111101111110011111001011000001100000000000000000000000000000
00010000111101010101000010011111100101000011011011110101011001011101000110000000000000000000000000000000
parity check vector
p[0] = 0x000f760740000001
p[1] = 0x00024b3228303caa
