mexp = 1279
filename:sh.resD11n.1279.magi03.070226.07.txt
POS1 = 10
SL1 = 31
SL2 = 1
SR1 = 6
SR2 = 40
MSK1 = f7efffffffffbffb
MSK2 = f7eeffefbffffafe
deg poly = 1279
----
01111100111000001110011011110101001111110000100101111001001000101001110110011000010110100011110110010010
00100000100111001100101010100101010010010101001011111111100111101111100010010000111111000010100000010101
11011111101100111101011101010000011101110100000000110111111100010000100010100100001000110100011100000110
11111001010010010111111101011111000100110001001111100100111101111111010000000111100011110101101001110100
01100101100000010100010101000001000011010001100111100101100000001011001100101001001111001101001101010100
01111111010000010010110001011011111111100100110010001101010011101101001101000001101000111100011111010011
10000101100101000011101011011011011101001010111011110101111101001110010011000111000011001011110011100001
01100110000110110010001011100110100111100011101010000110010100010010100010100011111110000110000110001011
01000111111011001000100110101100110111110001011101101100111010011110010110110110110000011010000110001111
10110100111100111001010001100011001010110100101110101101111001100000101011110000101000110000001100101010
11000101011101111100000101010000000101000100001000110111000101111101011111100111101110111011111111001011
01011011101110101111010010100110010100011011011110100101010011011110110110101010110001101111110111100011
11111111000101010100100100011011011111111100010111001010111101110000110100011000110110001010011101010010
01010111011001111011010110001000011000110110110100101101001100100010110011001111011001010110110000011110
00000111111001100011110001100000101011100111111101001101001011011100011011011000100000010111000110010000
11010011111010010111001000010110101010100010011111101011100000101001111011000010001011110100010000010010
00011101000100010001100110101100101001001011011100110110001100001111001110011100110000011001001110000110
01101010100000010100010010101110010000110010000010011010011111111110111001100101101111010100101110111100
11000111101111000111001000110010010111101110011001000001111000001011011001110000111110000100000000001111
01100010110010101010000110101101011110110111111100110011010000110000111010011101111111010100010110011111
10011000010100100011000000000110010101000010111111011010010010010100000001101110001111110110001011001101
10100000101100110010100011111000100001000000010111111011110010100001000001100000100110110000110101001001
11000110101000100000101100010000101100001100111111001010010100110011110110100100101100001101010101101001
11011100001000000000110011111100111101101110000101100010011000010111111111101111010000010101101110110100
01100101001110000101001111111111000101100001001010100010101110001110001101100110011101111110101001110100
10101001111100100010011110111110100000000110101110010000000001010101111101011000000010000000010001011010
01000000001010001000011000101110001111001010100011110101101100110101000011111000111011111111011101111101
01100110101001111000011000011111101011011000010111000100010011110101110110010110000000111100110010101101
10000110111101010010010010100100010111111000000010011101011010010101101101000001011110111010110010010000
00010111101011110100011101011110101111010110110110111100110100110100110001001111011111111100111101011000
01111110111100100110111010000100011110010101011011001100111011110011110000110011011001111100010101110001
00011011011111111011000111010100000110101110010101010100000111100110000011110010011011000010011101001110
10011111011001001010101010110001111011010010011100111101111001101101000100101100011100110011100101011100
01111110010001001010101111110110101110101000011010110000011000101000111101000000000111111001110001101110
10100011100100100101110000110100010010001010110111100100000001100001011101010010001000101011110111001100
00111100001011011101010101010100100010010110001111011101111001001001100000011101011001110000100110000101
00011000011101101000010011001110000001101010001100110010011111100000101000110101000001010111101011110010
11001000010111110011111111001110110001101111000011100100100010010100001001110010101011011000100001101011
00010001111100011110000100011010110000011010111000110001100001000101001111100100101100011001100010000101
10100111111110010011101010100110101111110110111011110101001011010110000010100010000100100011010110110110
11000100101000010001111011001100101100001001000010111101011110111001001000110110010010011100010001101011
10001100000010110011111110100001001111110010101000010010111000011100111000000100000001001011011000010011
10000101010101100000001110111101000011010001011000000000010110010110111000110001110000111010010010111110
00011010110000111101010011001001101010010100100100000001010100111111011010101011001101111001011000111011
00010111010010000101110011111101001001011110000110000110001101101100000101011100110100100011110001110001
00011010110100010101110110000111110110100100010101101001110010011101001110000000010111000110101111000000
11000000001010000100000001000111000100000100110101100111100110000010110011001100100101100011011011001010
00011000010010111000111011001101011001011010010010011001010101000000001101110001010011010000100100000001
10100100111001000100111101011111110100110010110010101110001101010001101110101111000110110001101011001010
01101011001001000000000000100000000001111111101001110001111000111100000010101011110000011110100111011000
11100100011001101010001001110110100110110000110101100110010110001101000101101111110011011010111101000101
11000001000101011010000011010001100101001010110101111011010000010110000111001111000111010111000001001101
01100001011100011110111000111110100111001001101101000011010001001100001101011110010011011001010110010001
00100100011011001101001110111100110101110101001010110011010010011011100000000001011110111110000001100110
11111110000000000100101100110010101110111110000111011011110100101101010010101111000101001101000100000011
00101100111001011100001000011111110101000000100011101001001101111110010100101111010000010110111000011001
01101001010001011001100000100000001101101100010010000110011011011100111101101111101100001001100101101010
11110111001100000001001100101010110101000101100110100000011001001011010011000111110100110001001000011111
00100101111010101001110111111001000111100100001100100100000000010011111101111011111100011111111001111100
01100101110010010101011110000001101100010110111001110100101011000011101001111010111100110110001000101000
11101010110011111111001111001110010001111100001000011000111011111101011011100101000000011000111100011110
00101111000110101111001100110000110011001000000100100100100011010110111000101011010000010110010110100010
11110110101110001010100100000001000100000000011000111001010110111000011011110110010011001000110100110001
01100111111111000001011100011000100001111101011110001000111110001000111110000001001100100111000111000110
01100011111100100001100011001100111011110111111110001101111110010011111100011010111011111000010000000111
01011010100101001101010111001010101101000101110100101111000110000111000000000001100100110010001011010001
01101010100100110100010101000110100011100011011001110111001111110101011000011111000001000000000011101111
11111110011001011100001011101111001101001010100100011110110010111011011110111010111000000011110001101101
11001100000011100100101101101101111110111001011101111110000100001001001010001010100110001100000001000101
11100100101101111010101100000101010111001110100110010010010000000011001111011100001101001110101000011001
00001100110000000000001101110010100110110000010111011000010001100101111111010110100100000000000111111001
00010111101110111011000001000010000110110001110000111001111100111101011010101100100101110110001010010011
10111101001101011110101110001011100010001100001110101011111111110000011011101000001111010100001000000111
dim kernel = 31
-----
00101001101101001111000011000101101010010011111010101000100110001111001100000000000000000000000000000001
01001011101011110101111111101011011001011000111001101010001001001011001000000000000000000000000000000010
11000100011010011010000110111100110010111000100010110010110010001101000000100000000000000000000000000100
01101001001010110101011110111000100110001110111110101101101000101000110000000000000000000000000000001000
01000000010010100000010101100101100110011111010011101110110111101101101000100000000000000000000000010000
00001010011000111110011111100101011100110000110011101111011110110001010000000000000000000000000000100000
00001000010001101000001110110111100100011101001111100100101010001010100100000000000000000000000001000000
01010101111100000011001100101101011011000111110001001101011011000011011000000000000000000000000010000000
11000001000100101100001000000000110011101111001011101000000010110111000100100000000000000000000100000000
00101101101000101101101001100110011000000000000111010001011011100101001100000000000000000000001000000000
01111100001011010011001001100110001000111101111001001000101011010110110100000000000000000000010000000000
10100010111000011010000001111011010110101110101101000001101011110101010000000000000000000000100000000000
01100100011111110111101101001011111110100100111000001111000111001100101000100000000000000001000000000000
10110111010011110001100101111011111111111100100100101111011100011011001100000000000000000010000000000000
11101010000111100111010000110101001001001011011101100101101000100011001100000000000000000100000000000000
11001010010110100110011011110000101100010000111110100011000001001111101100000000000000001000000000000000
00101011101000011000111011110010101100111010001100100110100011100010100100100000000000010000000000000000
01110010110111111101011101010011000101001101111000001010000101101001101100000000000000100000000000000000
10011101001111101010001101010111100100011000110100110010001111101001001100000000000001000000000000000000
11010001001010011110101011111010111001010010110100001110110001111100010100000000000010000000000000000000
01110001000111101011011101010111000010101111101011000110100110111110000000100000000100000000000000000000
00010001111000000110011011000000110101001100110111111111011101101111010000100000001000000000000000000000
00100110010000101011000010100001100001010101100000000110110101100011111000000000010000000000000000000000
10001010010011110000010100111111111010111100001010101101100010111011010000000000100000000000000000000000
01110010100110111110100000000010001101011000101101011001001000000000100100100001000000000000000000000000
11111001011001111100111011000011111000110001001010011010010010000000101100100010000000000000000000000000
00010010110010000000010111110010101110100110100000000011010010101011100000000100000000000000000000000000
01000111100100100111111001000100101101101010011010101010000011100010101000101000000000000000000000000000
01011001111011111101010111101111001101101010010101110111111011111000110100010000000000000000000000000000
10010101010001001110010000011001100000010100110101110010000100100101000101000000000000000000000000000000
11110100001100101000100111100011101000110100111110101111011001011010000110000000000000000000000000000000
parity check vector
p[0] = 0x000898f300000001
p[1] = 0x00029b4f0c5a93ea
