mexp = 1279
filename:sh.resD11n.1279.magi03.070226.29.txt
POS1 = 8
SL1 = 30
SL2 = 3
SR1 = 3
SR2 = 16
MSK1 = 7ffffefddfffddbf
MSK2 = f77ff7fbffbf3f7b
deg poly = 1279
----
00000000000000000000000000000000000000000000000000000000000000000000000000000000000000000000000000000000
11110101001000000111100010000000100010111001010010001011110101011011011011010011011111011010101011100100
00111010101010001101101011010111101010010110010000001000000001011010100101001111100011100000101001011001
10110101011010101010100001011001100111110000000001100110010110000101001010100110100001100000000000001001
01110010000101001001001011010111010110000101000011010100000001001101011000111110100010010010011010001111
00100111110100111100100011001010000111101001010111110101001100000100111001011111110010000110000100000011
11010001111100100000011001101110100110110001111010001011011011010010010010100100010011011111111001101111
11100101011100011000101101001011110100001010101100011010011110111100010001111111101010100010001001110101
01100000101001010001110010110100100011101001111011001011000000110011100000000010100110000001000001010000
01010100101011101100101011001010110111001110110110101010011100100011011010010000010100110000111110110010
01011100001011110111111001101000100110101001000100100001100110101010000111111011011001101011001001100000
00100110100101111011011000001000100101100001101100010110000111001101010011010101111111110000101100110000
10111010110000010001110010010110111111110111000110010010100111100010100010001011000001010101101000111000
10111011001111001110000111000001111011100000100100101011001100010101000100111111101000000011110000011101
10101111011001000010011001100000010111000011110001001000111111000110101110010001110010110001111110101010
00001100111111001101101010111101110010011110100010111010100000010101000111111010000000100011010100011111
11010101001000100111111000010111110110110111000111001001000101110110110011000110000001101000011100000011
01111011111101010100011011101101011101110111010000001011110100111110000110001010011010111101111000100011
00101000001001100001110011010100101100001100000011110100000110000100100011001100010111110111110010010001
11100001110001110010001010100111111101110011100101111011110101000101100000101011101110110101100111001101
01101000010101111100000101101000100101100110110010000101101001000100111111100110100011110110110101011100
11110111100010001000101001110011101111011000110111010011000010001001001001100011101111000110110101001011
01000110110110010111101101100100001110010010110000101110000101001010010000001000000111101110110000110001
10001000110011001000000000111000110000101110001101101111010000111011011000010100111100011101010110000111
11111110010100110100100001000000111111001110011000100110100110111111111011010111110101110110110001110111
11001100101110111101011000100011100001000001001100001110010011000010110011100100101111001111000100000100
01001001000110110010110101111010101111110001001001111010010100110010000111101111111011110001111101001000
01100000001010011011001010101110000000010001100000101111101010001100000110111101010101100011011110101101
11101001100011000110110000011110001110000111101011011010101110001011011000111011011110110111011010001100
00011110111010100010011010010101000010000010011001011110111010011011011111000011100100100010101110111011
11111101111100111010100100111101000000000000101001100010000000000011010010111110101101111010001111010110
00000001101101011110011100001010101111011101100110111110011001100100001111001111100011001000011001000100
10111111011000001111111010010100000111101101111011111101101011011100110010111000110111101010000100011001
10001011100010010110011000110101010010011000010100000111010111011010101010101100100110101100100110000100
10101001101001001011011101001111111000111110010000001101001011101001111101010111011110000001010011001110
00111000100011011110101011000000011100000100000111111001110010000001000011001110011110001000000101110111
00010111110110111110000110011000111011001100101100010100111111010111101010111010111111010110001100011011
00100001101101100101100001111100111101101100111000011010000110011111011011111010011110000001010001011101
11000110101100011001000101111101110000011100001011111001001101000010110100000010101011101010101110101001
00000100000000010110110010001001001110100110100001111100000110001100011110100011000011000110110010011010
00101100100101010001101111101110000100110111110100101111001010010011100011010100010000010111001110011000
00010000011101100111100011101001111011001000110111000001101101101010100101001110000110000001000110010111
10001001011101100010110001011011001100100001101101000100101010100000001111100101111101111010110010011010
01110010000010111010111111101011011001101101101010101001110011100011111001000100010001101111110101001110
10001101001111011101010000110001100101000101010110001000010000110011001110100000010001010011000010000101
10001101000101010001001100101011110010011000110100010101101110011011010100010101000101010110000110000100
11000111110000001110110111000010101101110111000101100111111100011000000110011110000001010000001100011011
10011110110110010101100000000001110101101011001100101101001000011111000011001111101100011110100111010011
01010101111100000100110001111100010110111101100001111010111010110011000111000010010010100010100000011100
10000100011011001110001110001100000111100101100011011111011010111001101111011111110100010100101110100101
01011011011001001110011101011111001111100110011110000000111000001011110010010101111110110111111010000110
11110110000101011111001110011001110000011000000100011000101010100111100010101111011111001100010001011010
00000001100010100000100100000110111001001011110101000001110100011111111110011000100010000001010001011111
dim kernel = 52
-----
00101010111011111001110101111110000010010101110001000000000000000000000000000000000000000000000000000001
00000100000111010110111100010010110001000100100011000000000000000000000000000000000000000000000000000010
10000010001100001011111000100100100000111100100000000000000000000000000000000000000000000000000000000100
11011100011100010011101111100000110001001011010111000000000000000000000000000000000000000000000000001000
01100100100011110111011111001100000101011110110100000000000000000000000000000000000000000000000000010000
01110000001010010101100010110000000000101111011111000000000000000000000000000000000000000000000000100000
11101110010101111000101010111100100001011011010101100000000000000000000000000000000000000000000001000000
10100010001001101010001111001000110111000000011010000000000000000000000000000000000000000000000010000000
01100100110000110111001011010100000000101100100110000000000000000000000000000000000000000000000100000000
00001000010101101000001110101000000011101101010010100000000000000000000000000000000000000000001000000000
01100110000001101010101000001100100100000000111110100000000000000000000000000000000000000000010000000000
01000010010110010110000010111100010011101010110111100000000000000000000000000000000000000000100000000000
01010110101011100100111000001110010011100100001100000000000000000000000000000000000000000001000000000000
10100100000101010001010001011110010011011011010000100000000000000000000000000000000000000010000000000000
11110010110010101100100001101100000101011000011111000000000000000000000000000000000000000100000000000000
10001010101000010001000001110110100000110100000010100000000000000000000000000000000000001000000000000000
00001100100010100101010000001000000000111010010000000000000000000000000000000000000000010000000000000000
11000000010011010001001000111110000111110000010110100000000000000000000000000000000000100000000000000000
11100010111000111011010011010110000101100010111101000000000000000000000000000000000001000000000000000000
10011010011010111011100010001110110010111100101010000000000000000000000000000000000010000000000000000000
11100110110001001010001011001010100000011000000101100000000000000000000000000000001000000000000000000000
01001000100110011001110101101000110001001010011111000000000000000000000000000000010000000000000000000000
11010010000110000011011001001000100101010000111101000000000000000000000000000000100000000000000000000000
10110100110000111011100010100000010111110000101000000000000000000000000000000001000000000000000000000000
10010000110000010101011010111010000110111001110000000000000000000000000000000010000000000000000000000000
10000100101011100010010101010010100100100101011000000000000000000000000000000100000000000000000000000000
00001000010111011110011110100000100101010101100001100000000000000000000000001000000000000000000000000000
10010010101010011001011101111100010010110111011001000000000000000000000000010000000000000000000000000000
01111110011001101110011001010000010000111010001101000000000000000000000000100000000000000000000000000000
11110110101101110111010101110100110001010000110110000000000000000000000001000000000000000000000000000000
10001100010010111001001111110010000001011000101010100000000000000000000010000000000000000000000000000000
10111010100010000011000101100110010101011101111010100000000000000000000100000000000000000000000000000000
01001000000101001110000010010110000111110000010110100000000000000000001000000000000000000000000000000000
01100110011100000000010001001110110111010001111100100000000000000000010000000000000000000000000000000000
00111010011101001010100100000110010001011101000001000000000000000000100000000000000000000000000000000000
01001000000001111101010100110100110111000001101110000000000000000001000000000000000000000000000000000000
00101110010101110010100110001000000100101110100001000000000000000010000000000000000000000000000000000000
10010100010110100000100111101010010010001010001011000000000000000100000000000000000000000000000000000000
00001010000011101100000011010000100110110110000011100000000000001000000000000000000000000000000000000000
01010100101000110000010011010010100100011001001100100000000000010000000000000000000000000000000000000000
10010010110010100011001011001010010000100000111011000000000000100000000000000000000000000000000000000000
10001010100010101011101110100000000011111111100010000000000001000000000000000000000000000000000000000000
11101000110110111111011001011010110010000010101101000000000010000000000000000000000000000000000000000000
01000110000100111100010111000010010000010100100101100000000100000000000000000000000000000000000000000000
11100010001001000111100001110110000000101010110110000000001000000000000000000000000000000000000000000000
00011100010011000000111100010100010000010010010000000000010000000000000000000000000000000000000000000000
11111100100000101010110000101110110100011011111110000000100000000000000000000000000000000000000000000000
01110100011110110010111101011010000000011001100110100001000000000000000000000000000000000000000000000000
01101010100111010110100011110000110101001111011111100010000000000000000000000000000000000000000000000000
01111100001011010111100000111010100011101010010101100100000000000000000000000000000000000000000000000000
01010000100110110110000011011110100111000011011101001000000000000000000000000000000000000000000000000000
00001000011101110110001111011010100101100011001011010000000000000000000000000000000000000000000000000000
parity check vector
p[0] = 0x0000000000000001
p[1] = 0x0002aef9d7e095c4
