succ = 1
deg = 19937
POS1 = 34
SL1 = 3
SL2 = 1
SL3 = 22
SR1 = 24
MSK1 = dffbeffb
MSK2 = ffebffff
MSK3 = efcffffd
MSK4 = efefbeff
10011000000101110011011111000000
10010101101011001001110110011001
10010000110110110101001000110011
11100101100111100000110110000111
00101101000000001001100010110100
01111100111010010101010011001100
11011001111101111101011000011111
00110101101011100011001001001000
10111011011000111100001011101110
10100010101101000101100101111111
11100011000000111110100111011110
00100110001011110100110111001001
00101100010011100000110111001110
00110001011000111101011110010111
01100011010001100111110010001110
01101011111001001011111011000111
01111011110100101011101010001110
01100010010100011111011111111111
01001100000010100100111010110011
11100010111111011010111111110110
11000001011010100111001111011100
10000000000101010011001001101101
11001100000101000010111111011100
01001110101000000001010101100110
10011011000010110110010001001111
10010001000101010000101001001010
11010001101010101111110101111001
11001101111001111100110111100100
11011011000101010101101001100101
01001001101101100101011001001100
11111110111001011000001111000110
00010100101101100011100111111000
11000101011101111010111110011111
10000010001100111001111001010110
00101100110110010101100110100100
10100011010001101000001111001101
00010001110011100111000001011100
01100011100111001001110100010001
11000001111010101010111101100001
11100101001010010100010110010100
00111101100011011000100101010110
11000100100101101111001011100100
10111110110011111001110001010001
01000001111011011110000110000101
00100111000011011000100101000101
10010101100110101000000011101100
00001010001101001010110010000110
01110100001110100001001110010011
10110101011101010110101010001101
11000111011101001100000111110111
11111111100010000100010011011101
00001010011100001000011000111000
01011110110011001111011010111011
01001011001010100010111110000110
01111100111010000000111001001001
11111111101111001110010000010010
10110101010110001110010010100110
11110010110110011001110101000110
01100111010111111110110111011000
01010101101011111010000010010100
10000000011100100011000001100000
01111011111001010110100011001001
01111111110100110000111000000101
00000001011001110001001010000110
01101101010110100100011001111101
10111101000100111000100011000011
11110101001100111010110110101100
00010011000110101101110001111101
01101000000000010010111101110100
00010100001001001110110000101001
01110000011111100100011101100010
10010010001101111110001010011000
11101000101111000011011001101111
00101100110111001101101110100110
10100111100111101111001111010011
11001111100000100011110110110100
01001111110110000101111001110001
00111101111000001001100010111111
01100101000011010001101011101100
01010101100000101011101011001011
10110100010100111101000101111111
11001110100100001100000101011101
01111111111101100001111010111110
00100011001110010110011110100010
01110010101011010001101010110010
00101100001001100011000100101110
11110111101100001010110000110011
11101001001110000110101101011011
11010101010000010111000100110100
00100101011111001111000101110111
00110011010110111001000000100011
11011111001011000011011110000001
10100000101011000001110001111100
10100101100010010011111101000011
01010100101100011111001110001110
01110110001100110011001110100110
00111011110101001000000011000010
01001011101100000001000010000011
00010111011110000100101000001001
01011000011101110111010101110000
10111110011110101110010010111100
10011011011010101101100001100011
01010010001001110000000110101011
10100110101100100111100111010111
11001011010101000111001101110101
11101011111111101000011111101000
11111101110011100011100111111010
01000100000001001010111101000011
11010001011111100101111010111111
01000101010111110111010100100000
00101010100111101101010000010010
10101011011111100000110010110001
00101101111001110100110110001001
01101011011100111110100111101100
00100010000101010100110001000011
10011011000100110000110010010000
11000000110000000010000000101111
01001101111101011001010111011110
00111110111000111011010011111110
01001110010100111111001110101100
11011101100011110000010100111110
10010101111001110101000111010100
10100110111110010100111110000011
10011111011010100000010100110100
01100011010001100101110111110011
01011000101111100011011000101011
01011000100010000100010010001100
10000100001001001001111001101100
00100000100111000101000111100101
10110001111010001011001111111110
10111100010011011101100010011100
11111011101100110010110100111010
00001010001110001111000001101100
10110110010111111000010001101000
00100011010101011101001000001000
11000101111101111100011111010101
11000001111001111110101100100001
10100010101100000010000100001001
10010001110110110100011011001011
11001111000001100011101000001110
01100000010111100001111001000001
10000000011010100000001001100001
11111110011000101111001100101111
01100110011111011111110101000100
11000001001011101011111010101010
11100001010100100101011000010010
11011111010110101000100001011010
01011110110010110111110000100010
10110000110110010100110101011111
01111110101100111101101010100101
01011110000001010111101101011000
10000111001011011101011110001010
01111100001111000101000111000100
10000110011000110101111100011100
10000110101011100111001101010110
10010110110011000100010001010000
01001000100110101110110101000100
00001000100110101010100100100100
11111101010101101100101000111011
01010011100111000001010000010011
10101111001001100001000101000101
00000011101101101000111110000011
11111000001001011101001000100010
11010001100011111101001010011011
11000100100110111000100101001100
11111010011100111100101001011010
11101101110110001010101100100001
00011111001111011010100001101101
11000111101010011011010000100110
10101000101010011000000011011101
00001010000100001100011011010101
01110111010000011101100100101011
00000110100000111011111011110011
00010100111010000101110010110010
10001000011000100111010110001001
00111111100001000110000010000100
11000011011010010001000000111000
01000101001011101101110001011101
11000110101101100111010011010111
11011100001001111000110111111000
00010010000001101011000001111100
01110100001000111100010100111101
01010011011101001101100010001010
11110000010000100011000001001111
01001111000011010101110001000001
01101101010010111001100011011001
00001110010001001010010001001111
00101110001111110101110110010101
10001110000100000100000011101110
10010101110110000101100011110100
11011110010110111010000010110011
10101110110111101111011101101100
10011010001010000010001101110010
01000101001101101110000010101011
01101011101001101111111101111111
10101101101010011101010010101010
00111010010000001011000010001110
10110001001000011001000010010000
10111111001010001110100000100101
10111101000111010100000111011101
11100011111000101001101101101010
10111010110001001010000111110100
10101000000011111001001001110001
01001100010011010111100110100110
00001010011100010111000100100111
11000001011010000110010000111000
00010001010101011000001011111100
11011100010100101011111000010001
00000000101000011100010101111111
00100000110101100000100011000100
10010101110110110111001101100010
01111110001101010000101001110110
11101011100010101010000001011011
10111110101001011101011110010101
01010100001111101101000110010101
11000111001111010111000100000111
11101010110011110001101111001010
10011100011100100111100000010111
10010111010001110010001100011101
00001011111000100011001001110101
10101011011110101001001111110111
00010111000100101101000010111101
00010100010101111111101101010000
01000001001011100110100010111100
11101000111110011110111010111101
00110101111111100001111100001101
11010101100101000101101000010101
01000101001101101011111000000011
10010000110000100001100001110001
10011000000100010111111101100110
11011100100011001101010011000001
01010011000000101101000101101010
01011100101001000111100100011011
00010101000111100001100000001011
00111011010011001101000101000110
00110100110100100101011101001011
11001000100001011100010011001010
00000010010111110010010111011000
11111000111010101110011011001100
10111010000010011101001010011110
11010011101000101100010010110100
00111101010011000101111101110101
11100110010010001111000110000110
11010000010001011001101011100101
10000111111111010101010110000101
01010100001001111101111011010101
00100110101111101101001011001010
00001001011001001111011011110010
11001110000010110111011101000011
00010001000001000000100010000000
10111010000000111101110111011001
01100010011100011011010010001011
00110110001101101000000110101000
10111100110000100000011100100000
01101100100001010101110111100011
10101011100001110011100101010110
10100110100001100100110111100000
00001101110000011001011110001011
00001010010011100001000101110101
01000100111000111001100001111010
00010101101001010000100110101100
11101101100011101010010110000100
11011110001111000111100110100001
11100111001100001101101111101010
01101110101101101100001000001000
00010101100101011111010000011111
10100100011101000011000111011111
01101111011000100100111100111101
01100000010011010110011001010111
10010111010100110011010110001100
00110101000110100101011010110011
00101000100001000111100010110001
10011100110100000000000111000000
11100010000100001101010111110111
10100011000100000011111010001110
01010101010001001011010110110100
01000011100010101000111100100001
10011000100101011010001111011011
00010011100011000010111101111000
10101010000001111010000010011001
10111110111101000110110000010111
00000111110000011010010001011010
10101001011110011001101110111110
00010011010101000101010100001011
11110111001001110100101001010010
00000001111010001100010111100010
10111011000110011110010100110000
01110100110110001111011011011111
01111100110101111110101111011101
00110101000000111111100100000010
01110011111101111001101110101101
01100100010000111101111001110110
10011111111011001101001010110000
11010110110100000111011101001000
11001000110010101001011001011000
01010000010101010111001110010100
10101111010110011011011000100110
10010010000110000110110101110000
00001111101100010101010000101101
11001001110111010010100100110000
01111100011001000000100011000000
11001010001110010111000011010001
01111011110111001110100011101001
10010110111101101111101110011100
00000100111010111100010100101010
10001010101001110010010100010100
01001001010011011001000000100010
10111101111001001010111000100001
01010001000111110101111011000001
00001110001101000000011100100111
00111110100111001110100101111111
01110001001001000110100001011001
11010110111100001110001101110100
01110000011110001110011010010111
00001101001110111110000000001111
00000101110000111010100010110011
10100010111010101000010010101101
10011110000110011001011100000001
00111110111001001101011110110011
01101100001011111011111110001101
01100000110111110110000010000101
01001101111010000111111111001110
11101110011100010100011000110011
00111100001000110110001010100011
00000001110101111110011011101101
10000110000010111101011010011101
10110001110000101101111111011010
01110000111001110000000011100011
01010000001111101011111111001100
00011111110011100110010000001010
11111111111100000001011001011001
10011000111010001000011111010100
00010110101001001111000011101110
01001001001010001100100110001000
01001111101111100111000001001001
01001100010010111010111101010100
10011010001100100100110010101001
11010101010111110000110101000001
11000100101011100100011011000100
10110110110101101100010010101100
00010101011011011110000111000110
01011101110011000000110100011101
01000011111100011111010101110000
00110000100100000011000010101111
00111010110100000100001111001001
10001101111000101100100010101010
00010110000101001111110011011011
00011011100110101110110110111111
11010010010000101001001101110011
11101000000100101000000001101010
01001110010101010100000001001000
00000101011110010101100101011000
01101010010101010110000000101010
11011010001000100110010011010100
00000000011110111110101100001011
10101010110011110010100010100110
00101100111110011011001001101111
01100110011011100001111011000010
10011110000010000011000101001000
11100100011010111011001101101001
10111110010111001100101010000100
10000101000101010110000011011010
10101000100101111100100101110000
11101110111101001110111001100000
10110010111000110110010001111011
10111100010100100110100110000010
10110000101100001110111010100110
11001100011101011000010000111010
10110000000110110001101111001001
11101010000110100010000010110101
01110100111111110110101011000011
01001000000111000110000001111000
00010000001011101010101110000010
00011111101011100111100100110010
11000000001110010001111100100110
11000010111010010100000100000101
00110111111000000111011000001110
11000110101001111000101111101011
10101100111011000000100010010101
10101010000000001001011100111101
00100111111000010000111100001100
11111000111001010110100001011111
01101111111000111011110111011110
01011000000010001111110111000111
10010010001110011001000111101110
01101111111011101111111110111011
00001100100001100110000110001110
10111101011000110100111100001011
00100110001101010000100000110000
11101011010111000001101010000001
10000000100111101011100111001100
11001010010000010111111011110010
00000011001111110011010001100011
01011011101110011100101110000011
00111110111111010100100100101100
00001001100101010000010011111110
00001000111111001011001111100000
10110111100110111000100110111110
01100000111001011110101111001101
01001111011100000101101000000101
10001100110000000000010010001011
11001101110110111110110111100100
01100000100000111111100000100010
10011101010101000101000100110010
10110011001101001011001001110111
00010001011101001001101001001001
00000111110110101010001101111010
00111100010011011010000000010111
01100011100100101011111011000001
01101111101100001010111111001011
11010001111010010001111100111011
01001111101000110111111011111110
00101100010001011000110010100100
01011111001000111100100011010101
10101101000110011100101011100001
10000110000000100001110110111011
11000001111100101011101011011010
01010111111101100101011110011010
00110011101110000011000100100000
00101110100001001000110100101101
11011100000000010010011101011101
00000101011010110010110011001101
01101110101110111111110011111010
10101110111101001000001010001110
00111100010101000110110110001000
01110011100001010100011011011111
01110001110001001111010011110001
01001101101001000100011001000001
10001110110111100010100011111100
00011110001000001101011100100110
10110110011110001000101000000110
11001100111100001010001010111101
00101001011011010010111000101110
00100111000010100100111110001100
01101100000101001001000110110010
11000111010100011110110001001000
00110101110101000110100010010011
01010100110000010001000011010100
10101111111110110011100000110000
00001011010110000111101111101110
00001010011111101100000010100011
10001110001111010010001100111110
10001010010100111010000101001011
11000101100100000011111100111101
10000101000100110110000011001010
11110100010011010010011100110100
11101010010100011000010111100110
10011111000001110010101001011000
00011001111110010110010010110011
01110000000111101001111000000100
01011000010111111111100110000100
00000001001110100011110100001100
01010110101011000111111000010111
10010010011100011011111110001111
11110111111011100010011111011001
00110000100110000000100101011111
10101011001000111101011011010011
11000001111001001010110111100110
01010011111010101011100000100100
01000100101010011100101000011111
11110000011110010001110011110000
10001100100011011110111101110111
00111010100101001100011110001010
11100000100001010000110001011101
00011100000111010000011001101100
11000110011100001011110100100101
01010011011110010010001001101011
11011101111110011101110000110111
10001010011111110101010100101110
01101110010010100100111000001011
01011010010010110110001010101010
01001110110000100100110100000000
00001011110101110100101100100011
01001110101111011011011011111110
10110111100000100110110100011111
10110111001111011001000100001110
01011100001100010100110000111000
00100111010110110110100111101011
00100100100001001010011100000110
00011111010110000011100101110001
11011001111110101001110001010011
00010010010001110001000001110111
10000000000110101111111101100101
11110101000100110011001000001100
00011000100011011000001101111110
11100011110100010111110000001110
00011001110000000101101111100111
01001000000100111110100100101010
11100101111010111100000100110100
01110011111011100111111111100101
01111101100110001101011011010111
10010100100111100001110110111101
00100011110010010000110011000001
11101011000110101111111010011000
10001010010110111000101011101011
01110111110001110111101110000111
11111101110010010111001001001010
01011111011111101001110100010001
00101110010111000111011010110101
10111100001011001101011100000100
11001001101110110010001110011111
11011000101100100001000101110010
01111110101011111001111000001011
01101000011000001000000001100111
10001000001011110001110100010111
11101011101111000101111111111011
10001001111000110111010110100001
11100100011100110101001101000001
11110111011011101000101111110100
00000110001110110010100111111010
11100100011110001000101001000000
00100000011110101000001001111100
11011110010100111100110101001110
00111010001101010111100110111100
01101101010110101101101101100000
00111101111001100101111110110101
01011000110001001110101011010101
10100010100100010001001100011011
00000101000101110000000001100110
10111000011011001000000011010111
11001111111101110000111110011100
00100101110110011000010010111111
01001010101010111001001110011100
11111000100101101001100101001111
11100001100011110101001101111010
01100100011000110100101010000110
11011100101100001000111010110101
01110111010010101111110111101111
11111010011111111001110010110001
00001000010110101110001110111000
01111011100000000110010001111010
10111110001000110001101101110100
11000000001001001010101110011001
01101001010100010011000110101100
00101111111101110000000111111001
11000010010101100111011111101101
01001001000110000010101010000001
00001001111001100001011011111000
00011001100001111101010101110001
01010111000101001001111110100101
01110100000100000001001100111011
01011100101101100011011000101001
10100001101011010011101001000011
10000001000111110100111011101111
10000101100000111111001110001010
00011011110101111001111101101110
10000010100001111011100000001100
01100110111111101100101011100011
11101100101010011011111001111001
10110100100010110001100011011100
11101100000000110110100010000010
10011100100110101010010001110100
10001110101000001010101111101010
10111001110010111001011001000100
00101101011011101011100011001011
00010001010010011000101010101001
10011110110010111000001011001010
01001101111000100000010100110001
00000011000011100001110000000000
01010010000000101010010011001100
10001100110010001111001011100100
11000110000010101011111010110000
01010010111000010100010011101100
11011111111010000011110001100110
10110001111110010000101001111001
10000010010101010101000111010110
11100100001110000010001000111011
01111010000100100111111110011111
10010110010100011000001000000000
00100100111000110101010000111011
11101010100100111101011111000001
10001011001110111100000111001101
11101001000001101011001010010010
10001111010110101100011000111001
01011011101100000001010001101110
10111101010101010100011011111000
10000100110010010001110111110111
11010010011000000001110100010111
01110011001000001111101111100101
01111011011110110010010011011011
00100011111011111011001011010100
11011111101011101100010100001001
10111101101101101100001011001101
11110000000101000001001001001001
11100111001001111110100001011011
01101110111110010101100101101100
01001011100001100101001001000001
11000101100010001001000000010110
00010110000100110001011001100011
11010101110100000100001000111101
10101001101001101111001010100000
01000101111101010010110011101100
10101111110001010001010110110001
10010100110010011101110001111011
10001101111111100110000000111100
00001110111100001101000100110100
11001100011100001010111100110101
10111010100000111001011101110101
00000100000100001111001110111100
00101001000011110100100000110001
11010000000001101011100010100011
00111100000110110111010110000111
11100110101010011000000010110010
11011011111000101000111100011000
10001001011111101001011111011011
01000111100010110110000010101111
11000101010010000111000010011000
10110011000001110111000011001011
10011000101010110110011100011111
01111100111101101100001011100101
11001011110010111101110111111010
10110000110110010101111001110101
10011100011010100011111010110110
11011001011110101100000001101011
10000010110001001101111000101111
10110111101001011001100100110011
11010010000110001101110110100101
10010110000101111001111111010110
00000100101100110010011111110101
11110001101100101001000010011000
01011111111110111000000000011001
10001101101100011001100100101110
10001010000100111001100011101110
11deg=19937
count = 12452
MEXP = 19937
seed = 1153639466
search limit degree = 32
now search 1 times
count = 10000
count = 20000
count = 30000
count = 40000
----------
