succ = 1
deg = 19937
POS1 = 31
SL1 = 14
SL2 = 1
SL3 = 28
SR1 = 7
MSK1 = 7ffdffff
MSK2 = fdfeffff
MSK3 = fafeffff
MSK4 = 7efbffbf
11101010111100000011011001011011
11100100100001111000000101101111
10100101100111010110111101101100
01000001010000011101010101000111
10110100110100100010100001010110
00010111001101111111010000110111
11110011101000011000111100111000
10111101101001000100000010111011
01100101001111010110010111111011
11010101101110110000110101000111
01000000000010100100011000110101
01111100110110111001000101001000
10001100000001011110001001011010
00101111000010000110111000011010
10101100101000010111010001101011
01000010110011010001010011011000
10100010000001011110000101101110
10011001101000100011111010011110
01100010110110101010010111001101
00110100011001000000101001110110
10000001101010001101000010000111
10111011001000000101000111100001
00111011110001010010100011101100
11100001000011001001110011110101
01111000100110000110111001101101
10100001001001110011101001111110
00010101010111001010111111001011
00101111000110010010111101101110
11101101000111000101010100000111
10110110110010000101010010110100
00001011001111100000101010000010
10101110011010010100101111001001
00000100111110110000101010001100
01001010100011110011000100001101
01100001101100010001100010101010
00101000111010010110011100110111
00000100011001010111101101100001
10111010100110010010010111011010
11111100101011011000011011101100
00011100110010111011011000100100
00110101000001000001010010110110
10101100000101000100100100100101
01111011110010110000010001001001
10010011010000101110100001011000
00000111010110100110011100110011
10110001100111100000011101101010
10101111110100100111011000010010
11011011110100001010010110100111
00010110110001100110111011001010
10101010000111111110001011100111
01010000101001011010011100100010
00100101101010101101000101100100
01000010100110010011111001100001
00001101101010111001110001010111
01101011010010001111111110101011
11111100101100110100000011001101
01001101011100101010011100101010
11000000100100100011010101000000
10010100111100011101111100100101
01000001100011011001010111011000
01110000010000000010101100011111
01000110111101010001001010001110
00011010000000011000010001010001
10110110011101010100100000100111
11110111010101001000011000111010
11010010100011100000101101110000
11011010100100111100101010011100
11011010101000110101010110101010
00111111011001010001011111001110
10011010111000110001110001110100
10010011110001000100100111110110
10010100101100101001011010011110
01101111000011100101000000000111
01111010010000100101101101010101
10100110000000001001111101100110
11001111001111010100000011111011
11111101101010000111101000111011
11101001010010011111011011101011
01010101110100010110000000011011
10100011000000000111101100011011
01001101110011111111001001101001
11110001110011001011010001001100
10010000100011110000011011100010
00101010000011011110100100000101
10010000010111010010000010111101
00110110110011011101111000010111
11010111001001011101101000010111
10110111110000001001010111010110
11100000000101101110101100110110
01010001010110001011110111110010
10000000011001011100010010100111
11000101101100000110101100000111
10001111010001101001001101011110
00101110110000001100110111111100
11001001010110101110101110001011
00100001111110001101111010110100
11011011110000001001010001000001
10111000101110100010010100100001
11001011101111101000011011110011
01101101000111101010110010000000
00110111010001110101011110000111
10101111111111000010101101101001
01000011001110001011100111110100
10100101101101001101110111011001
11010000100011010010001000110101
11011101011110011011000000001001
01011110000001001100110011001001
01111001010011010111101010111000
01110101010011000011110101011110
10001110001011011111101010110011
00011100010110011110110011000100
10101001011000100000010011100100
10010000000111100110111000000010
10111101011010101001110110100111
00101101001111000110100111001001
11101001000000110011101001011100
10111111111111111010110100011100
01110100000000010001101010011001
00000111000101111010111100011001
11110100110100111101001110000110
01110101001000010000010001010001
11101011100111001001101100010100
11011110000001101101011110001101
10110011110100111000101001101100
00001010001101100000100100001111
10111110101110110111001100010001
11001101001110100011101100100001
01001010100000010010001100100100
10100011110100001111011011000111
10010011100011011000111010001110
00110101001011111001111011100100
10110001110111001000001010100101
10101110010100011010111011110010
01111010100011100011110111011111
01001011000011001100110100011001
10011001001001100010111100111101
00100010000100010011011010011111
01101010110101010010010111100001
10100000010000110111100011011110
10101100110101110111111111000010
01001000001111011110001101101001
10001111110010100010001011011111
11001011110110010111000101111000
10011100010011001010000110010001
11100011010001101010011001010010
01110010100111100010001111101101
10001011111100011110001111111110
01110010100011010100100010101111
10110111111001100010100011011100
01010001110001000001110110111011
00000100111011000111101011100001
10011000111011001011010000110000
00001110011100100100000110100110
11011101011100001000011110110000
10011111100110101111000011111010
01001100100101000000110100100110
10100001110111010001101101010010
01111100000000001011010111001111
11110110001110101110110101010011
00011110110110010100110011011001
10000000100100111001101010000010
00001100011101010010000010101001
00010010111101110100101010010011
11111101110100001111111001001101
10010111000100101100010110010111
10110110010111111011110000001010
11001100000001001001010101111110
10100110100101010101011110100011
10111101010011000111001100011001
00000111011100110000111001011100
11011000100100100110000110101100
00000100110000100100110011110100
01101100100010001010000110000100
11011011111101110011110100101010
01010001001001011110000000100011
10110100001011100111100001110111
01000001011101011001101011011010
01110101011001000011111001000011
00100000011000101001111110100101
10010111101001001010100111101001
10011101110010010111001101011010
00001001100111111101101000000111
00111100000100001111000000110111
00100001000110111000000101110001
00001011100101000100010001010001
11100110100111111111011111010001
11111010000010101111011000011000
11111000000010111000110101101001
00000101111000111011100100001001
11101000000001101010101010000000
01010111111011110111100011110100
11011011010110001110000010100011
00110111000010111110110011101101
00101011100001011010111101100011
00001010100010110000100000110010
01011111010011110100011111111011
00111101010101011000010110001011
01000110100011011110001001011010
00000111001111010011111000101000
00101011001111110000011001010101
11011100001011001110011100100011
11100010011000101000110101110110
10001111010010010111100100111111
10110111101011111000001100101001
11111101101101111001101010110110
00011101010100001011111110011010
01110001010110111101111101011001
01111100010001101100111111000001
11011011011101110011110111100111
10101111000000110010110101100101
00101110101000011111001111110111
00111111110101101001001011010010
10110000100101010101001100011110
01000011100110000011100000000011
01001101100111110111010001111100
11001000101001001001101111110000
10101001011101100001110011010101
10110010010011011000010011110101
00011000111100010110010000100111
11001101100011101010100100010001
11110001010010000010010100000111
11011010111011110010010001000011
11100111100011001110000011011110
01111100111111100010011100001010
10011111110001011101011110100110
10110010110101100110111101110111
10100110010111010010110100111011
00010000100110101111100001100100
10111000110011111000011111001001
01010111100001110001001101010010
10100101110000100101011000111100
10010001011000111100000011000110
10100101001111111101101101100110
00011111011110100110000101001111
10111010001001110111101011110010
11001001110110001111101010011101
10100110111111101111110100110000
11110101110010001010010111100000
00100011110011010010100001011110
00001000000111011101000000110000
11111010101110011110001010000001
11001101100001001000011100110110
11100000010100101101011100111110
11100011010110111100001111000111
01101111111000011001001010101010
10110100111100111010001000011000
10000111100011000101100010010000
11001001000010100111010101001111
00000110110101010101100101000101
01101010110011000000110000101110
11100010100010001111100011100001
11001111110001011101011010011011
00001110100001110100101000010000
00011110110101001010010000101000
10111011000011110010011101001101
01110111000001110010111011100101
11010101110110000000101111010011
11111111110010100011101110011101
10010101000100001101110011100011
11001110001111111010110000110100
10000110111001101011111010000000
11110110111011011001101010011001
11000011010100010101000111111011
11010100111010101001011101111101
11010110001101001110110010001111
11110110100001110111100101001111
11100011111000110011011010110000
00110111100110110010000001001100
00000100001100110001010101000110
10000010111101001010001001110111
00001101110111011010000101110011
10101111010100000010110001000001
11101101111111011101111110001011
11101000000111110011010110000111
10000001011110111111010010001110
00001010100000001001011100100010
11111110011011101101100110100011
00110010000101011011100000000101
10111111001011011101111001110111
01100001001001001010101100110101
10010010000010111011100101010010
10010110001110001000011111000100
01111000001101111111001011111011
00110100110010010111010000010110
11010110000110001100011011000100
10001111101111000010011010001001
11110010101011001010110100100011
11100010000100110100011101010010
00111010110110011111101001000011
10101101000011101010010111101011
00000011110101111111111000100101
11010110011100101111001101110000
11101011110011100110010101001101
11101111000110010111110101111110
10001000101011001101000001010011
11111110101110111000110000011111
11101111111101011000101001111010
01110111101010111101011001101011
10100101001101011011010100000001
01101010011100000001100011010000
01000111110001011010000101011110
10110001001000111111001010100010
11011011001001011011010000101101
11010001101100111010111110000010
00100100011000001001001111101011
00010001011111110110110100001010
01101110101001110111111001011100
01101101111000101000100100011001
11000110100110111100101011011010
00001110001101011001001100101010
01010011111001010111000110010110
00111001001100011001011001101010
01111110011000111011111011000101
01011110000011011100111110111001
01111101111011101111100101010100
10000110101001101100000111101011
10100000010010110010010011110101
10111101011000110101000110010001
11101011000000100010010000010000
10011010001110111110111010110001
11001011011000010100101000011000
00110100110011101111011111001001
11011110101110101101111000100111
01011110000011001011110000110111
00101001111000111101001100111010
10111110010011000011011001001100
10000100110100000111110100101001
01010101011000110000011110011010
11000110011100000100010000101000
11001111110010101000011011011000
00000010001010010011111000000111
01011100101011011111101000011111
00011001100010010011101110011001
01111111011100101110010110100010
01001011011111000110100000110000
01011100010100100111110000110110
10011000101001000110111010000110
00111001101100001101101001100011
10110001110001111000001011100001
10110001111010010001110101100001
10111100011110101100001010101110
11100010000101101110010000100010
01100000100011110001010000001111
01100111100110011000111110011010
00111010110001010001110011011100
01001100010001010010010111011101
10101110010101011010011111100100
10001100000111111001101011000000
11101000101110000101000110111101
00111000100011101011101010111010
00011101001001100010111001000101
01101001011110110001100101111011
10011001010101010100101001010101
01100010111011000101101001100001
11110101010000101000100110000001
11110010001010011001010111101111
01010101001011111101110001101111
11000011111100011011000011001010
00111000010110001010110100110000
10010001111010101011001100110011
01011011000011000000101011100011
01010111100111010101101010111011
01000111101000100101010110011010
11100101100010000101100110011101
00000000101001010000111001001110
00111010001100000111001011110010
11010001010011100010011011110101
10001111110101101111001010010100
10101001100000101100100101011011
00001001110100101010100010001010
01100100100010000111011000100011
00001010110001000000010100010011
00010111001011110111101110001111
00011110111001110101000001100001
11001110110111010000100000101001
01001001110011001000111101010100
00011111110000100111000000001101
00100111001101110010111001101101
01100001101001110100000110101000
01111000110000100010011011010100
11101001110111111110010101001001
11101011001111101100100000011011
01111100000001010101100101011010
01110100010011011100000101110101
10010001010010101100011101110000
11110110110100111100101100011101
00000001110110011001100100010001
00010001101110000101000111000010
01101100101010100000101011110101
10100001100100111000110110101110
00110011001010110111011101010111
00101110011000001110011000001010
00010010100110001100100001101001
11101100001000110001111001110100
00101110111000000110111110011000
00100000000111010010001111011111
11110111100011111111110010010111
10101100110100101101010100000001
00000101000000011101001011101001
11001010001010110011001111111111
01100111011100011111100100010111
00111001001111000110101111010110
00010100001100000000000111000101
01111011000110010000010000111001
00010011101100110111001010011110
11011101010111010001111010111101
00010101010010110011101111100011
01111000011010010111011001011110
10010111111111101011101011100111
11001000000001011010000110010101
10100111011001011111010000000010
11011000010011001110010011001101
10000101010001101010101110100010
00010010110000111111000100110000
10110111110010101011010101010111
01010110010100111000100111101001
10010101011110011101000101010101
10100001010100010001111111100101
00110001100011000010010000000000
00111000011101110110001100100000
10111001100000100010100011110000
10011111001001101010001101111000
00010011011110101001001111000111
11100110000101101001011000101000
11000001100000100010011100110101
01001111000010001100000011101110
11001101110000010110011000111100
11110100011010101001010100011101
01001101111100010011001111101101
01110000101000010111101111000111
11011100010111101110111011001111
11101101001000000101101000001110
10011110110001011001010001100011
10100101000110100000011100101001
10011000111010010001010100000010
11110011001011011010100000000101
10001000001010111111010101001000
11000101110111110011101110110110
10011001011101001001010110101110
01010000000100001010010010101000
00011011011000110110001010000110
01000101100011100000111100111110
00000011011100111011101001111101
00111011100100100001011000111101
01011110100001001011101110000010
00010001010010101100001101111110
01011110000100100110000011010110
00011001000101100000100011010101
11110101000011110111110111010000
01000000000100011010101100010101
10011101110011011011010000110110
11101010011010111011101101100011
01110111000011010001111010001111
01100010101001011101110101000110
00000111000111101101111110011101
01001111101101100100110000101100
01100011001011001100110010000100
11111001011101101010110110000100
11110101010000000111001110110111
00001101100011100111010011101010
11101011001110101110010100010000
10101100101100100101100111000111
00101101011100010100101100011111
11100001010101010000110111110111
01111101100000100101011011010110
01111011110010010011111000100100
01111011010100011110000110001001
10000110000110011101001100101101
11111001001101100111011101100111
01001001001100011011111000100111
11111100100011110000110111101000
10011100111111000010000100001011
00011111011101111100011100101100
01001110111011011110000000101111
10011001100110001100101110101101
00011110011000010000010110000101
10010001000000000100001000010101
11111110010010011111011101111101
11001000000001000011000101001010
01111100110000000100101111110000
11101000011110111001110100001101
10001010110011000000000000000001
10110101010100111110101110100110
01010000000111100101110100011011
01001001100100101001101010100000
01000111100101111011100001011010
01000100010000100101110100011010
00100001100100010010101111001100
11001000000001110011000010110111
00000110110101100100001100000110
10110000000101100000010111001111
11011100001001111100011111100111
00001011101111110101011000111101
10101011000000000001100101010001
10111000001001000100001001010111
10011011111000010100001000110100
01111101011010111110100111101011
01101110110100011010010110001110
00000101111001011011100111100100
11101001110011000010111000101001
00100110011110100101100010000011
11011111000111100110110111001110
10000000111101110001101101100100
01111001111111100111110110101000
00101111110001000000110010101100
00100011010010000001100101011000
00010100010010100000001010001001
10101000101110000111111011111101
00010011000010101000100110110100
10010011010001110011010010000101
11111111010111001110011100111111
11011110100111010110110011001110
00010000111111011110001010000111
11011010001101111110101101111111
11010000010011001011001000000010
10110011011011001011101011110101
10101110100001011010011001011111
00010110101101010100001100000111
01011101101010000100111100001100
00111001101110100111010000110011
10111011101101010011000101111001
10111000101001011100001000110010
00010101010111010011111111000010
01000111110110101100001001011011
01001101100010011110011101010110
01011011100101010101101010001011
00011011111110010110100110110101
01110010011100010000010111111010
00011000100010000001001001100001
10101110010000011111011100010101
10110000111001101010001101001110
00001101101001011111010111110100
00100001110001000111110000111111
01101000011001111100010010101001
11010101110100110110100001010110
11110100100110101100110011011001
00111010000101011011110011010101
11111000110110100111110010010110
11101011011101011110100000111110
10001101010100010011011001111111
11010001110011011101000010110001
10011110101011100100111111000101
11000110001111001011011100000110
11010010011110110011110110101011
10010111001011110100010001010011
11011011011010001001011101110001
10100101010000101011100011011101
11001000000110101011101001000110
11011001101110110001001110110001
11101111000010000010111111100101
00101000101101010000110101010110
10001001001100001111100101110011
11111001010011010001000011001110
00110000010111100101100100111010
11001011011101010000111100100101
01001110101111100110110011000010
01101011000110011010110110100010
10111111001110110011000001001010
01100001000011100011101110010000
10101011111100100111100100001011
00100110111100100011001111110000
00000011011100010101101001100001
11101001000110100011011100001111
01011101110011100100000010111011
01000110010100111110011010110011
10111001011011111110000100011000
11010011001010100001101111100101
01001001101011101111110101110011
01001000111001010111010011110010
10000110101100100110010110000010
00110110011101001001010001011001
00100101111110111100101011111000
01011100000001010111110111110001
10011000110010100001010010001110
01000100101111101010100001100111
11000111100110101100110101110010
01111100101011011010010111001110
00110010011101111010110010110100
11011001101100011010011001001101
10100101001111101001110100000101
10110011000110101010001101110100
11000111011101010010101111111001
00011101000010011011001001011110
01101011011001011111010000100110
11111010000010011100000001100101
00110010100100110000001000111001
00000110110101011001110110000101
10011100111110010001011111101010
00111100000000010001010010100111
11000001111100000101001111101010
01110010001110110000000010010110
10010110000100100110111110110011
00110111111010100000110111000011
11000101110110110101111011000110
10001111110010100011111101001111
00011001010111011111000100001101
11111011110001000100111100101011
01101000001101100110101100111000
10010000100111100110101110010101
00011101001010110101010001111101
00010100000100111110100011101101
00111000110100111000000110101001
11110111000010001100101101100111
00110011101000010001111101110110
11111111100110010110011000011100
10110000000101110011100010001110
01001011111110111110000110100000
11010001000011111111101111000100
10011011101110010100010101000110
11010101100110001111010010011100
10100001010000011100011001101110
01001111101011011001011101111101
00100010000110110010010101010011
11100111011011100000111101111001
10011100011011010001001000111111
01101100110111011011101101011100
11110110001001010001110000011000
01001110110001111100010010000010
10101000010110001010011101000111
00010010100000101001100110000101
01010000100010101001111011011101
11001100100110101110011010101000
00000101111010001010100000110100
01deg=19937
count = 6507
MEXP = 19937
seed = 1153507263
search limit degree = 32
now search 1 times
count = 10000
count = 20000
count = 30000
count = 40000
count = 50000
----------
