succ = 1
deg = 19937
POS1 = 70
SL1 = 20
SL2 = 1
SL3 = 23
SR1 = 7
MSK1 = ffbfffb7
MSK2 = fbffff72
MSK3 = feff5fff
MSK4 = ffbff7ff
10000100000001101001100110110000
11010010011011001010111111010111
00011010111010011011111111010010
01001111001111110111001000000011
00011011101110110101110110110000
11101000010100001101101101101000
01111000100001110100001101001101
10101011000011111011011001001011
00010110010011101001000010100110
00111011001111100100001011100011
10011100111110011001100110101100
11110010100011011111011101011000
00111010111010000011111110010001
10111011001110010110111000011000
10010100001001100110000111010011
01011100110101001111111011000001
01111101101110011111000110010101
01100000101101110111011101011101
10000100111110110101111000011110
11001101001111011001011000000101
00011111000111101001101000100001
11011110001100010100110100011010
11001110110101000001100110110111
11010010001010100110100111010110
00010110110110011100100000011011
00101001010100100110111110101110
11111000010001100100011010010100
10100001000110001001010000000011
01011110001101101111001111100110
10101000101010011001110100110010
00100000011011101011000011010000
10101111100110100001010110001011
10111011111010001011110111110110
01100010001111001100001111000101
00110010010011101000101010100000
11011011111011100000101001011001
01011111101100110010111111111100
10110111011011111010101000010011
11000111111110110101111000001100
00000001000001110001111000000011
00111000001100111111001110111000
00110111100110110001111011111000
10100111100100011100110001001010
00100001100111111001011100011100
01000111011000001111001010110011
00101110111110001011000111000111
11010110110011111111101111111100
11000000110010101111001100001100
11111000110011101011010001100111
10110001110001010000101101000000
00101000011010000000111101100101
01111001101010110010000100001100
10100000000010100011000001110001
01110111101010001000010101101001
10000100000111111001101100101010
10011100110010100000111110110011
10111100110110100001111001011100
11101000111101100100101001111010
10000111101000001001101100100100
01110010000100101011100101001010
11110100101001001011001101010100
00101001110011101011110001101110
11101011100001000000000010100101
11011101011101111000000001101011
11111001100000001111111100100001
10001011111111010000100000001100
00010101101001001001100001010011
01000000001110100110100101011011
10110100010001101010010101111110
01001110111101110010011110100001
00001101010111010101011001010110
10010000001111110010101010111101
01110011001100110100010001001010
00001111001101000010000101001000
11111101101101100001111011010000
00111010101010010010110100100110
11001011010111010000101011000111
01110010000010010010111111000010
11011101000111101100111100001000
10010000101101101010010110010011
00101010011111000001100010110100
01111011111010011101111111011001
10100011010100111111100010101010
01010001010111010110111111011110
10111101011100000100110011010100
01110010011111111110111011111011
10001010100011111110110111111011
00100110100101110001100101011101
01000010100001011111000110101010
01011110100110011011000110010010
10100110110110010100010101010100
01100111101011101100011100110011
01000101110110101001011111011111
10111101000001011101000100111110
01110010100001110100111111001001
00100000110111101011001010101010
11011100101000111010011000000011
00010011010110001010111100001111
11001010111011010010010110010010
11110100111011101100110001100000
10100011100001110101011010011101
10111110101100000111011000011110
00111010101100011101110001010111
00111111001010101000000010110011
01101010010011100110100110111110
11101010010101011110011111011111
11001101011101110100011101110110
01011010100100100110011001001000
01101111111001001000110010110010
01100001110011101000001001111001
10100001010011101111100011100100
01110110110100011110110000011001
01110011000010001101100111110101
10100000100011111100010010010010
01111100000011001000111001110011
00001111011100110101111110000010
10001101110010000101110010000011
01110000110100010101100000100100
01111101001001000110000100100100
10101101000111010011010000010011
00001100001000011111100000100100
10110110101101010000010100011101
00010000010111110000100000101100
10010111100101010010010001100110
01100000010111011111100101111010
11110111011011101001110011110001
00100101110000101100011010110100
00000110101000101110100010001000
01101001000111111101000000000100
00001011110101011111000111100101
00000011110000100111110001010011
00011011100011111111001101101001
11000110101110110110101011111011
10001011000111101111100000110101
10100010101111100011011010110101
00101011001000100000101100001101
01011100001011111111000000011111
00010101100111000010011101100101
11100111101001001001000101110111
11110001111000111010001001000110
01000000010010111001010100010011
00011011011010001111010011011000
00001110100110110010010101100000
01110111100100100000001010001111
00100110000011010101010001001001
11111010110011010011010011110010
10100000100011001001010011111011
11111000111100110010011000110010
11010101001001100110110101010011
11010100101100011011101110110110
01101101110001011101101100110111
00001011000101011110011100011010
01101010000111111010001000001010
00001110111001110011010011001000
10010100100000011111110111001010
11000010000111001000111100100010
10111111010111101001111001000001
00100101110011000111111010011011
01111001000010000101001110101100
10001001010001011110100110101111
10010101000101011101011110010111
00010110000111001001111110000001
01110001101001001100001111001000
01100011101000010100111000111001
01110111100010001001010111011100
11000001000101110101101011010000
00110111010000111110111000110101
11000110100010101100101011010011
01001000011010011101111100000100
10001011011011110000011101100001
01001111101000010101001100010011
10001100101000111001101100110101
10110010110011010010001101101101
11011010110100011000110001000000
00011001000001110001100101101100
00111100010010011001001100110111
10011110111010101010100110111011
10110001111010111000001110100000
00111100011000110111101110111111
10000001100101101111100000101000
00101100011001101000111100101011
10101100101111010001011001001100
11000110101000111111100011001111
11000010001001111011100110100101
10100010111010101110010000010110
10010010100111011111100100010100
01111001110110101011010000111100
01100100000010100100111100111000
11111010011111111011001001000101
01110000100100010011111001101100
10001010001111001010001111011000
11011010110010101001101100010000
00110000111001011110001000101000
01010110011011010110111001101000
11100010110001111101101110000111
10111011010110010011100110110100
01001100111010001100010111011100
00111000001110100101001100100001
11010100101011011011100010100010
01111101000001011011100001000111
00110000110011010000100010000110
00100101111111100010010111110000
10100110101101111111101100110111
11101011000001111001001111101000
01000010010110001001100001111010
10101001110011010010111100100111
10011100011000111101001100000011
00011100100100000111011011011100
11011100111111110001100000110000
00001000011110001101001101011101
11000111011110110001011010100000
10110100111011110010101001000101
11110111011001001110001100000010
11000011001111010000001000100011
00100100111100010101110010000100
00011111110101000101101011000001
11001000111110110011010001011101
01111110110110101101100001000110
10110110000110101111100010001110
01000010010011010011010101000101
11011100011111001101100000001100
11100101100110000110111100100110
10010011001000100001100101000000
00100010110100011001000111001010
11110001000101010101000101110011
00010000011000111100101110000100
11010111001011111100010111010010
11000100101100111000001111000100
11000110011000101101000100011110
00000000111100001011100110010100
11110111011010100000110101100001
00110000110001000111110011011100
00010101101001101111001000100110
11010000111011010000011000100111
11000000010001101101011010010000
01110000001101010111001001101001
10101010001011010110011100000010
11001011110111101000111111110011
00001100010110100101011010100100
00100010110010001010000111100111
10100011101000010111001101001010
01010000100010101100111100100100
11011011110010101001010010000110
11010110100110101011000011111101
01100010000011111000011110110101
11110110110011010000011101100001
10101111110110010100000000010011
11100011001001001001000010010011
11101010110101101000011110111110
01001011100011101100111110011110
10001111000011100001111111011011
00011001110111101110100011100000
10110001010111011001000101111110
00101010101100101010011110111010
00111101001101100000100110001111
11100000011001000010111011110101
10011010100010100110011001111100
00001101111110110010101101010010
00010010011101011100111111101110
10010101000000011100110010101110
00111000110101000010010110000010
01111001011101111100010100101000
11000011101010111011010111100100
00011100110010010001111000000000
00011111010001000101010110111101
11110011110000100011000111010011
00100111110111100011111010000111
01101000111011101111001100001001
10111100111000111101111010101001
01001100110100010110000110100111
10000111100101000000000001011001
11000101110000111010000010001110
11011010011111001011010011110000
11001010010000011101111101001010
10011111110111101011001010111011
00001110001011100001100001010001
10001110100010000010100001000101
01101001001001010100100100110110
10011001001010010101001000110110
00100101001111110011010110111000
01001100001110111101001010000010
10000100001100011101011110000110
11000110111111001100001000000100
00100010100111000001110100000011
10010000000011111011011111000001
01001000111010001000111100010000
00000001111100110000100000000101
10000011000010011010110100100111
11100010100011001011100110010000
01011101101001101100110000110100
01010110111000100110100101010010
01111000100111001111110110110100
11111111100101100101110100011110
10011011111011000010010011011010
01001111001011001101001100101110
00110010001001011001110110011000
11110010011011101111001101011110
00001110101010010010001001000010
11011000100011101010110110111110
11100100101101010000101100110110
10010111010000111011000011000100
01001000100010010111000001000000
00010001110100010001010011001101
00011001000101110001001101110100
00010001001110001001001001110011
01000100010001111110010100001110
10111010111100000010110101010101
01100010000000001110000111010111
11001010111001110001011010000110
00100101110000000000111001100001
11000000111110100000000000010100
00000001101111000111011010100000
10001110111101001110101011010010
00011011011011111010110111001010
00100111110111001011111101010001
10111010010101001100010111001000
11010010011111011110000110110010
01111100111001101000101001111010
10001000110010110011110101011100
00010110011010101111001001010011
01010100010101011000101111001110
01111010001111110101100011010101
01100101000001001000010000101100
10010110111101100000000111000000
01100011100000100010011010111010
11010000010110011001010011100100
01111000001101100101001100011000
11001010110111101010101011010001
01110000101111010111101011101011
01110101100011100011111110111110
11011101000101111011010010010110
10100111110100000110010011010100
00010100001010010001111011100010
01100110111001011100011110110011
11011110110100111011000100001100
10001011101000110101111000111110
01011000101100100011001110110110
11010101001110011100101110010111
01100100100100010101000111100000
00010100111111100101011101001110
11110101100011111110111001000111
11011010110100100010000101110010
11110101000010111111010100111011
00000001111100111001010000101101
10100010101100101111111001001001
11111111000110010101001001100101
01100000101011010100010100000000
00000100000100000000100010111101
10001110010011001100000101000001
10011110110000011001011011101110
11001101001100000101111011110111
00100010111011001001101111110101
01110101000100010101111101111000
11000001101000110110011100101010
10110010111110110010111100110111
10100100101001001001110101101000
01000011011101100010000100010100
01111010000010100010011001010100
10001011101011101100111110001100
10011000100101011100010110010010
01010000101101111001011110111001
11111101100011010100001011100110
00110011101100110000101110110011
11100110101011000101010000000010
01110011111000111100101011011111
10100100001101001011010000101110
11110000100001101110111110010110
00011110000011001010111101101111
10110010011101100000100001101100
00111101000101000101101011101000
11110101111011011111000000000000
00001110000110101001010111010010
10011001000001001111100001011110
00011011010001010001000111100101
10001101100100101100010000001011
11110110010111010111011110110100
11111100000110111011111001010010
00001111011011101101110000101011
01101000100101000010010101001010
01100111000010101100011000110111
01100001111111011111111010101101
11111110101111110001111100011000
00111111110100001100111011001001
00011111010001001001111111010010
00100010111000000010010100110011
11000001010010001011010001010000
11101000110111001111000001100100
11001110010110001101000110000100
01100011100101111001010101011001
00101011001010000100111010010110
11010000111100111111001111000011
11000000110111010111000000010101
00000100010110001010100100011110
10110101001001100110110100010010
01100000000000101111111011110110
10100010000100101011011100110011
00111011000010100000101101010111
01110100111010000111011110100001
11111011100001011110011000111001
11001011100010101101110001010110
00110011000000110101111101010000
01100100101111101010110010000001
10011111110011000101110111000110
10010011011000011011101011100100
10011111111111111110001110010100
10101110111001010110000000010100
11010010101001110111010011001001
01101111101011001000110101010000
00100100001010110010110000001001
10000110000111100101000001111000
10110111100110101011011010000111
11010100001001110111111110100001
00011010001111110101001110000110
10101101000010011110001001001010
10111011000111101000110110010010
00001110001101100111110111110111
01000010000000110001111010000101
00001100111001100101110101111110
01001000010000001000100011010010
00100000001011010000101010100011
01000010110100000100110011010101
11110010000011110011111010000110
10011011011001110110100101111011
10000000010100110001110000111110
01010011010110110110101110011111
10101001101001001000001110110001
10101000101101011011100111011100
11111000101100110010100111111100
11011110010110110101100111101001
11100111011110101010010111110010
10100010100101000101101001000010
01001001101101111110110001011001
11010111101101010111100111011110
10001011000100110011110011001100
01011000111001001010111011011001
00101100001110001001001111001000
00000110001110011100101110000101
11000011111100001010011000001011
11110011101010111011011110000110
11110110011010010100111010101011
10001010101001010100001001100110
11100010011111100100010001101011
00101000100010110101011010010110
11001101011001100111011001100010
00000101011111100001001001010111
10100110000101000110000010100011
00010101111100001110000000010010
01110101011101101001111011111111
10101011001110011111110110100001
00001100000010001010110011100110
00110111111101110000110101000101
10011100111001110110000001000000
10011110000000110110101110111001
10110110111101001001100001101010
11111000010011110011111111000000
10001100110110010011011000000011
00100110111110111100111011101011
10011000010000100111110100101010
11110000100101011000110110101001
01101110001101100111001100111001
10001111011001010100000110011000
11110111101001111101100010111011
11010011111110100011001101110011
01001011000011101111000101011000
10011101011011110101010011111111
10011001100111000010011111110100
11101100111001111000101011001110
11111110000000110111011100100100
11011111011000100100100110010110
11110110011101000011110110001001
00001100101011101100011000001001
01011111001100110000101000001101
00010110100100110011111001101001
00001101000011011001010111000010
10000100010010010010011011011001
01111111100001010011000000000100
01101110110001111001110101011001
00000100101100011000110101011101
11111110110000001000110000000110
10001100011101010100011000110100
11010101100011001100101100100001
11111110010100100000000001011110
01101010110111001000010101110001
10100100000010001011010001011100
10001111100100001100000011011100
11101011100011000111000100100110
01010111010100000110100100111010
00011000010111010000111100111101
00011110111001101111110111101011
01011101110001100111001011100010
11111111010010011000100100101101
11100110000011000001011101101001
10011110111010110000001011110000
11000111010111100101000110001000
11110011100101101110110000110110
10000110100101001000010101101100
11010010100010111010100110011010
01101000100100010011000000010000
11110110100010000100111101000100
10001111010101001010111111111011
10110101101010110000001110011100
10101001111101000111110110000011
10001110110000010011001101011001
00000101011111011110111110011010
01101011000101101000100011100111
01000001101011001001101011011001
00010011011010111000111110100100
10011000101101101001000010100010
10001111001011000111100100100001
11110000101111110111011111111000
00010110011100101000111111100000
10000110101011010100011111110010
10011001011110001011011100000011
11001011010001110101111110110011
00110111111011010011110000010100
10110011001011011111100110111111
01110110011001001111101100111011
01100010001100010111000010011100
00110001010101111111111010111011
11110111111011001000010000001111
00110000101010110000101110011101
10001010101001101010010101111011
01000001000110000000111010100111
01001101001010011001000111010010
11011110100111010111110001001100
10001111001101011000011111110111
11110111110000010001001010100101
11011110110111101000111110010000
01111100000101001111001110100110
00110110010111110001000000000011
10000101111100011110000111000110
10101000011011110100000000010010
01100111010110101100001111101101
11111001000001101101101111010100
01010101001001110111011101011001
10101110101111101111000100111100
01100000100110110010101010100000
00101001010010110101010001001000
01010110101101001010001010000010
01111001100101010011001001001010
00111100010100111100000111100110
11100111001001110101010000101101
01110001111000011000001001001100
11110100011111111111000000010111
00000010100111011000110111101111
01101010001010000000100001111100
00010011011100110111011011111010
10001111101100110110110011011111
00001100000111001000000111100111
11110010011000111010001000000101
11111110000110010000010100001010
00010001100101100010101011100001
11001011100000010111111101101001
11000011110100101100101101101001
11010100110110101010000001110011
10110001111010101011110101111010
11100101010100111011100010111000
00011100110101100101100000001100
00100110111100110001000110000100
11010111000000001111011111111011
00101011001010010110111100100010
11011010001011001010101100010010
00000101001000001110011100011001
01110111101111000000111101011011
11010100001010011000111110011001
10001000100100001011101010000111
00111000100000100110001001010101
01001100011001111111101000111101
11100100111000101110011000011101
01001000001010100100010110010110
10111011101010111100010010100001
00001010001011000010011011111110
11011111000110100001010001100001
11001110100110010111001100101110
00111111101001100010010000001011
01001101010110110100110010010101
10000000110001100000001101110111
00011010000010111111011100000000
01111000011010000111011000100010
10100000110001101100110011000010
10010011111001111001000110010100
10110000100001101010000110001001
10000001010100001010010000001000
10111110000011001100100011010101
00000111100111000100010110111101
10111001001010001111110100100100
00010110110010100001011011011100
10110001000110010000001110100010
01001011100011011000101100110110
10010100000110011001101011110010
00111010101010101000001101101000
01010001011011100111000001110110
10001110000010011011001011111000
01110011101100110011000101111000
01101001001110010101101000110010
00100100001011101001110001011110
01010000000010110010001100100101
11100110001111111010010010110010
01001100010110101000001000100001
01000111011010000101001010010101
00000110111100111011100101011010
10100010000001110101111111110100
10001101010111110000101001000010
11110011101001100010011000011111
10001100111111001110111011101111
11101001111110010100010011011110
00011001101101101010111111000110
01001101101100111001111111000101
10011110011101010111001100000110
01101001000100011101001001101100
01101101001011101010000001100111
11100110010010010010001100110110
11000010010011100101011000100010
11101111111001000101010000111010
11110111111011000110000010010010
11000111001010010000010100001110
11011000111001110000000011010000
11111001011111001100111110000100
00101011000000010000110010111000
00010011000111011001101001010101
10111011111010000100010111000000
11101101100001110111101011001111
11101100000111001111101100111011
01deg=19937
count = 4934
