generated randoms [0,1)
0.43037718917794243000 0.86626207552792200000 0.21031612179540371000 
0.49022844825609546000 0.30339220044689674000 0.00901152858029319330 
0.13284137388635608000 0.90737800776688959000 0.50768752874312906000 
0.70055282204879754000 0.86925540715911476000 0.06979036426079332500 
0.83918827387135875000 0.61169406194879827000 0.43993985200000685000 
0.34916931266421236000 0.14623594578091215000 0.70145131470532629000 
0.82413365633642188000 0.23163212074393735000 0.02259384621236804100 
0.27024232425324612000 0.32258613145946202000 0.04809796221161444200 
0.93250745119104717000 0.38129773271383294000 0.25352039070375265000 
0.38813952324880896000 0.06566173251735874000 0.12090737161507703000 
0.58457552826632275000 0.08486598603574746500 0.11800365652813505000 
0.09776701332743020800 0.71375723291489379000 0.03027124841814665700 
0.12789842490397185000 0.21450798498880741000 0.27831691946101800000 
0.25887003833385891000 0.34620672207757797000 0.10919969967563703000 
0.42014698730018374000 0.60540072906583609000 0.83585795843580035000 
0.12007478075996980000 0.71647743542105125000 0.89998394149120431000 
0.51803811041683501000 0.49741888329203587000 0.55872260274345242000 
0.81415138930673780000 0.79856735796417522000 0.50292015720755123000 
0.10387288803263761000 0.93055716717041626000 0.87501029064572622000 
0.58301257331988321000 0.59775539283920809000 0.36162547298825687000 
0.60774067425819100000 0.65861761562033450000 0.73492286500339632000 
0.15071506087796904000 0.16723669273133113000 0.71518140208595882000 
0.66829915203896761000 0.27720926475976904000 0.68699753183622492000 
0.12494575441445943000 0.13878606655411918000 0.37251433115351928000 
0.35393187678579219000 0.64497862541848860000 0.04184840127808531200 
0.30899991985816344000 0.42298738170006822000 0.30642560563245591000 
0.39452076550341797000 0.42857103408975861000 0.51272052468602136000 
0.60846387114428779000 0.24216167278106471000 0.82045614789645072000 
0.47652121162182759000 0.90592589362498366000 0.01162027937260412500 
0.91868002987575137000 0.44416106579376780000 0.61268657523143633000 
0.33313193566587063000 0.98396260109865041000 0.17582562277247926000 
0.81035800116421131000 0.34500549350660292000 0.57193136459308924000 
0.87760404289073635000 0.58834058685499757000 0.27363973342479686000 
0.27223460142301614000 0.77533508979475396000 0.59333964168106701000 
0.48389510809629499000 0.97761111999590899000 0.09547897895481916000 
0.90960707393350404000 0.68541052784634293000 0.71838244809483598000 
0.97588454634256006000 0.72393698769554882000 0.76289684839956196000 
0.41829604493970041000 0.01260705739178491500 0.88826458015686516000 
0.34231269747654314000 0.53687596570563323000 0.06786856461410151200 
0.71023386248467468000 0.44443025760274102000 0.30522986080948145000 
0.69667885461660162000 0.01020517357619876700 0.00733259121303575510 
0.99886283793905384000 0.17454270470165612000 0.09682288302923791600 
0.33058484570947688000 0.89787259822061061000 0.36618716558698683000 
0.59364419460906404000 0.61712200469475831000 0.60387763069325162000 
0.95419583692413679000 0.54295567232363395000 0.90515916163179488000 
0.14515794183846031000 0.15946959939368299000 0.30753629636561608000 
0.86477977518732541000 0.92226082638874596000 0.07454777655465827400 
0.22255697312223321000 0.92063234066145627000 0.76729732217280877000 
0.58686645963081818000 0.61226971912619010000 0.96763108103625850000 
0.97187914126908548000 0.31341319319623628000 0.03714015297246908700 
0.06043813180460033700 0.51469485071841170000 0.74248719754532488000 
0.85147391158246633000 0.63409116380760921000 0.37255266425895139000 
0.40306640777961533000 0.09820262375174793100 0.93535199987676920000 
0.18174225651510434000 0.02412529159134790800 0.49901552037846475000 
0.52551264972248712000 0.19291581150368664000 0.39794730526673261000 
0.12164289350844704000 0.52148966324059121000 0.04821438908964093000 
0.63752068572729748000 0.97820374800185994000 0.54915007916577308000 
0.95830952269982883000 0.55396301564663863000 0.22720515386891749000 
0.16182729304701238000 0.07993863577384252600 0.53492867051991499000 
0.62060718689212946000 0.52844503663595810000 0.99509973655260064000 
0.43230116155298792000 0.08480595939888901900 0.18748268178720506000 
0.39738436898897622000 0.46502823248765668000 0.25635626891600016000 
0.71347080539680707000 0.48820756027392420000 0.52444407993943210000 
0.26058897439668183000 0.13178505027812482000 0.12098229046375364000 
0.91948430201078013000 0.58541177471780359000 0.09518253996791337100 
0.88030182805049839000 0.82424126084710037000 0.55193529425090992000 
0.51149063336770695000 0.81909842067073901000 0.72895715621836055000 
0.40735328791832459000 0.21137583511535807000 0.60616295860913416000 
0.67668220976824900000 0.89369270007885304000 0.84040073497634937000 
0.13823360393693518000 0.19652107436159305000 0.38061746120068141000 
0.32301720001889489000 0.52388740620531293000 0.35302306105846748000 
0.89531961540929483000 0.30716956168598131000 0.80680977909739604000 
0.23918194459929865000 0.32698194037267925000 0.35238597906924252000 
0.43280027706486601000 0.21827637998934457000 0.61275101891229711000 
0.76894561949094453000 0.99443328216178029000 0.40199217962915723000 
0.47627032292662808000 0.95971236975379837000 0.52526875764840875000 
0.62955210048600985000 0.91653291660670222000 0.52666861811659382000 
0.10638775905520581000 0.41104674881567571000 0.05325883112070162200 
0.82993638649384005000 0.35115079586723486000 0.23418271250182099000 
0.66768915910659898000 0.17988958467439864000 0.75568812113169392000 
0.11673069209044495000 0.65926078983807135000 0.69540895632494060000 
0.55705413650243885000 0.57195196767856826000 0.39511422840021160000 
0.68449312056731482000 0.33520185596929775000 0.34763910549208754000 
0.05736909394711275900 0.92098456033439913000 0.42285419348091224000 
0.79496628119955726000 0.99267200294892910000 0.79171902228996194000 
0.02189508330677436600 0.65421026541362304000 0.13866595975047025000 
0.20445882069342547000 0.78690486493432976000 0.49317419957308184000 
0.37917393320090809000 0.30225776708845076000 0.66333178322581343000 
0.50896058700319391000 0.86243317393876628000 0.04582471117510467100 
0.29056212649434632000 0.80648217856687987000 0.18437067484219649000 
0.24995168054193573000 0.05864669622945406500 0.20266570538385520000 
0.29696753601989512000 0.67516858753189846000 0.95552239442037812000 
0.90678496502767980000 0.50240963266258332000 0.29142482391600355000 
0.40527382858080307000 0.80177597227230257000 0.29458825510676090000 
0.15858418026161880000 0.17535321511380308000 0.81772476826713958000 
0.16841555977273392000 0.19709860694016279000 0.26192161593174546000 
0.78615846976408443000 0.30319335710048878000 0.84921098391097694000 
0.46409482927633872000 0.44157114178552193000 0.59232900971634028000 
0.63740123835831985000 0.22836144448031037000 0.74031887691041742000 
0.52473146644571722000 0.83213198467737981000 0.46443855087571473000 
0.57280663097159779000 0.78535841631624148000 0.65713351421436861000 
0.80716473983231785000 0.04072144245345787900 0.97956771626763461000 
0.86816994257777758000 0.14008474444433472000 0.40403174419790155000 
0.19245376013928395000 0.97392150307966596000 0.16534535971095310000 
0.72114569730394007000 0.26544490587528502000 0.67862716823388758000 
0.83996704448421688000 0.56683686895945518000 0.82812859844084996000 
0.12619579347952059000 0.31829990138191944000 0.87397275219176973000 
0.11281451983964086000 0.83129472145716066000 0.35796121328036468000 
0.37786950037964195000 0.83503823496477292000 0.25395754164094764000 
0.78257002370192841000 0.94844919080584078000 0.21794896983583611000 
0.85668282696841125000 0.08958865736588306200 0.26168480395909999000 
0.94145774807891081000 0.19771872384072564000 0.17361099947386083000 
0.40985774786942475000 0.14144172774733699000 0.81372822125984601000 
0.92045552171571843000 0.78747554134453868000 0.61549557245945774000 
0.32361581734237110000 0.65179446392828111000 0.78502365362026771000 
0.48717357600731481000 0.50151177195645724000 0.21067225942402845000 
0.27102205672405599000 0.46072210184032536000 0.52533123516014757000 
0.40214631441965865000 0.94894555614650322000 0.51269859771537418000 
0.58844663821333265000 0.78305874441942480000 0.11804005126621653000 
0.07269665488384524600 0.31565564158325943000 0.67790525882704999000 
0.41911470695701514000 0.99210873886362938000 0.63153396898384062000 
0.72813323650640771000 0.50464426817770880000 0.19653193743535868000 
0.59992607829247691000 0.83845795342058427000 0.53898981329398077000 
0.12140590410653673000 0.71578199225787231000 0.55151892428881810000 
0.47828390235262019000 0.22065585472274907000 0.71859688407236044000 
0.29520439035414836000 0.32862933182308862000 0.53529428936402912000 
0.07696875236416489400 0.36740063940796852000 0.19740341888034507000 
0.15666033433981053000 0.26691971303091355000 0.20723319391605433000 
0.68615271624014884000 0.86889126043632436000 0.96710309822895613000 
0.17192717899005849000 0.28727043537196173000 0.98976284699861750000 
0.27110862205656239000 0.84684484361626278000 0.29715634555824555000 
0.23731752109382698000 0.19294732260888758000 0.55919441797703495000 
0.51208064396846131000 0.57774534469129901000 0.64492819404175483000 
0.22972326674817922000 0.40719863414181301000 0.75938579949520157000 
0.89595891826289975000 0.91674164372740163000 0.69118364380487440000 
0.80173199728644606000 0.91877588176431524000 0.37717830665885654000 
0.73706580760260221000 0.96076269074160092000 0.24089650978153498000 
0.53096281205140428000 0.81610003071517623000 0.26447464807819965000 
0.94506002543606327000 0.83699220510062533000 0.57076448311086048000 
0.10764097694830843000 0.84565344880585047000 0.68353484842749723000 
0.93541287895903502000 0.71713047969659915000 0.62278075653627574000 
0.79600871799779926000 0.37459555706954184000 0.42548436368632703000 
0.38999943060206710000 0.10198005064668303000 0.24909722323276284000 
0.01600068717670155600 0.60796688370978713000 0.76658070119057564000 
0.54444691129129996000 0.33601953222830727000 0.49671809823108792000 
0.63921369594571043000 0.98425403147969592000 0.41083207088255747000 
0.79757497945233902000 0.53391713600865698000 0.49827839085950232000 
0.44099848290365862000 0.68150628938049418000 0.20796033495550348000 
0.24961449117686474000 0.14358144245707183000 0.64634942066477907000 
0.89305704182642365000 0.87098754017338798000 0.25593142627910237000 
0.12599808414575353000 0.15349466166017001000 0.63666623972635317000 
0.89654082574979421000 0.09594413074877472500 0.10181970399837503000 
0.30896688298845132000 0.21747771816999006000 0.66916611896341749000 
0.38089423939172384000 0.60741264607645773000 0.00031026709631643001 
0.39775593977122781000 0.03193948633022913900 0.59194679566878916000 
0.40167586042982029000 0.65950829962183377000 0.10481839368370438000 
0.87319807323274867000 0.37636109156524000000 0.36059006794946113000 
0.59589755044528170000 0.23360159623124810000 0.87208268034412706000 
0.41889221906651386000 0.80015221622272281000 0.48555768541738176000 
0.33773338991766733000 0.82661000631712400000 0.27433931106923715000 
0.28658498026552937000 0.24753758857843855000 0.13444917739401330000 
0.39928318057051615000 0.42010734764272284000 0.82228447730910181000 
0.28648691453784858000 0.08378888623723468300 0.85400339447849904000 
0.73261328061778785000 0.43768507579888660000 0.28126017476217147000 
0.76465639636903338000 0.92024764225146427000 0.60707400231690700000 
0.63648726231418684000 0.04254430086801774800 0.26876528372293285000 
0.65869345230406773000 0.38436379146920263000 0.98159588236920148000 
0.23466753135731877000 0.47631408282356280000 0.83408082509216608000 
0.88001445759168351000 0.59824069435294369000 0.14410888391291787000 
0.39109852133018386000 0.19058596902701308000 0.26737693663390272000 
0.32507867087439091000 0.01767108561371122400 0.77666680265854660000 
0.83438402478398599000 0.74946692678842064000 0.77076553576551077000 
0.42293177862817966000 0.16505566119195314000 0.23709778029725093000 
0.42231171280426949000 0.73898213888445574000 0.12946110766114849000 
0.10918539842899344000 0.30495508891889567000 0.18522253371292097000 
0.39387318357683010000 0.02091318849488388300 0.37399703749281343000 
0.20250386892601635000 0.76416076685464884000 0.63468707334833896000 
0.80450709223809169000 0.84851905165713459000 0.56761487529776145000 
0.33421246308772479000 0.59184338063222319000 0.51604209834581982000 
0.62554272461393556000 0.30652974087485774000 0.87872207741730701000 
0.10718444944752070000 0.50218408095146461000 0.58519594201794822000 
0.15482553539903998000 0.33163647152797227000 0.70123397149211186000 
0.92117255977772694000 0.62882525546379209000 0.18459397911558573000 
0.27759157764019871000 0.98080933677658466000 0.42535895654626033000 
0.52275031804347183000 0.26615807621510390000 0.59791161905380918000 
0.90262711694380937000 0.69041340558992248000 0.80492193965585668000 
0.75589503548780845000 0.22039522225441299000 0.10733323300965991000 
0.34242257378513519000 0.71032608698809629000 0.90344158949944076000 
0.60839401520405878000 0.91462674549283185000 0.75439224703021135000 
0.59546031474387329000 0.20330178700008594000 0.74845606143262566000 
0.47541087051299002000 0.99614021274654796000 0.95390011599626057000 
0.00642985760511627370 0.39148126875951084000 0.74223616478152810000 
0.09542551243669206200 0.12172340063655906000 0.33753311975885869000 
0.37032634532527409000 0.24127564312104477000 0.37891467313551841000 
0.19674906315933005000 0.10917686459654585000 0.59758237437014960000 
0.01729800364202382900 0.04386809771621069700 0.64841520985183076000 
0.10860301990552346000 0.11187271304685042000 0.13380504367138957000 
0.61388014636017263000 0.40665798320861390000 0.22355970762356137000 
0.22852452792286027000 0.78187976033343887000 0.09146351141517361500 
0.89758165311187676000 0.36528169399348243000 0.18429773055790788000 
0.04755960939578241000 0.47224684741086076000 0.73783413947266441000 
0.92670236118569727000 0.25082113252317817000 0.22734989326832822000 
0.85774151071009297000 0.87738347773598524000 0.42188200245519503000 
0.98454285253919616000 0.96466201644044536000 0.06288985924158674300 
0.90004317823881008000 0.20718817236241205000 0.51860481665324332000 
0.08060838125624747400 0.06673108003343530800 0.51259421211850986000 
0.17661116038038549000 0.97935732576152024000 0.45898612504763525000 
0.84389380693204585000 0.05816872523116822800 0.27956710548645058000 
0.83763595591827866000 0.42003271464880876000 0.94492837098761506000 
0.75527968780056520000 0.56050443257889326000 0.21751810197332122000 
0.76204448288578019000 0.36390692988968620000 0.95929181911167127000 
0.48934789761450448000 0.40886381010097606000 0.39222118419906460000 
0.51459906692932789000 0.01152327017249033000 0.59462953316206035000 
0.18836060535051846000 0.73923111762905158000 0.31538626818556947000 
0.61771855585299962000 0.60598270719499325000 0.90130828040708044000 
0.79732607932559563000 0.11609745597639387000 0.65811570668270436000 
0.67139128614245602000 0.17970285273696351000 0.48550743325448131000 
0.35041368548328311000 0.15857871303412141000 0.01948805996149194400 
0.78335128307421664000 0.38622858489640310000 0.49524754859211062000 
0.46920816537088061000 0.91829953989929436000 0.17501790530543593000 
0.20190137869106328000 0.88533676171829057000 0.19724412741187236000 
0.57637311678892789000 0.62639529099906555000 0.96372253475953618000 
0.61776980619610367000 0.72430573468440884000 0.76487399332762518000 
0.36337866283078668000 0.88584220581883666000 0.04277490447538201400 
0.99598061878240984000 0.33151228779447939000 0.56959351562455551000 
0.13821607971498140000 0.09542322721190532600 0.63343613951369515000 
0.58576407333556935000 0.23430878589514581000 0.74102502798905445000 
0.37807957580368701000 0.64830500510059541000 0.16850176431889552000 
0.78221840611463223000 0.46116552961844826000 0.93107096219995689000 
0.29235506274545031000 0.80919209404599846000 0.88448593901964823000 
0.64689748009720294000 0.69903315015877787000 0.97262789440263764000 
0.99155932256782187000 0.87208478670387612000 0.95848415618751304000 
0.40467894527168213000 0.83740144687015450000 0.87769241036154133000 
0.25716331406444204000 0.08488722593365438700 0.46034367316158553000 
0.21392862824825687000 0.25293894268751305000 0.25850406558720995000 
0.70099967899693572000 0.34590018208502338000 0.41562836175737417000 
0.19966827105328311000 0.50857908166260768000 0.39586891187933548000 
0.76253577714204801000 0.80218290178539009000 0.73569867229424224000 
0.81538891415523285000 0.52738003023298208000 0.43026470927932414000 
0.91454414846099064000 0.75787706895983353000 0.42248614760090830000 
0.92493623174272432000 0.69965025977454776000 0.48929358707382020000 
0.69113184259460447000 0.12653264894171756000 0.42950420269619016000 
0.43338312416341407000 0.75060444418505590000 0.13506305649384864000 
0.55565786354080515000 0.53297416138834341000 0.16815129510173499000 
0.74347896611555964000 0.18578590733633193000 0.32466258989824803000 
0.28513776229047649000 0.87381499987735944000 0.78987178144812464000 
0.26950068611145861000 0.01655440628092486000 0.12429037450347402000 
0.91260732508158959000 0.76682186273933484000 0.81200276645121083000 
0.93354181452076856000 0.98066595137658852000 0.58882314824481741000 
0.56517215100265572000 0.95276700015648763000 0.81126050003225658000 
0.38202650719451370000 0.85954511262597966000 0.35572396199896761000 
0.21297990801005762000 0.61587089681622320000 0.70383567692937321000 
0.84970898051607269000 0.74762051083311243000 0.78134600776134655000 
0.87968834068593393000 0.89702756181645626000 0.86542903963299200000 
0.40113735195515332000 0.49076366174731256000 0.20548409911360310000 
0.51198804271683396000 0.17610302115515641000 0.79082958707753792000 
0.44287323461421990000 0.85572115327137377000 0.18482540247034951000 
0.66161254400593217000 0.76838980760140974000 0.21629228150308544000 
0.08417023859132277700 0.54969588771914069000 0.15177088489691659000 
0.22004442064249630000 0.26266256261048682000 0.77903899682781352000 
0.84229181706334177000 0.45674001276231491000 0.77094760390884542000 
0.87972720286318240000 0.73057633943278311000 0.33908280567347870000 
0.03866566447248232000 0.96052171367556083000 0.49517809288988923000 
0.62261857869214587000 0.44476208721787391000 0.17104115759788807000 
0.68046315074466945000 0.30668215310986291000 0.68892597001568223000 
0.77168261698213803000 0.76661412881254321000 0.23031842292391658000 
0.75261569937184247000 0.82879667871847795000 0.77505742658544041000 
0.58540937356107303000 0.28147113087050113000 0.08657326494685291300 
0.68130729008001367000 0.26550124568015643000 0.40491565115147754000 
0.98282918788559881000 0.37071533682523938000 0.51062797043855235000 
0.95031890580537337000 0.44355547758821490000 0.25072477593521758000 
0.09854333526293768100 0.19001560209027524000 0.49292865301514621000 
0.51771579837031889000 0.76680274493718770000 0.27994072929226954000 
0.81542613300951339000 0.40484219466959237000 0.35102650228220078000 
0.85021981470314301000 0.55593355505397235000 0.28656712095861736000 
0.22191896374148312000 0.26295097807258827000 0.20831411470058026000 
0.08798985544726623000 0.84618883254884047000 0.55107134836564442000 
0.03307152615107300500 0.64961731674470302000 0.31183158194038318000 
0.02546189347692018300 0.62879489839080094000 0.19735803753864434000 
0.12403996325867483000 0.22226130871078831000 0.48417972233726192000 
0.32058942647419819000 0.26495889882140533000 0.44196464137457259000 
0.27189103489124644000 0.40580214392339276000 0.88348707230645851000 
0.16935005401099312000 0.15798516951551012000 0.67906225489717276000 
0.97315755661938486000 0.90993297692700215000 0.14024979846247265000 
0.06718294910474331700 0.35647989118379386000 0.16208540465300669000 
0.95815102889852133000 0.90254934306413981000 0.53795979249715509000 
0.45353291549904906000 0.75599613570767965000 0.28739940445659307000 
0.11063553199255804000 0.16759827962979346000 0.00764820292936030380 
0.54562911761506805000 0.26733438765141537000 0.72905343388184041000 
0.40931987187480656000 0.03527598174937907100 0.56603024505097799000 
0.85074618147304992000 0.31435858115318349000 0.61160278189731332000 
0.45190269976599140000 0.50872025514682262000 0.77329503201686678000 
0.60900730239208567000 0.83688690872629357000 0.06529024107037395600 
0.28698372969645281000 0.00556513108474443460 0.47624096602122945000 
0.51548831751212432000 0.05919586931447384800 0.88492788122464172000 
0.37068882256454905000 0.22667973642071848000 0.73901812855032389000 
0.01562063143712411100 0.49975449434910724000 0.11776355906551794000 
0.57773112834370433000 0.39740049267217059000 0.73062208124744998000 
0.26849644788611560000 0.79563745653015849000 0.53525525216980152000 
0.53824507971744340000 0.48193136786291846000 0.38160857084898558000 
0.54829778037286592000 0.48298306330110075000 0.74614166677816374000 
0.09277993600174294600 0.11146802630367514000 0.71076050720647665000 
0.63000488826282619000 0.28101916696011342000 0.32512245679149654000 
0.51154137282016587000 0.46898889397954058000 0.67594489921125955000 
0.72639207854027710000 0.13090082336187536000 0.26000356254556722000 
0.78323134008325623000 0.03001391376302953200 0.55182727072425419000 
0.89539220672897857000 0.64224200099287643000 0.10613595338054216000 
0.39471219469997920000 0.81399113308819548000 0.18629529496205866000 
0.15970705656585715000 0.71427420540398745000 0.66495381768797124000 
0.98945251301245185000 0.55544517172461583000 0.49962356915395145000 
0.64817920094706172000 0.63249185297051902000 0.42170053383171902000 
0.27056796943903283000 0.53461138175817702000 0.89601089796541689000 
0.12486977234543506000 0.46967535670323057000 0.08457280853759408000 
0.00448731758769937980 0.43839098719974912000 0.36168674156723224000 
0.33098869708974799000 0.94439347629505144000 0.29236497105282377000 
0.16452580485651747000 0.22580334100837973000 0.87033649226576038000 
0.21303137890386759000 0.10928374433833632000 0.72616950838158245000 
0.26504139962239814000 0.67058870863216002000 0.69080005903825614000 
0.35399667001314050000 0.08089441740159486500 0.43134649217847887000 
0.32970446277633059000 0.37021312378374338000 0.67405598998670024000 
0.93947137273611192000 0.53246687153199357000 0.17558589351239462000 
0.22940237114728412000 0.25363795999191230000 0.20265999230314136000 
0.40291711548523157000 0.87214734419320461000 0.86956391114800158000 
0.34330800027810771000 0.67623463592502575000 0.92556287604136478000 
0.98175825944863804000 0.57944469865340031000 0.01821748712360737900 
0.19890436097866826000 0.78511743273338808000 0.64860126303290611000 
0.56464481144636181000 0.32703833761432244000 0.86201275815586720000 
0.33175389143780465000 0.76075352055005818000 0.89976854589046185000 
0.57918112002244704000 0.68243109065527219000 0.83736728195498067000 
0.77057606101099885000 0.93699457794213070000 0.21650064473290920000 
0.66913162406453708000 0.81966313480713127000 0.26705936932900687000 
0.54535898442413022000 0.17198977986714747000 0.23788833221266970000 
0.08453936024148167600 0.33648789514933752000 0.50081397853379617000 
0.80224654888665259000 
generated randoms (0, 1]
0.56962281082205757000 0.13373792447207800000 0.78968387820459629000 
0.50977155174390454000 0.69660779955310326000 0.99098847141970681000 
0.86715862611364392000 0.09262199223311040600 0.49231247125687094000 
0.29944717795120246000 0.13074459284088524000 0.93020963573920667000 
0.16081172612864125000 0.38830593805120173000 0.56006014799999315000 
0.65083068733578764000 0.85376405421908785000 0.29854868529467371000 
0.17586634366357812000 0.76836787925606265000 0.97740615378763196000 
0.72975767574675388000 0.67741386854053798000 0.95190203778838556000 
0.06749254880895283500 0.61870226728616706000 0.74647960929624735000 
0.61186047675119104000 0.93433826748264126000 0.87909262838492297000 
0.41542447173367725000 0.91513401396425254000 0.88199634347186495000 
0.90223298667256979000 0.28624276708510621000 0.96972875158185334000 
0.87210157509602815000 0.78549201501119259000 0.72168308053898200000 
0.74112996166614109000 0.65379327792242203000 0.89080030032436297000 
0.57985301269981626000 0.39459927093416391000 0.16414204156419965000 
0.87992521924003020000 0.28352256457894875000 0.10001605850879569000 
0.48196188958316499000 0.50258111670796413000 0.44127739725654758000 
0.18584861069326220000 0.20143264203582478000 0.49707984279244877000 
0.89612711196736239000 0.06944283282958374500 0.12498970935427378000 
0.41698742668011679000 0.40224460716079191000 0.63837452701174313000 
0.39225932574180900000 0.34138238437966550000 0.26507713499660368000 
0.84928493912203096000 0.83276330726866887000 0.28481859791404118000 
0.33170084796103239000 0.72279073524023096000 0.31300246816377508000 
0.87505424558554057000 0.86121393344588082000 0.62748566884648072000 
0.64606812321420781000 0.35502137458151140000 0.95815159872191469000 
0.69100008014183656000 0.57701261829993178000 0.69357439436754409000 
0.60547923449658203000 0.57142896591024139000 0.48727947531397864000 
0.39153612885571221000 0.75783832721893529000 0.17954385210354928000 
0.52347878837817241000 0.09407410637501634200 0.98837972062739587000 
0.08131997012424863100 0.55583893420623220000 0.38731342476856367000 
0.66686806433412937000 0.01603739890134958700 0.82417437722752074000 
0.18964199883578869000 0.65499450649339708000 0.42806863540691076000 
0.12239595710926365000 0.41165941314500243000 0.72636026657520314000 
0.72776539857698386000 0.22466491020524604000 0.40666035831893299000 
0.51610489190370501000 0.02238888000409100500 0.90452102104518084000 
0.09039292606649596000 0.31458947215365707000 0.28161755190516402000 
0.02411545365743994500 0.27606301230445118000 0.23710315160043804000 
0.58170395506029959000 0.98739294260821509000 0.11173541984313484000 
0.65768730252345686000 0.46312403429436677000 0.93213143538589849000 
0.28976613751532532000 0.55556974239725898000 0.69477013919051855000 
0.30332114538339838000 0.98979482642380123000 0.99266740878696424000 
0.00113716206094616190 0.82545729529834388000 0.90317711697076208000 
0.66941515429052312000 0.10212740177938939000 0.63381283441301317000 
0.40635580539093596000 0.38287799530524169000 0.39612236930674838000 
0.04580416307586321300 0.45704432767636605000 0.09484083836820511600 
0.85484205816153969000 0.84053040060631701000 0.69246370363438392000 
0.13522022481267459000 0.07773917361125404200 0.92545222344534173000 
0.77744302687776679000 0.07936765933854372800 0.23270267782719123000 
0.41313354036918182000 0.38773028087380990000 0.03236891896374150000 
0.02812085873091452200 0.68658680680376372000 0.96285984702753091000 
0.93956186819539966000 0.48530514928158830000 0.25751280245467512000 
0.14852608841753367000 0.36590883619239079000 0.62744733574104861000 
0.59693359222038467000 0.90179737624825207000 0.06464800012323079800 
0.81825774348489566000 0.97587470840865209000 0.50098447962153525000 
0.47448735027751288000 0.80708418849631336000 0.60205269473326739000 
0.87835710649155296000 0.47851033675940879000 0.95178561091035907000 
0.36247931427270252000 0.02179625199814005900 0.45084992083422692000 
0.04169047730017116900 0.44603698435336137000 0.77279484613108251000 
0.83817270695298762000 0.92006136422615747000 0.46507132948008501000 
0.37939281310787054000 0.47155496336404190000 0.00490026344739935560 
0.56769883844701208000 0.91519404060111098000 0.81251731821279494000 
0.60261563101102378000 0.53497176751234332000 0.74364373108399984000 
0.28652919460319293000 0.51179243972607580000 0.47555592006056790000 
0.73941102560331817000 0.86821494972187518000 0.87901770953624636000 
0.08051569798921987000 0.41458822528219641000 0.90481746003208663000 
0.11969817194950161000 0.17575873915289963000 0.44806470574909008000 
0.48850936663229305000 0.18090157932926099000 0.27104284378163945000 
0.59264671208167541000 0.78862416488464193000 0.39383704139086584000 
0.32331779023175100000 0.10630729992114696000 0.15959926502365063000 
0.86176639606306482000 0.80347892563840695000 0.61938253879931859000 
0.67698279998110511000 0.47611259379468707000 0.64697693894153252000 
0.10468038459070517000 0.69283043831401869000 0.19319022090260396000 
0.76081805540070135000 0.67301805962732075000 0.64761402093075748000 
0.56719972293513399000 0.78172362001065543000 0.38724898108770289000 
0.23105438050905547000 0.00556671783821971470 0.59800782037084277000 
0.52372967707337192000 0.04028763024620163300 0.47473124235159125000 
0.37044789951399015000 0.08346708339329778100 0.47333138188340618000 
0.89361224094479419000 0.58895325118432429000 0.94674116887929838000 
0.17006361350615995000 0.64884920413276514000 0.76581728749817901000 
0.33231084089340102000 0.82011041532560136000 0.24431187886830608000 
0.88326930790955505000 0.34073921016192865000 0.30459104367505940000 
0.44294586349756115000 0.42804803232143174000 0.60488577159978840000 
0.31550687943268518000 0.66479814403070225000 0.65236089450791246000 
0.94263090605288724000 0.07901543966560087300 0.57714580651908776000 
0.20503371880044274000 0.00732799705107090030 0.20828097771003806000 
0.97810491669322563000 0.34578973458637696000 0.86133404024952975000 
0.79554117930657453000 0.21309513506567024000 0.50682580042691816000 
0.62082606679909191000 0.69774223291154924000 0.33666821677418657000 
0.49103941299680609000 0.13756682606123372000 0.95417528882489533000 
0.70943787350565368000 0.19351782143312013000 0.81562932515780351000 
0.75004831945806427000 0.94135330377054593000 0.79733429461614480000 
0.70303246398010488000 0.32483141246810154000 0.04447760557962188200 
0.09321503497232019900 0.49759036733741668000 0.70857517608399645000 
0.59472617141919693000 0.19822402772769743000 0.70541174489323910000 
0.84141581973838120000 0.82464678488619692000 0.18227523173286042000 
0.83158444022726608000 0.80290139305983721000 0.73807838406825454000 
0.21384153023591557000 0.69680664289951122000 0.15078901608902306000 
0.53590517072366128000 0.55842885821447807000 0.40767099028365972000 
0.36259876164168015000 0.77163855551968963000 0.25968112308958258000 
0.47526853355428278000 0.16786801532262019000 0.53556144912428527000 
0.42719336902840221000 0.21464158368375852000 0.34286648578563139000 
0.19283526016768215000 0.95927855754654212000 0.02043228373236538600 
0.13183005742222242000 0.85991525555566528000 0.59596825580209845000 
0.80754623986071605000 0.02607849692033403800 0.83465464028904690000 
0.27885430269605993000 0.73455509412471498000 0.32137283176611242000 
0.16003295551578312000 0.43316313104054482000 0.17187140155915004000 
0.87380420652047941000 0.68170009861808056000 0.12602724780823027000 
0.88718548016035914000 0.16870527854283934000 0.64203878671963532000 
0.62213049962035805000 0.16496176503522708000 0.74604245835905236000 
0.21742997629807159000 0.05155080919415921900 0.78205103016416389000 
0.14331717303158875000 0.91041134263411694000 0.73831519604090001000 
0.05854225192108919500 0.80228127615927436000 0.82638900052613917000 
0.59014225213057525000 0.85855827225266301000 0.18627177874015399000 
0.07954447828428157200 0.21252445865546132000 0.38450442754054226000 
0.67638418265762890000 0.34820553607171889000 0.21497634637973229000 
0.51282642399268519000 0.49848822804354276000 0.78932774057597155000 
0.72897794327594401000 0.53927789815967464000 0.47466876483985243000 
0.59785368558034135000 0.05105444385349677800 0.48730140228462582000 
0.41155336178666735000 0.21694125558057520000 0.88195994873378347000 
0.92730334511615475000 0.68434435841674057000 0.32209474117295001000 
0.58088529304298486000 0.00789126113637061980 0.36846603101615938000 
0.27186676349359229000 0.49535573182229120000 0.80346806256464132000 
0.40007392170752309000 0.16154204657941573000 0.46101018670601923000 
0.87859409589346327000 0.28421800774212769000 0.44848107571118190000 
0.52171609764737981000 0.77934414527725093000 0.28140311592763956000 
0.70479560964585164000 0.67137066817691138000 0.46470571063597088000 
0.92303124763583511000 0.63259936059203148000 0.80259658111965493000 
0.84333966566018947000 0.73308028696908645000 0.79276680608394567000 
0.31384728375985116000 0.13110873956367564000 0.03289690177104387400 
0.82807282100994151000 0.71272956462803827000 0.01023715300138250400 
0.72889137794343761000 0.15315515638373722000 0.70284365444175445000 
0.76268247890617302000 0.80705267739111242000 0.44080558202296505000 
0.48791935603153869000 0.42225465530870099000 0.35507180595824517000 
0.77027673325182078000 0.59280136585818699000 0.24061420050479843000 
0.10404108173710025000 0.08325835627259836600 0.30881635619512560000 
0.19826800271355394000 0.08122411823568476100 0.62282169334114346000 
0.26293419239739779000 0.03923730925839907800 0.75910349021846502000 
0.46903718794859572000 0.18389996928482377000 0.73552535192180035000 
0.05493997456393673300 0.16300779489937467000 0.42923551688913952000 
0.89235902305169157000 0.15434655119414953000 0.31646515157250277000 
0.06458712104096497900 0.28286952030340085000 0.37721924346372426000 
0.20399128200220074000 0.62540444293045816000 0.57451563631367297000 
0.61000056939793290000 0.89801994935331697000 0.75090277676723716000 
0.98399931282329844000 0.39203311629021287000 0.23341929880942436000 
0.45555308870870004000 0.66398046777169273000 0.50328190176891208000 
0.36078630405428957000 0.01574596852030407700 0.58916792911744253000 
0.20242502054766098000 0.46608286399134302000 0.50172160914049768000 
0.55900151709634138000 0.31849371061950582000 0.79203966504449652000 
0.75038550882313526000 0.85641855754292817000 0.35365057933522093000 
0.10694295817357635000 0.12901245982661202000 0.74406857372089763000 
0.87400191585424647000 0.84650533833982999000 0.36333376027364683000 
0.10345917425020579000 0.90405586925122527000 0.89818029600162497000 
0.69103311701154868000 0.78252228183000994000 0.33083388103658251000 
0.61910576060827616000 0.39258735392354227000 0.99968973290368357000 
0.60224406022877219000 0.96806051366977086000 0.40805320433121084000 
0.59832413957017971000 0.34049170037816623000 0.89518160631629562000 
0.12680192676725133000 0.62363890843476000000 0.63940993205053887000 
0.40410244955471830000 0.76639840376875190000 0.12791731965587294000 
0.58110778093348614000 0.19984778377727719000 0.51444231458261824000 
0.66226661008233267000 0.17338999368287600000 0.72566068893076285000 
0.71341501973447063000 0.75246241142156145000 0.86555082260598670000 
0.60071681942948385000 0.57989265235727716000 0.17771552269089819000 
0.71351308546215142000 0.91621111376276532000 0.14599660552150096000 
0.26738671938221215000 0.56231492420111340000 0.71873982523782853000 
0.23534360363096662000 0.07975235774853572900 0.39292599768309300000 
0.36351273768581316000 0.95745569913198225000 0.73123471627706715000 
0.34130654769593227000 0.61563620853079737000 0.01840411763079852200 
0.76533246864268123000 0.52368591717643720000 0.16591917490783392000 
0.11998554240831649000 0.40175930564705631000 0.85589111608708213000 
0.60890147866981614000 0.80941403097298692000 0.73262306336609728000 
0.67492132912560909000 0.98232891438628878000 0.22333319734145340000 
0.16561597521601401000 0.25053307321157936000 0.22923446423448923000 
0.57706822137182034000 0.83494433880804686000 0.76290221970274907000 
0.57768828719573051000 0.26101786111554426000 0.87053889233885151000 
0.89081460157100656000 0.69504491108110433000 0.81477746628707903000 
0.60612681642316990000 0.97908681150511612000 0.62600296250718657000 
0.79749613107398365000 0.23583923314535116000 0.36531292665166104000 
0.19549290776190831000 0.15148094834286541000 0.43238512470223855000 
0.66578753691227521000 0.40815661936777681000 0.48395790165418018000 
0.37445727538606444000 0.69347025912514226000 0.12127792258269299000 
0.89281555055247930000 0.49781591904853539000 0.41480405798205178000 
0.84517446460096002000 0.66836352847202773000 0.29876602850788814000 
0.07882744022227306000 0.37117474453620791000 0.81540602088441427000 
0.72240842235980129000 0.01919066322341533800 0.57464104345373967000 
0.47724968195652817000 0.73384192378489610000 0.40208838094619082000 
0.09737288305619062900 0.30958659441007752000 0.19507806034414332000 
0.24410496451219155000 0.77960477774558701000 0.89266676699034009000 
0.65757742621486481000 0.28967391301190371000 0.09655841050055924400 
0.39160598479594122000 0.08537325450716815000 0.24560775296978865000 
0.40453968525612671000 0.79669821299991406000 0.25154393856737434000 
0.52458912948700998000 0.00385978725345204050 0.04609988400373943300 
0.99357014239488373000 0.60851873124048916000 0.25776383521847190000 
0.90457448756330794000 0.87827659936344094000 0.66246688024114131000 
0.62967365467472591000 0.75872435687895523000 0.62108532686448159000 
0.80325093684066995000 0.89082313540345415000 0.40241762562985040000 
0.98270199635797617000 0.95613190228378930000 0.35158479014816924000 
0.89139698009447654000 0.88812728695314958000 0.86619495632861043000 
0.38611985363982737000 0.59334201679138610000 0.77644029237643863000 
0.77147547207713973000 0.21812023966656113000 0.90853648858482638000 
0.10241834688812324000 0.63471830600651757000 0.81570226944209212000 
0.95244039060421759000 0.52775315258913924000 0.26216586052733559000 
0.07329763881430273500 0.74917886747682183000 0.77265010673167178000 
0.14225848928990703000 0.12261652226401476000 0.57811799754480497000 
0.01545714746080384400 0.03533798355955464200 0.93711014075841326000 
0.09995682176118991800 0.79281182763758795000 0.48139518334675668000 
0.91939161874375253000 0.93326891996656469000 0.48740578788149014000 
0.82338883961961451000 0.02064267423847976300 0.54101387495236475000 
0.15610619306795415000 0.94183127476883177000 0.72043289451354942000 
0.16236404408172134000 0.57996728535119124000 0.05507162901238493700 
0.24472031219943480000 0.43949556742110674000 0.78248189802667878000 
0.23795551711421981000 0.63609307011031380000 0.04070818088832872700 
0.51065210238549552000 0.59113618989902394000 0.60777881580093540000 
0.48540093307067211000 0.98847672982750967000 0.40537046683793965000 
0.81163939464948154000 0.26076888237094842000 0.68461373181443053000 
0.38228144414700038000 0.39401729280500675000 0.09869171959291955800 
0.20267392067440437000 0.88390254402360613000 0.34188429331729564000 
0.32860871385754398000 0.82029714726303649000 0.51449256674551869000 
0.64958631451671689000 0.84142128696587859000 0.98051194003850806000 
0.21664871692578336000 0.61377141510359690000 0.50475245140788938000 
0.53079183462911939000 0.08170046010070564100 0.82498209469456407000 
0.79809862130893672000 0.11466323828170943000 0.80275587258812764000 
0.42362688321107211000 0.37360470900093445000 0.03627746524046382400 
0.38223019380389633000 0.27569426531559116000 0.23512600667237482000 
0.63662133716921332000 0.11415779418116334000 0.95722509552461799000 
0.00401938121759015670 0.66848771220552061000 0.43040648437544449000 
0.86178392028501860000 0.90457677278809467000 0.36656386048630485000 
0.41423592666443065000 0.76569121410485419000 0.25897497201094555000 
0.62192042419631299000 0.35169499489940459000 0.83149823568110448000 
0.21778159388536777000 0.53883447038155174000 0.06892903780004311400 
0.70764493725454969000 0.19080790595400154000 0.11551406098035177000 
0.35310251990279706000 0.30096684984122213000 0.02737210559736236200 
0.00844067743217813420 0.12791521329612388000 0.04151584381248696300 
0.59532105472831787000 0.16259855312984550000 0.12230758963845867000 
0.74283668593555796000 0.91511277406634561000 0.53965632683841447000 
0.78607137175174313000 0.74706105731248695000 0.74149593441279005000 
0.29900032100306428000 0.65409981791497662000 0.58437163824262583000 
0.80033172894671689000 0.49142091833739232000 0.60413108812066452000 
0.23746422285795199000 0.19781709821460991000 0.26430132770575776000 
0.18461108584476715000 0.47261996976701792000 0.56973529072067586000 
0.08545585153900936400 0.24212293104016647000 0.57751385239909170000 
0.07506376825727567600 0.30034974022545224000 0.51070641292617980000 
0.30886815740539553000 0.87346735105828244000 0.57049579730380984000 
0.56661687583658593000 0.24939555581494410000 0.86493694350615136000 
0.44434213645919485000 0.46702583861165659000 0.83184870489826501000 
0.25652103388444036000 0.81421409266366807000 0.67533741010175197000 
0.71486223770952351000 0.12618500012264056000 0.21012821855187536000 
0.73049931388854139000 0.98344559371907514000 0.87570962549652598000 
0.08739267491841040700 0.23317813726066516000 0.18799723354878917000 
0.06645818547923143500 0.01933404862341148200 0.41117685175518259000 
0.43482784899734428000 0.04723299984351236900 0.18873949996774342000 
0.61797349280548630000 0.14045488737402034000 0.64427603800103239000 
0.78702009198994238000 0.38412910318377680000 0.29616432307062679000 
0.15029101948392731000 0.25237948916688757000 0.21865399223865345000 
0.12031165931406607000 0.10297243818354374000 0.13457096036700800000 
0.59886264804484668000 0.50923633825268744000 0.79451590088639690000 
0.48801195728316604000 0.82389697884484359000 0.20917041292246208000 
0.55712676538578010000 0.14427884672862623000 0.81517459752965049000 
0.33838745599406783000 0.23161019239859026000 0.78370771849691456000 
0.91582976140867722000 0.45030411228085931000 0.84822911510308341000 
0.77995557935750370000 0.73733743738951318000 0.22096100317218648000 
0.15770818293665823000 0.54325998723768509000 0.22905239609115458000 
0.12027279713681760000 0.26942366056721689000 0.66091719432652130000 
0.96133433552751768000 0.03947828632443917100 0.50482190711011077000 
0.37738142130785413000 0.55523791278212609000 0.82895884240211193000 
0.31953684925533055000 0.69331784689013709000 0.31107402998431777000 
0.22831738301786197000 0.23338587118745679000 0.76968157707608342000 
0.24738430062815753000 0.17120332128152205000 0.22494257341455959000 
0.41459062643892697000 0.71852886912949887000 0.91342673505314709000 
0.31869270991998633000 0.73449875431984357000 0.59508434884852246000 
0.01717081211440119000 0.62928466317476062000 0.48937202956144765000 
0.04968109419462662900 0.55644452241178510000 0.74927522406478242000 
0.90145666473706232000 0.80998439790972476000 0.50707134698485379000 
0.48228420162968111000 0.23319725506281230000 0.72005927070773046000 
0.18457386699048661000 0.59515780533040763000 0.64897349771779922000 
0.14978018529685699000 0.44406644494602765000 0.71343287904138264000 
0.77808103625851688000 0.73704902192741173000 0.79168588529941974000 
0.91201014455273377000 0.15381116745115953000 0.44892865163435558000 
0.96692847384892699000 0.35038268325529698000 0.68816841805961682000 
0.97453810652307982000 0.37120510160919906000 0.80264196246135566000 
0.87596003674132517000 0.77773869128921169000 0.51582027766273808000 
0.67941057352580181000 0.73504110117859467000 0.55803535862542741000 
0.72810896510875356000 0.59419785607660724000 0.11651292769354149000 
0.83064994598900688000 0.84201483048448988000 0.32093774510282724000 
0.02684244338061514400 0.09006702307299785400 0.85975020153752735000 
0.93281705089525668000 0.64352010881620614000 0.83791459534699331000 
0.04184897110147867100 0.09745065693586019200 0.46204020750284491000 
0.54646708450095094000 0.24400386429232035000 0.71260059554340693000 
0.88936446800744196000 0.83240172037020654000 0.99235179707063970000 
0.45437088238493195000 0.73266561234858463000 0.27094656611815959000 
0.59068012812519344000 0.96472401825062093000 0.43396975494902201000 
0.14925381852695008000 0.68564141884681651000 0.38839721810268668000 
0.54809730023400860000 0.49127974485317738000 0.22670496798313322000 
0.39099269760791433000 0.16311309127370643000 0.93470975892962604000 
0.71301627030354719000 0.99443486891525557000 0.52375903397877055000 
0.48451168248787568000 0.94080413068552615000 0.11507211877535828000 
0.62931117743545095000 0.77332026357928152000 0.26098187144967611000 
0.98437936856287589000 0.50024550565089276000 0.88223644093448206000 
0.42226887165629567000 0.60259950732782941000 0.26937791875255002000 
0.73150355211388440000 0.20436254346984151000 0.46474474783019848000 
0.46175492028255660000 0.51806863213708154000 0.61839142915101442000 
0.45170221962713408000 0.51701693669889925000 0.25385833322183626000 
0.90722006399825705000 0.88853197369632486000 0.28923949279352335000 
0.36999511173717381000 0.71898083303988658000 0.67487754320850346000 
0.48845862717983413000 0.53101110602045942000 0.32405510078874045000 
0.27360792145972290000 0.86909917663812464000 0.73999643745443278000 
0.21676865991674377000 0.96998608623697047000 0.44817272927574581000 
0.10460779327102143000 0.35775799900712357000 0.89386404661945784000 
0.60528780530002080000 0.18600886691180452000 0.81370470503794134000 
0.84029294343414285000 0.28572579459601255000 0.33504618231202876000 
0.01054748698754814900 0.44455482827538417000 0.50037643084604855000 
0.35182079905293828000 0.36750814702948098000 0.57829946616828098000 
0.72943203056096717000 0.46538861824182298000 0.10398910203458311000 
0.87513022765456494000 0.53032464329676943000 0.91542719146240592000 
0.99551268241230062000 0.56160901280025088000 0.63831325843276776000 
0.66901130291025201000 0.05560652370494856300 0.70763502894717623000 
0.83547419514348253000 0.77419665899162027000 0.12966350773423962000 
0.78696862109613241000 0.89071625566166368000 0.27383049161841755000 
0.73495860037760186000 0.32941129136783998000 0.30919994096174386000 
0.64600332998685950000 0.91910558259840514000 0.56865350782152113000 
0.67029553722366941000 0.62978687621625662000 0.32594401001329976000 
0.06052862726388808000 0.46753312846800643000 0.82441410648760538000 
0.77059762885271588000 0.74636204000808770000 0.79734000769685864000 
0.59708288451476843000 0.12785265580679539000 0.13043608885199842000 
0.65669199972189229000 0.32376536407497425000 0.07443712395863522100 
0.01824174055136196200 0.42055530134659969000 0.98178251287639262000 
0.80109563902133174000 0.21488256726661192000 0.35139873696709389000 
0.43535518855363819000 0.67296166238567756000 0.13798724184413280000 
0.66824610856219535000 0.23924647944994182000 0.10023145410953815000 
0.42081887997755296000 0.31756890934472781000 0.16263271804501933000 
0.22942393898900115000 0.06300542205786929800 0.78349935526709080000 
0.33086837593546292000 0.18033686519286873000 0.73294063067099313000 
0.45464101557586978000 0.82801022013285253000 0.76211166778733030000 
0.91546063975851832000 0.66351210485066248000 0.49918602146620383000 
0.19775345111334741000 
generated randoms (0,1)
0.43037718917794243000 0.86626207552792223000 0.21031612179540393000 
0.49022844825609568000 0.30339220044689674000 0.00901152858029319330 
0.13284137388635631000 0.90737800776688959000 0.50768752874312928000 
0.70055282204879776000 0.86925540715911498000 0.06979036426079354700 
0.83918827387135875000 0.61169406194879827000 0.43993985200000707000 
0.34916931266421236000 0.14623594578091237000 0.70145131470532651000 
0.82413365633642210000 0.23163212074393758000 0.02259384621236804100 
0.27024232425324635000 0.32258613145946202000 0.04809796221161444200 
0.93250745119104717000 0.38129773271383294000 0.25352039070375265000 
0.38813952324880918000 0.06566173251735896200 0.12090737161507703000 
0.58457552826632297000 0.08486598603574768700 0.11800365652813505000 
0.09776701332743020800 0.71375723291489401000 0.03027124841814665700 
0.12789842490397185000 0.21450798498880741000 0.27831691946101800000 
0.25887003833385891000 0.34620672207757797000 0.10919969967563703000 
0.42014698730018396000 0.60540072906583631000 0.83585795843580057000 
0.12007478075997002000 0.71647743542105125000 0.89998394149120453000 
0.51803811041683523000 0.49741888329203587000 0.55872260274345265000 
0.81415138930673803000 0.79856735796417522000 0.50292015720755123000 
0.10387288803263783000 0.93055716717041626000 0.87501029064572644000 
0.58301257331988343000 0.59775539283920831000 0.36162547298825687000 
0.60774067425819100000 0.65861761562033450000 0.73492286500339632000 
0.15071506087796904000 0.16723669273133113000 0.71518140208595882000 
0.66829915203896761000 0.27720926475976904000 0.68699753183622492000 
0.12494575441445943000 0.13878606655411940000 0.37251433115351928000 
0.35393187678579241000 0.64497862541848883000 0.04184840127808553400 
0.30899991985816366000 0.42298738170006822000 0.30642560563245591000 
0.39452076550341819000 0.42857103408975861000 0.51272052468602136000 
0.60846387114428802000 0.24216167278106471000 0.82045614789645094000 
0.47652121162182781000 0.90592589362498388000 0.01162027937260412500 
0.91868002987575159000 0.44416106579376780000 0.61268657523143655000 
0.33313193566587063000 0.98396260109865064000 0.17582562277247926000 
0.81035800116421153000 0.34500549350660292000 0.57193136459308946000 
0.87760404289073635000 0.58834058685499779000 0.27363973342479686000 
0.27223460142301614000 0.77533508979475418000 0.59333964168106701000 
0.48389510809629521000 0.97761111999590899000 0.09547897895481916000 
0.90960707393350426000 0.68541052784634293000 0.71838244809483620000 
0.97588454634256006000 0.72393698769554882000 0.76289684839956196000 
0.41829604493970041000 0.01260705739178491500 0.88826458015686538000 
0.34231269747654314000 0.53687596570563323000 0.06786856461410173400 
0.71023386248467468000 0.44443025760274124000 0.30522986080948145000 
0.69667885461660162000 0.01020517357619898900 0.00733259121303597720 
0.99886283793905384000 0.17454270470165612000 0.09682288302923791600 
0.33058484570947688000 0.89787259822061061000 0.36618716558698705000 
0.59364419460906404000 0.61712200469475831000 0.60387763069325184000 
0.95419583692413679000 0.54295567232363395000 0.90515916163179511000 
0.14515794183846054000 0.15946959939368299000 0.30753629636561608000 
0.86477977518732563000 0.92226082638874618000 0.07454777655465849600 
0.22255697312223321000 0.92063234066145649000 0.76729732217280877000 
0.58686645963081818000 0.61226971912619033000 0.96763108103625872000 
0.97187914126908548000 0.31341319319623628000 0.03714015297246908700 
0.06043813180460033700 0.51469485071841192000 0.74248719754532488000 
0.85147391158246655000 0.63409116380760921000 0.37255266425895139000 
0.40306640777961555000 0.09820262375174793100 0.93535199987676942000 
0.18174225651510434000 0.02412529159134790800 0.49901552037846497000 
0.52551264972248712000 0.19291581150368686000 0.39794730526673283000 
0.12164289350844704000 0.52148966324059143000 0.04821438908964093000 
0.63752068572729770000 0.97820374800185994000 0.54915007916577330000 
0.95830952269982883000 0.55396301564663886000 0.22720515386891749000 
0.16182729304701238000 0.07993863577384252600 0.53492867051991522000 
0.62060718689212968000 0.52844503663595810000 0.99509973655260064000 
0.43230116155298792000 0.08480595939888924100 0.18748268178720529000 
0.39738436898897622000 0.46502823248765668000 0.25635626891600016000 
0.71347080539680729000 0.48820756027392442000 0.52444407993943210000 
0.26058897439668205000 0.13178505027812482000 0.12098229046375386000 
0.91948430201078035000 0.58541177471780359000 0.09518253996791359300 
0.88030182805049839000 0.82424126084710037000 0.55193529425090992000 
0.51149063336770717000 0.81909842067073924000 0.72895715621836055000 
0.40735328791832459000 0.21137583511535829000 0.60616295860913438000 
0.67668220976824922000 0.89369270007885304000 0.84040073497634959000 
0.13823360393693540000 0.19652107436159327000 0.38061746120068141000 
0.32301720001889511000 0.52388740620531293000 0.35302306105846770000 
0.89531961540929506000 0.30716956168598153000 0.80680977909739604000 
0.23918194459929887000 0.32698194037267947000 0.35238597906924274000 
0.43280027706486623000 0.21827637998934457000 0.61275101891229711000 
0.76894561949094453000 0.99443328216178029000 0.40199217962915745000 
0.47627032292662830000 0.95971236975379859000 0.52526875764840875000 
0.62955210048600985000 0.91653291660670244000 0.52666861811659405000 
0.10638775905520581000 0.41104674881567571000 0.05325883112070184400 
0.82993638649384027000 0.35115079586723508000 0.23418271250182099000 
0.66768915910659898000 0.17988958467439864000 0.75568812113169392000 
0.11673069209044518000 0.65926078983807135000 0.69540895632494082000 
0.55705413650243885000 0.57195196767856848000 0.39511422840021182000 
0.68449312056731482000 0.33520185596929797000 0.34763910549208776000 
0.05736909394711298100 0.92098456033439935000 0.42285419348091247000 
0.79496628119955726000 0.99267200294892910000 0.79171902228996216000 
0.02189508330677436600 0.65421026541362326000 0.13866595975047047000 
0.20445882069342569000 0.78690486493432998000 0.49317419957308206000 
0.37917393320090809000 0.30225776708845076000 0.66333178322581365000 
0.50896058700319391000 0.86243317393876651000 0.04582471117510489300 
0.29056212649434632000 0.80648217856688009000 0.18437067484219649000 
0.24995168054193573000 0.05864669622945428700 0.20266570538385520000 
0.29696753601989534000 0.67516858753189868000 0.95552239442037812000 
0.90678496502767980000 0.50240963266258354000 0.29142482391600377000 
0.40527382858080307000 0.80177597227230257000 0.29458825510676090000 
0.15858418026161902000 0.17535321511380331000 0.81772476826713958000 
0.16841555977273415000 0.19709860694016279000 0.26192161593174546000 
0.78615846976408466000 0.30319335710048878000 0.84921098391097716000 
0.46409482927633872000 0.44157114178552193000 0.59232900971634028000 
0.63740123835832008000 0.22836144448031059000 0.74031887691041764000 
0.52473146644571744000 0.83213198467737981000 0.46443855087571495000 
0.57280663097159779000 0.78535841631624170000 0.65713351421436861000 
0.80716473983231807000 0.04072144245345810100 0.97956771626763461000 
0.86816994257777780000 0.14008474444433472000 0.40403174419790155000 
0.19245376013928417000 0.97392150307966596000 0.16534535971095310000 
0.72114569730394007000 0.26544490587528524000 0.67862716823388758000 
0.83996704448421711000 0.56683686895945518000 0.82812859844084996000 
0.12619579347952059000 0.31829990138191966000 0.87397275219176973000 
0.11281451983964108000 0.83129472145716066000 0.35796121328036468000 
0.37786950037964195000 0.83503823496477314000 0.25395754164094764000 
0.78257002370192841000 0.94844919080584078000 0.21794896983583611000 
0.85668282696841147000 0.08958865736588328400 0.26168480395910021000 
0.94145774807891081000 0.19771872384072586000 0.17361099947386083000 
0.40985774786942497000 0.14144172774733721000 0.81372822125984601000 
0.92045552171571843000 0.78747554134453890000 0.61549557245945796000 
0.32361581734237110000 0.65179446392828111000 0.78502365362026771000 
0.48717357600731481000 0.50151177195645746000 0.21067225942402845000 
0.27102205672405622000 0.46072210184032536000 0.52533123516014757000 
0.40214631441965865000 0.94894555614650344000 0.51269859771537418000 
0.58844663821333287000 0.78305874441942502000 0.11804005126621653000 
0.07269665488384524600 0.31565564158325965000 0.67790525882705022000 
0.41911470695701536000 0.99210873886362960000 0.63153396898384062000 
0.72813323650640771000 0.50464426817770902000 0.19653193743535868000 
0.59992607829247713000 0.83845795342058449000 0.53898981329398077000 
0.12140590410653673000 0.71578199225787231000 0.55151892428881832000 
0.47828390235262019000 0.22065585472274907000 0.71859688407236066000 
0.29520439035414836000 0.32862933182308862000 0.53529428936402934000 
0.07696875236416489400 0.36740063940796852000 0.19740341888034529000 
0.15666033433981075000 0.26691971303091377000 0.20723319391605455000 
0.68615271624014906000 0.86889126043632436000 0.96710309822895613000 
0.17192717899005872000 0.28727043537196173000 0.98976284699861750000 
0.27110862205656239000 0.84684484361626278000 0.29715634555824555000 
0.23731752109382698000 0.19294732260888758000 0.55919441797703517000 
0.51208064396846154000 0.57774534469129901000 0.64492819404175505000 
0.22972326674817922000 0.40719863414181323000 0.75938579949520180000 
0.89595891826289997000 0.91674164372740186000 0.69118364380487463000 
0.80173199728644629000 0.91877588176431524000 0.37717830665885654000 
0.73706580760260221000 0.96076269074160092000 0.24089650978153521000 
0.53096281205140428000 0.81610003071517645000 0.26447464807819965000 
0.94506002543606349000 0.83699220510062555000 0.57076448311086048000 
0.10764097694830865000 0.84565344880585047000 0.68353484842749723000 
0.93541287895903502000 0.71713047969659915000 0.62278075653627574000 
0.79600871799779926000 0.37459555706954206000 0.42548436368632703000 
0.38999943060206710000 0.10198005064668325000 0.24909722323276307000 
0.01600068717670155600 0.60796688370978713000 0.76658070119057586000 
0.54444691129130018000 0.33601953222830727000 0.49671809823108792000 
0.63921369594571043000 0.98425403147969592000 0.41083207088255747000 
0.79757497945233902000 0.53391713600865720000 0.49827839085950232000 
0.44099848290365862000 0.68150628938049418000 0.20796033495550348000 
0.24961449117686496000 0.14358144245707183000 0.64634942066477907000 
0.89305704182642365000 0.87098754017338798000 0.25593142627910237000 
0.12599808414575375000 0.15349466166017023000 0.63666623972635317000 
0.89654082574979443000 0.09594413074877494700 0.10181970399837525000 
0.30896688298845132000 0.21747771816999006000 0.66916611896341771000 
0.38089423939172407000 0.60741264607645795000 0.00031026709631665206 
0.39775593977122781000 0.03193948633022913900 0.59194679566878938000 
0.40167586042982051000 0.65950829962183399000 0.10481839368370438000 
0.87319807323274889000 0.37636109156524022000 0.36059006794946113000 
0.59589755044528192000 0.23360159623124832000 0.87208268034412728000 
0.41889221906651408000 0.80015221622272281000 0.48555768541738176000 
0.33773338991766733000 0.82661000631712400000 0.27433931106923715000 
0.28658498026552937000 0.24753758857843855000 0.13444917739401352000 
0.39928318057051615000 0.42010734764272306000 0.82228447730910204000 
0.28648691453784880000 0.08378888623723468300 0.85400339447849904000 
0.73261328061778808000 0.43768507579888660000 0.28126017476217169000 
0.76465639636903338000 0.92024764225146449000 0.60707400231690722000 
0.63648726231418684000 0.04254430086801774800 0.26876528372293307000 
0.65869345230406773000 0.38436379146920285000 0.98159588236920148000 
0.23466753135731877000 0.47631408282356280000 0.83408082509216608000 
0.88001445759168351000 0.59824069435294391000 0.14410888391291787000 
0.39109852133018408000 0.19058596902701308000 0.26737693663390272000 
0.32507867087439091000 0.01767108561371144600 0.77666680265854660000 
0.83438402478398621000 0.74946692678842086000 0.77076553576551077000 
0.42293177862817966000 0.16505566119195314000 0.23709778029725093000 
0.42231171280426971000 0.73898213888445574000 0.12946110766114871000 
0.10918539842899366000 0.30495508891889567000 0.18522253371292119000 
0.39387318357683010000 0.02091318849488410500 0.37399703749281366000 
0.20250386892601635000 0.76416076685464884000 0.63468707334833918000 
0.80450709223809169000 0.84851905165713482000 0.56761487529776145000 
0.33421246308772479000 0.59184338063222319000 0.51604209834581982000 
0.62554272461393556000 0.30652974087485796000 0.87872207741730723000 
0.10718444944752092000 0.50218408095146461000 0.58519594201794845000 
0.15482553539904020000 0.33163647152797249000 0.70123397149211208000 
0.92117255977772694000 0.62882525546379209000 0.18459397911558573000 
0.27759157764019871000 0.98080933677658488000 0.42535895654626033000 
0.52275031804347205000 0.26615807621510412000 0.59791161905380918000 
0.90262711694380937000 0.69041340558992270000 0.80492193965585668000 
0.75589503548780868000 0.22039522225441321000 0.10733323300965991000 
0.34242257378513519000 0.71032608698809629000 0.90344158949944098000 
0.60839401520405878000 0.91462674549283185000 0.75439224703021135000 
0.59546031474387351000 0.20330178700008594000 0.74845606143262589000 
0.47541087051299002000 0.99614021274654818000 0.95390011599626079000 
0.00642985760511627370 0.39148126875951106000 0.74223616478152832000 
0.09542551243669206200 0.12172340063655906000 0.33753311975885869000 
0.37032634532527431000 0.24127564312104499000 0.37891467313551863000 
0.19674906315933005000 0.10917686459654585000 0.59758237437014983000 
0.01729800364202405100 0.04386809771621069700 0.64841520985183076000 
0.10860301990552368000 0.11187271304685065000 0.13380504367138957000 
0.61388014636017263000 0.40665798320861390000 0.22355970762356159000 
0.22852452792286049000 0.78187976033343909000 0.09146351141517361500 
0.89758165311187699000 0.36528169399348243000 0.18429773055790810000 
0.04755960939578263200 0.47224684741086098000 0.73783413947266463000 
0.92670236118569727000 0.25082113252317817000 0.22734989326832822000 
0.85774151071009297000 0.87738347773598524000 0.42188200245519503000 
0.98454285253919616000 0.96466201644044536000 0.06288985924158674300 
0.90004317823881030000 0.20718817236241205000 0.51860481665324332000 
0.08060838125624747400 0.06673108003343553000 0.51259421211851008000 
0.17661116038038549000 0.97935732576152046000 0.45898612504763547000 
0.84389380693204585000 0.05816872523116845000 0.27956710548645058000 
0.83763595591827866000 0.42003271464880876000 0.94492837098761506000 
0.75527968780056542000 0.56050443257889326000 0.21751810197332122000 
0.76204448288578042000 0.36390692988968643000 0.95929181911167150000 
0.48934789761450470000 0.40886381010097606000 0.39222118419906482000 
0.51459906692932811000 0.01152327017249033000 0.59462953316206035000 
0.18836060535051868000 0.73923111762905180000 0.31538626818556970000 
0.61771855585299984000 0.60598270719499348000 0.90130828040708066000 
0.79732607932559563000 0.11609745597639409000 0.65811570668270458000 
0.67139128614245602000 0.17970285273696374000 0.48550743325448154000 
0.35041368548328333000 0.15857871303412163000 0.01948805996149194400 
0.78335128307421686000 0.38622858489640310000 0.49524754859211062000 
0.46920816537088084000 0.91829953989929458000 0.17501790530543615000 
0.20190137869106350000 0.88533676171829057000 0.19724412741187236000 
0.57637311678892789000 0.62639529099906555000 0.96372253475953618000 
0.61776980619610389000 0.72430573468440884000 0.76487399332762540000 
0.36337866283078690000 0.88584220581883666000 0.04277490447538201400 
0.99598061878240984000 0.33151228779447961000 0.56959351562455551000 
0.13821607971498140000 0.09542322721190532600 0.63343613951369515000 
0.58576407333556957000 0.23430878589514603000 0.74102502798905445000 
0.37807957580368723000 0.64830500510059541000 0.16850176431889552000 
0.78221840611463223000 0.46116552961844826000 0.93107096219995689000 
0.29235506274545053000 0.80919209404599868000 0.88448593901964823000 
0.64689748009720316000 0.69903315015877809000 0.97262789440263764000 
0.99155932256782209000 0.87208478670387612000 0.95848415618751326000 
0.40467894527168213000 0.83740144687015472000 0.87769241036154155000 
0.25716331406444204000 0.08488722593365438700 0.46034367316158575000 
0.21392862824825687000 0.25293894268751305000 0.25850406558720995000 
0.70099967899693572000 0.34590018208502360000 0.41562836175737439000 
0.19966827105328311000 0.50857908166260768000 0.39586891187933548000 
0.76253577714204801000 0.80218290178539031000 0.73569867229424246000 
0.81538891415523307000 0.52738003023298208000 0.43026470927932414000 
0.91454414846099064000 0.75787706895983376000 0.42248614760090830000 
0.92493623174272455000 0.69965025977454798000 0.48929358707382042000 
0.69113184259460447000 0.12653264894171756000 0.42950420269619038000 
0.43338312416341407000 0.75060444418505612000 0.13506305649384864000 
0.55565786354080537000 0.53297416138834364000 0.16815129510173521000 
0.74347896611555986000 0.18578590733633216000 0.32466258989824825000 
0.28513776229047649000 0.87381499987735967000 0.78987178144812487000 
0.26950068611145883000 0.01655440628092486000 0.12429037450347402000 
0.91260732508158982000 0.76682186273933506000 0.81200276645121083000 
0.93354181452076879000 0.98066595137658852000 0.58882314824481763000 
0.56517215100265594000 0.95276700015648763000 0.81126050003225658000 
0.38202650719451392000 0.85954511262597966000 0.35572396199896761000 
0.21297990801005784000 0.61587089681622342000 0.70383567692937343000 
0.84970898051607269000 0.74762051083311243000 0.78134600776134655000 
0.87968834068593416000 0.89702756181645626000 0.86542903963299200000 
0.40113735195515354000 0.49076366174731256000 0.20548409911360310000 
0.51198804271683396000 0.17610302115515641000 0.79082958707753792000 
0.44287323461421990000 0.85572115327137399000 0.18482540247034973000 
0.66161254400593239000 0.76838980760140996000 0.21629228150308566000 
0.08417023859132277700 0.54969588771914091000 0.15177088489691681000 
0.22004442064249630000 0.26266256261048704000 0.77903899682781375000 
0.84229181706334200000 0.45674001276231491000 0.77094760390884542000 
0.87972720286318240000 0.73057633943278311000 0.33908280567347870000 
0.03866566447248254200 0.96052171367556105000 0.49517809288988945000 
0.62261857869214610000 0.44476208721787391000 0.17104115759788807000 
0.68046315074466945000 0.30668215310986313000 0.68892597001568245000 
0.77168261698213825000 0.76661412881254321000 0.23031842292391658000 
0.75261569937184247000 0.82879667871847817000 0.77505742658544041000 
0.58540937356107325000 0.28147113087050113000 0.08657326494685313500 
0.68130729008001389000 0.26550124568015643000 0.40491565115147776000 
0.98282918788559903000 0.37071533682523961000 0.51062797043855235000 
0.95031890580537337000 0.44355547758821490000 0.25072477593521758000 
0.09854333526293790300 0.19001560209027546000 0.49292865301514621000 
0.51771579837031889000 0.76680274493718792000 0.27994072929226976000 
0.81542613300951339000 0.40484219466959259000 0.35102650228220100000 
0.85021981470314301000 0.55593355505397235000 0.28656712095861736000 
0.22191896374148334000 0.26295097807258849000 0.20831411470058048000 
0.08798985544726645200 0.84618883254884047000 0.55107134836564442000 
0.03307152615107322700 0.64961731674470324000 0.31183158194038341000 
0.02546189347692018300 0.62879489839080116000 0.19735803753864434000 
0.12403996325867506000 0.22226130871078831000 0.48417972233726192000 
0.32058942647419841000 0.26495889882140555000 0.44196464137457281000 
0.27189103489124666000 0.40580214392339298000 0.88348707230645851000 
0.16935005401099334000 0.15798516951551034000 0.67906225489717298000 
0.97315755661938508000 0.90993297692700215000 0.14024979846247265000 
0.06718294910474331700 0.35647989118379386000 0.16208540465300669000 
0.95815102889852155000 0.90254934306414003000 0.53795979249715509000 
0.45353291549904928000 0.75599613570767965000 0.28739940445659307000 
0.11063553199255804000 0.16759827962979368000 0.00764820292936030380 
0.54562911761506805000 0.26733438765141559000 0.72905343388184041000 
0.40931987187480678000 0.03527598174937929300 0.56603024505097799000 
0.85074618147305014000 0.31435858115318349000 0.61160278189731332000 
0.45190269976599162000 0.50872025514682284000 0.77329503201686678000 
0.60900730239208589000 0.83688690872629379000 0.06529024107037417800 
0.28698372969645303000 0.00556513108474443460 0.47624096602122967000 
0.51548831751212432000 0.05919586931447384800 0.88492788122464172000 
0.37068882256454905000 0.22667973642071870000 0.73901812855032412000 
0.01562063143712433300 0.49975449434910746000 0.11776355906551816000 
0.57773112834370433000 0.39740049267217059000 0.73062208124745021000 
0.26849644788611582000 0.79563745653015849000 0.53525525216980152000 
0.53824507971744340000 0.48193136786291846000 0.38160857084898558000 
0.54829778037286592000 0.48298306330110097000 0.74614166677816374000 
0.09277993600174316800 0.11146802630367536000 0.71076050720647665000 
0.63000488826282619000 0.28101916696011364000 0.32512245679149676000 
0.51154137282016587000 0.46898889397954080000 0.67594489921125978000 
0.72639207854027732000 0.13090082336187536000 0.26000356254556745000 
0.78323134008325623000 0.03001391376302975400 0.55182727072425419000 
0.89539220672897879000 0.64224200099287665000 0.10613595338054238000 
0.39471219469997920000 0.81399113308819548000 0.18629529496205888000 
0.15970705656585715000 0.71427420540398745000 0.66495381768797146000 
0.98945251301245185000 0.55544517172461583000 0.49962356915395145000 
0.64817920094706172000 0.63249185297051924000 0.42170053383171902000 
0.27056796943903305000 0.53461138175817724000 0.89601089796541689000 
0.12486977234543528000 0.46967535670323080000 0.08457280853759408000 
0.00448731758769960190 0.43839098719974934000 0.36168674156723246000 
0.33098869708974799000 0.94439347629505144000 0.29236497105282377000 
0.16452580485651747000 0.22580334100837995000 0.87033649226576038000 
0.21303137890386759000 0.10928374433833654000 0.72616950838158245000 
0.26504139962239814000 0.67058870863216025000 0.69080005903825614000 
0.35399667001314072000 0.08089441740159508700 0.43134649217847909000 
0.32970446277633081000 0.37021312378374360000 0.67405598998670047000 
0.93947137273611214000 0.53246687153199379000 0.17558589351239484000 
0.22940237114728412000 0.25363795999191230000 0.20265999230314136000 
0.40291711548523179000 0.87214734419320483000 0.86956391114800158000 
0.34330800027810793000 0.67623463592502575000 0.92556287604136478000 
0.98175825944863804000 0.57944469865340031000 0.01821748712360737900 
0.19890436097866826000 0.78511743273338808000 0.64860126303290611000 
0.56464481144636181000 0.32703833761432244000 0.86201275815586720000 
0.33175389143780465000 0.76075352055005818000 0.89976854589046185000 
0.57918112002244704000 0.68243109065527219000 0.83736728195498089000 
0.77057606101099885000 0.93699457794213070000 0.21650064473290942000 
0.66913162406453730000 0.81966313480713127000 0.26705936932900687000 
0.54535898442413022000 0.17198977986714747000 0.23788833221266992000 
0.08453936024148167600 0.33648789514933752000 0.50081397853379639000 
0.80224654888665259000 
generated randoms [1, 2)
1.43037718917794240000 1.86626207552792200000 1.21031612179540370000 
1.49022844825609550000 1.30339220044689670000 1.00901152858029320000 
1.13284137388635610000 1.90737800776688960000 1.50768752874312910000 
1.70055282204879750000 1.86925540715911480000 1.06979036426079330000 
1.83918827387135870000 1.61169406194879830000 1.43993985200000680000 
1.34916931266421240000 1.14623594578091210000 1.70145131470532630000 
1.82413365633642190000 1.23163212074393740000 1.02259384621236800000 
1.27024232425324610000 1.32258613145946200000 1.04809796221161440000 
1.93250745119104720000 1.38129773271383290000 1.25352039070375270000 
1.38813952324880900000 1.06566173251735870000 1.12090737161507700000 
1.58457552826632280000 1.08486598603574750000 1.11800365652813500000 
1.09776701332743020000 1.71375723291489380000 1.03027124841814670000 
1.12789842490397190000 1.21450798498880740000 1.27831691946101800000 
1.25887003833385890000 1.34620672207757800000 1.10919969967563700000 
1.42014698730018370000 1.60540072906583610000 1.83585795843580040000 
1.12007478075996980000 1.71647743542105120000 1.89998394149120430000 
1.51803811041683500000 1.49741888329203590000 1.55872260274345240000 
1.81415138930673780000 1.79856735796417520000 1.50292015720755120000 
1.10387288803263760000 1.93055716717041630000 1.87501029064572620000 
1.58301257331988320000 1.59775539283920810000 1.36162547298825690000 
1.60774067425819100000 1.65861761562033450000 1.73492286500339630000 
1.15071506087796900000 1.16723669273133110000 1.71518140208595880000 
1.66829915203896760000 1.27720926475976900000 1.68699753183622490000 
1.12494575441445940000 1.13878606655411920000 1.37251433115351930000 
1.35393187678579220000 1.64497862541848860000 1.04184840127808530000 
1.30899991985816340000 1.42298738170006820000 1.30642560563245590000 
1.39452076550341800000 1.42857103408975860000 1.51272052468602140000 
1.60846387114428780000 1.24216167278106470000 1.82045614789645070000 
1.47652121162182760000 1.90592589362498370000 1.01162027937260410000 
1.91868002987575140000 1.44416106579376780000 1.61268657523143630000 
1.33313193566587060000 1.98396260109865040000 1.17582562277247930000 
1.81035800116421130000 1.34500549350660290000 1.57193136459308920000 
1.87760404289073630000 1.58834058685499760000 1.27363973342479690000 
1.27223460142301610000 1.77533508979475400000 1.59333964168106700000 
1.48389510809629500000 1.97761111999590900000 1.09547897895481920000 
1.90960707393350400000 1.68541052784634290000 1.71838244809483600000 
1.97588454634256010000 1.72393698769554880000 1.76289684839956200000 
1.41829604493970040000 1.01260705739178490000 1.88826458015686520000 
1.34231269747654310000 1.53687596570563320000 1.06786856461410150000 
1.71023386248467470000 1.44443025760274100000 1.30522986080948140000 
1.69667885461660160000 1.01020517357619880000 1.00733259121303580000 
1.99886283793905380000 1.17454270470165610000 1.09682288302923790000 
1.33058484570947690000 1.89787259822061060000 1.36618716558698680000 
1.59364419460906400000 1.61712200469475830000 1.60387763069325160000 
1.95419583692413680000 1.54295567232363400000 1.90515916163179490000 
1.14515794183846030000 1.15946959939368300000 1.30753629636561610000 
1.86477977518732540000 1.92226082638874600000 1.07454777655465830000 
1.22255697312223320000 1.92063234066145630000 1.76729732217280880000 
1.58686645963081820000 1.61226971912619010000 1.96763108103625850000 
1.97187914126908550000 1.31341319319623630000 1.03714015297246910000 
1.06043813180460030000 1.51469485071841170000 1.74248719754532490000 
1.85147391158246630000 1.63409116380760920000 1.37255266425895140000 
1.40306640777961530000 1.09820262375174790000 1.93535199987676920000 
1.18174225651510430000 1.02412529159134790000 1.49901552037846470000 
1.52551264972248710000 1.19291581150368660000 1.39794730526673260000 
1.12164289350844700000 1.52148966324059120000 1.04821438908964090000 
1.63752068572729750000 1.97820374800185990000 1.54915007916577310000 
1.95830952269982880000 1.55396301564663860000 1.22720515386891750000 
1.16182729304701240000 1.07993863577384250000 1.53492867051991500000 
1.62060718689212950000 1.52844503663595810000 1.99509973655260060000 
1.43230116155298790000 1.08480595939888900000 1.18748268178720510000 
1.39738436898897620000 1.46502823248765670000 1.25635626891600020000 
1.71347080539680710000 1.48820756027392420000 1.52444407993943210000 
1.26058897439668180000 1.13178505027812480000 1.12098229046375360000 
1.91948430201078010000 1.58541177471780360000 1.09518253996791340000 
1.88030182805049840000 1.82424126084710040000 1.55193529425090990000 
1.51149063336770690000 1.81909842067073900000 1.72895715621836050000 
1.40735328791832460000 1.21137583511535810000 1.60616295860913420000 
1.67668220976824900000 1.89369270007885300000 1.84040073497634940000 
1.13823360393693520000 1.19652107436159310000 1.38061746120068140000 
1.32301720001889490000 1.52388740620531290000 1.35302306105846750000 
1.89531961540929480000 1.30716956168598130000 1.80680977909739600000 
1.23918194459929860000 1.32698194037267920000 1.35238597906924250000 
1.43280027706486600000 1.21827637998934460000 1.61275101891229710000 
1.76894561949094450000 1.99443328216178030000 1.40199217962915720000 
1.47627032292662810000 1.95971236975379840000 1.52526875764840870000 
1.62955210048600980000 1.91653291660670220000 1.52666861811659380000 
1.10638775905520580000 1.41104674881567570000 1.05325883112070160000 
1.82993638649384010000 1.35115079586723490000 1.23418271250182100000 
1.66768915910659900000 1.17988958467439860000 1.75568812113169390000 
1.11673069209044500000 1.65926078983807130000 1.69540895632494060000 
1.55705413650243880000 1.57195196767856830000 1.39511422840021160000 
1.68449312056731480000 1.33520185596929770000 1.34763910549208750000 
1.05736909394711280000 1.92098456033439910000 1.42285419348091220000 
1.79496628119955730000 1.99267200294892910000 1.79171902228996190000 
1.02189508330677440000 1.65421026541362300000 1.13866595975047020000 
1.20445882069342550000 1.78690486493432980000 1.49317419957308180000 
1.37917393320090810000 1.30225776708845080000 1.66333178322581340000 
1.50896058700319390000 1.86243317393876630000 1.04582471117510470000 
1.29056212649434630000 1.80648217856687990000 1.18437067484219650000 
1.24995168054193570000 1.05864669622945410000 1.20266570538385520000 
1.29696753601989510000 1.67516858753189850000 1.95552239442037810000 
1.90678496502767980000 1.50240963266258330000 1.29142482391600360000 
1.40527382858080310000 1.80177597227230260000 1.29458825510676090000 
1.15858418026161880000 1.17535321511380310000 1.81772476826713960000 
1.16841555977273390000 1.19709860694016280000 1.26192161593174550000 
1.78615846976408440000 1.30319335710048880000 1.84921098391097690000 
1.46409482927633870000 1.44157114178552190000 1.59232900971634030000 
1.63740123835831990000 1.22836144448031040000 1.74031887691041740000 
1.52473146644571720000 1.83213198467737980000 1.46443855087571470000 
1.57280663097159780000 1.78535841631624150000 1.65713351421436860000 
1.80716473983231780000 1.04072144245345790000 1.97956771626763460000 
1.86816994257777760000 1.14008474444433470000 1.40403174419790160000 
1.19245376013928390000 1.97392150307966600000 1.16534535971095310000 
1.72114569730394010000 1.26544490587528500000 1.67862716823388760000 
1.83996704448421690000 1.56683686895945520000 1.82812859844085000000 
1.12619579347952060000 1.31829990138191940000 1.87397275219176970000 
1.11281451983964090000 1.83129472145716070000 1.35796121328036470000 
1.37786950037964200000 1.83503823496477290000 1.25395754164094760000 
1.78257002370192840000 1.94844919080584080000 1.21794896983583610000 
1.85668282696841120000 1.08958865736588310000 1.26168480395910000000 
1.94145774807891080000 1.19771872384072560000 1.17361099947386080000 
1.40985774786942470000 1.14144172774733700000 1.81372822125984600000 
1.92045552171571840000 1.78747554134453870000 1.61549557245945770000 
1.32361581734237110000 1.65179446392828110000 1.78502365362026770000 
1.48717357600731480000 1.50151177195645720000 1.21067225942402850000 
1.27102205672405600000 1.46072210184032540000 1.52533123516014760000 
1.40214631441965860000 1.94894555614650320000 1.51269859771537420000 
1.58844663821333270000 1.78305874441942480000 1.11804005126621650000 
1.07269665488384520000 1.31565564158325940000 1.67790525882705000000 
1.41911470695701510000 1.99210873886362940000 1.63153396898384060000 
1.72813323650640770000 1.50464426817770880000 1.19653193743535870000 
1.59992607829247690000 1.83845795342058430000 1.53898981329398080000 
1.12140590410653670000 1.71578199225787230000 1.55151892428881810000 
1.47828390235262020000 1.22065585472274910000 1.71859688407236040000 
1.29520439035414840000 1.32862933182308860000 1.53529428936402910000 
1.07696875236416490000 1.36740063940796850000 1.19740341888034510000 
1.15666033433981050000 1.26691971303091360000 1.20723319391605430000 
1.68615271624014880000 1.86889126043632440000 1.96710309822895610000 
1.17192717899005850000 1.28727043537196170000 1.98976284699861750000 
1.27110862205656240000 1.84684484361626280000 1.29715634555824550000 
1.23731752109382700000 1.19294732260888760000 1.55919441797703500000 
1.51208064396846130000 1.57774534469129900000 1.64492819404175480000 
1.22972326674817920000 1.40719863414181300000 1.75938579949520160000 
1.89595891826289980000 1.91674164372740160000 1.69118364380487440000 
1.80173199728644610000 1.91877588176431520000 1.37717830665885650000 
1.73706580760260220000 1.96076269074160090000 1.24089650978153500000 
1.53096281205140430000 1.81610003071517620000 1.26447464807819960000 
1.94506002543606330000 1.83699220510062530000 1.57076448311086050000 
1.10764097694830840000 1.84565344880585050000 1.68353484842749720000 
1.93541287895903500000 1.71713047969659920000 1.62278075653627570000 
1.79600871799779930000 1.37459555706954180000 1.42548436368632700000 
1.38999943060206710000 1.10198005064668300000 1.24909722323276280000 
1.01600068717670160000 1.60796688370978710000 1.76658070119057560000 
1.54444691129130000000 1.33601953222830730000 1.49671809823108790000 
1.63921369594571040000 1.98425403147969590000 1.41083207088255750000 
1.79757497945233900000 1.53391713600865700000 1.49827839085950230000 
1.44099848290365860000 1.68150628938049420000 1.20796033495550350000 
1.24961449117686470000 1.14358144245707180000 1.64634942066477910000 
1.89305704182642360000 1.87098754017338800000 1.25593142627910240000 
1.12599808414575350000 1.15349466166017000000 1.63666623972635320000 
1.89654082574979420000 1.09594413074877470000 1.10181970399837500000 
1.30896688298845130000 1.21747771816999010000 1.66916611896341750000 
1.38089423939172380000 1.60741264607645770000 1.00031026709631640000 
1.39775593977122780000 1.03193948633022910000 1.59194679566878920000 
1.40167586042982030000 1.65950829962183380000 1.10481839368370440000 
1.87319807323274870000 1.37636109156524000000 1.36059006794946110000 
1.59589755044528170000 1.23360159623124810000 1.87208268034412710000 
1.41889221906651390000 1.80015221622272280000 1.48555768541738180000 
1.33773338991766730000 1.82661000631712400000 1.27433931106923710000 
1.28658498026552940000 1.24753758857843850000 1.13444917739401330000 
1.39928318057051610000 1.42010734764272280000 1.82228447730910180000 
1.28648691453784860000 1.08378888623723470000 1.85400339447849900000 
1.73261328061778790000 1.43768507579888660000 1.28126017476217150000 
1.76465639636903340000 1.92024764225146430000 1.60707400231690700000 
1.63648726231418680000 1.04254430086801770000 1.26876528372293280000 
1.65869345230406770000 1.38436379146920260000 1.98159588236920150000 
1.23466753135731880000 1.47631408282356280000 1.83408082509216610000 
1.88001445759168350000 1.59824069435294370000 1.14410888391291790000 
1.39109852133018390000 1.19058596902701310000 1.26737693663390270000 
1.32507867087439090000 1.01767108561371120000 1.77666680265854660000 
1.83438402478398600000 1.74946692678842060000 1.77076553576551080000 
1.42293177862817970000 1.16505566119195310000 1.23709778029725090000 
1.42231171280426950000 1.73898213888445570000 1.12946110766114850000 
1.10918539842899340000 1.30495508891889570000 1.18522253371292100000 
1.39387318357683010000 1.02091318849488390000 1.37399703749281340000 
1.20250386892601640000 1.76416076685464880000 1.63468707334833900000 
1.80450709223809170000 1.84851905165713460000 1.56761487529776140000 
1.33421246308772480000 1.59184338063222320000 1.51604209834581980000 
1.62554272461393560000 1.30652974087485770000 1.87872207741730700000 
1.10718444944752070000 1.50218408095146460000 1.58519594201794820000 
1.15482553539904000000 1.33163647152797230000 1.70123397149211190000 
1.92117255977772690000 1.62882525546379210000 1.18459397911558570000 
1.27759157764019870000 1.98080933677658470000 1.42535895654626030000 
1.52275031804347180000 1.26615807621510390000 1.59791161905380920000 
1.90262711694380940000 1.69041340558992250000 1.80492193965585670000 
1.75589503548780850000 1.22039522225441300000 1.10733323300965990000 
1.34242257378513520000 1.71032608698809630000 1.90344158949944080000 
1.60839401520405880000 1.91462674549283180000 1.75439224703021130000 
1.59546031474387330000 1.20330178700008590000 1.74845606143262570000 
1.47541087051299000000 1.99614021274654800000 1.95390011599626060000 
1.00642985760511630000 1.39148126875951080000 1.74223616478152810000 
1.09542551243669210000 1.12172340063655910000 1.33753311975885870000 
1.37032634532527410000 1.24127564312104480000 1.37891467313551840000 
1.19674906315933010000 1.10917686459654590000 1.59758237437014960000 
1.01729800364202380000 1.04386809771621070000 1.64841520985183080000 
1.10860301990552350000 1.11187271304685040000 1.13380504367138960000 
1.61388014636017260000 1.40665798320861390000 1.22355970762356140000 
1.22852452792286030000 1.78187976033343890000 1.09146351141517360000 
1.89758165311187680000 1.36528169399348240000 1.18429773055790790000 
1.04755960939578240000 1.47224684741086080000 1.73783413947266440000 
1.92670236118569730000 1.25082113252317820000 1.22734989326832820000 
1.85774151071009300000 1.87738347773598520000 1.42188200245519500000 
1.98454285253919620000 1.96466201644044540000 1.06288985924158670000 
1.90004317823881010000 1.20718817236241200000 1.51860481665324330000 
1.08060838125624750000 1.06673108003343530000 1.51259421211850990000 
1.17661116038038550000 1.97935732576152020000 1.45898612504763530000 
1.84389380693204590000 1.05816872523116820000 1.27956710548645060000 
1.83763595591827870000 1.42003271464880880000 1.94492837098761510000 
1.75527968780056520000 1.56050443257889330000 1.21751810197332120000 
1.76204448288578020000 1.36390692988968620000 1.95929181911167130000 
1.48934789761450450000 1.40886381010097610000 1.39222118419906460000 
1.51459906692932790000 1.01152327017249030000 1.59462953316206040000 
1.18836060535051850000 1.73923111762905160000 1.31538626818556950000 
1.61771855585299960000 1.60598270719499330000 1.90130828040708040000 
1.79732607932559560000 1.11609745597639390000 1.65811570668270440000 
1.67139128614245600000 1.17970285273696350000 1.48550743325448130000 
1.35041368548328310000 1.15857871303412140000 1.01948805996149190000 
1.78335128307421660000 1.38622858489640310000 1.49524754859211060000 
1.46920816537088060000 1.91829953989929440000 1.17501790530543590000 
1.20190137869106330000 1.88533676171829060000 1.19724412741187240000 
1.57637311678892790000 1.62639529099906550000 1.96372253475953620000 
1.61776980619610370000 1.72430573468440880000 1.76487399332762520000 
1.36337866283078670000 1.88584220581883670000 1.04277490447538200000 
1.99598061878240980000 1.33151228779447940000 1.56959351562455550000 
1.13821607971498140000 1.09542322721190530000 1.63343613951369520000 
1.58576407333556930000 1.23430878589514580000 1.74102502798905450000 
1.37807957580368700000 1.64830500510059540000 1.16850176431889550000 
1.78221840611463220000 1.46116552961844830000 1.93107096219995690000 
1.29235506274545030000 1.80919209404599850000 1.88448593901964820000 
1.64689748009720290000 1.69903315015877790000 1.97262789440263760000 
1.99155932256782190000 1.87208478670387610000 1.95848415618751300000 
1.40467894527168210000 1.83740144687015450000 1.87769241036154130000 
1.25716331406444200000 1.08488722593365440000 1.46034367316158550000 
1.21392862824825690000 1.25293894268751300000 1.25850406558721000000 
1.70099967899693570000 1.34590018208502340000 1.41562836175737420000 
1.19966827105328310000 1.50857908166260770000 1.39586891187933550000 
1.76253577714204800000 1.80218290178539010000 1.73569867229424220000 
1.81538891415523280000 1.52738003023298210000 1.43026470927932410000 
1.91454414846099060000 1.75787706895983350000 1.42248614760090830000 
1.92493623174272430000 1.69965025977454780000 1.48929358707382020000 
1.69113184259460450000 1.12653264894171760000 1.42950420269619020000 
1.43338312416341410000 1.75060444418505590000 1.13506305649384860000 
1.55565786354080520000 1.53297416138834340000 1.16815129510173500000 
1.74347896611555960000 1.18578590733633190000 1.32466258989824800000 
1.28513776229047650000 1.87381499987735940000 1.78987178144812460000 
1.26950068611145860000 1.01655440628092490000 1.12429037450347400000 
1.91260732508158960000 1.76682186273933480000 1.81200276645121080000 
1.93354181452076860000 1.98066595137658850000 1.58882314824481740000 
1.56517215100265570000 1.95276700015648760000 1.81126050003225660000 
1.38202650719451370000 1.85954511262597970000 1.35572396199896760000 
1.21297990801005760000 1.61587089681622320000 1.70383567692937320000 
1.84970898051607270000 1.74762051083311240000 1.78134600776134660000 
1.87968834068593390000 1.89702756181645630000 1.86542903963299200000 
1.40113735195515330000 1.49076366174731260000 1.20548409911360310000 
1.51198804271683400000 1.17610302115515640000 1.79082958707753790000 
1.44287323461421990000 1.85572115327137380000 1.18482540247034950000 
1.66161254400593220000 1.76838980760140970000 1.21629228150308540000 
1.08417023859132280000 1.54969588771914070000 1.15177088489691660000 
1.22004442064249630000 1.26266256261048680000 1.77903899682781350000 
1.84229181706334180000 1.45674001276231490000 1.77094760390884540000 
1.87972720286318240000 1.73057633943278310000 1.33908280567347870000 
1.03866566447248230000 1.96052171367556080000 1.49517809288988920000 
1.62261857869214590000 1.44476208721787390000 1.17104115759788810000 
1.68046315074466950000 1.30668215310986290000 1.68892597001568220000 
1.77168261698213800000 1.76661412881254320000 1.23031842292391660000 
1.75261569937184250000 1.82879667871847800000 1.77505742658544040000 
1.58540937356107300000 1.28147113087050110000 1.08657326494685290000 
1.68130729008001370000 1.26550124568015640000 1.40491565115147750000 
1.98282918788559880000 1.37071533682523940000 1.51062797043855230000 
1.95031890580537340000 1.44355547758821490000 1.25072477593521760000 
1.09854333526293770000 1.19001560209027520000 1.49292865301514620000 
1.51771579837031890000 1.76680274493718770000 1.27994072929226950000 
1.81542613300951340000 1.40484219466959240000 1.35102650228220080000 
1.85021981470314300000 1.55593355505397240000 1.28656712095861740000 
1.22191896374148310000 1.26295097807258830000 1.20831411470058030000 
1.08798985544726620000 1.84618883254884050000 1.55107134836564440000 
1.03307152615107300000 1.64961731674470300000 1.31183158194038320000 
1.02546189347692020000 1.62879489839080090000 1.19735803753864430000 
1.12403996325867480000 1.22226130871078830000 1.48417972233726190000 
1.32058942647419820000 1.26495889882140530000 1.44196464137457260000 
1.27189103489124640000 1.40580214392339280000 1.88348707230645850000 
1.16935005401099310000 1.15798516951551010000 1.67906225489717280000 
1.97315755661938490000 1.90993297692700210000 1.14024979846247270000 
1.06718294910474330000 1.35647989118379390000 1.16208540465300670000 
1.95815102889852130000 1.90254934306413980000 1.53795979249715510000 
1.45353291549904910000 1.75599613570767970000 1.28739940445659310000 
1.11063553199255800000 1.16759827962979350000 1.00764820292936030000 
1.54562911761506800000 1.26733438765141540000 1.72905343388184040000 
1.40931987187480660000 1.03527598174937910000 1.56603024505097800000 
1.85074618147304990000 1.31435858115318350000 1.61160278189731330000 
1.45190269976599140000 1.50872025514682260000 1.77329503201686680000 
1.60900730239208570000 1.83688690872629360000 1.06529024107037400000 
1.28698372969645280000 1.00556513108474440000 1.47624096602122950000 
1.51548831751212430000 1.05919586931447380000 1.88492788122464170000 
1.37068882256454900000 1.22667973642071850000 1.73901812855032390000 
1.01562063143712410000 1.49975449434910720000 1.11776355906551790000 
1.57773112834370430000 1.39740049267217060000 1.73062208124745000000 
1.26849644788611560000 1.79563745653015850000 1.53525525216980150000 
1.53824507971744340000 1.48193136786291850000 1.38160857084898560000 
1.54829778037286590000 1.48298306330110070000 1.74614166677816370000 
1.09277993600174290000 1.11146802630367510000 1.71076050720647670000 
1.63000488826282620000 1.28101916696011340000 1.32512245679149650000 
1.51154137282016590000 1.46898889397954060000 1.67594489921125960000 
1.72639207854027710000 1.13090082336187540000 1.26000356254556720000 
1.78323134008325620000 1.03001391376302950000 1.55182727072425420000 
1.89539220672897860000 1.64224200099287640000 1.10613595338054220000 
1.39471219469997920000 1.81399113308819550000 1.18629529496205870000 
1.15970705656585720000 1.71427420540398740000 1.66495381768797120000 
1.98945251301245190000 1.55544517172461580000 1.49962356915395150000 
1.64817920094706170000 1.63249185297051900000 1.42170053383171900000 
1.27056796943903280000 1.53461138175817700000 1.89601089796541690000 
1.12486977234543510000 1.46967535670323060000 1.08457280853759410000 
1.00448731758769940000 1.43839098719974910000 1.36168674156723220000 
1.33098869708974800000 1.94439347629505140000 1.29236497105282380000 
1.16452580485651750000 1.22580334100837970000 1.87033649226576040000 
1.21303137890386760000 1.10928374433833630000 1.72616950838158250000 
1.26504139962239810000 1.67058870863216000000 1.69080005903825610000 
1.35399667001314050000 1.08089441740159490000 1.43134649217847890000 
1.32970446277633060000 1.37021312378374340000 1.67405598998670020000 
1.93947137273611190000 1.53246687153199360000 1.17558589351239460000 
1.22940237114728410000 1.25363795999191230000 1.20265999230314140000 
1.40291711548523160000 1.87214734419320460000 1.86956391114800160000 
1.34330800027810770000 1.67623463592502580000 1.92556287604136480000 
1.98175825944863800000 1.57944469865340030000 1.01821748712360740000 
1.19890436097866830000 1.78511743273338810000 1.64860126303290610000 
1.56464481144636180000 1.32703833761432240000 1.86201275815586720000 
1.33175389143780460000 1.76075352055005820000 1.89976854589046180000 
1.57918112002244700000 1.68243109065527220000 1.83736728195498070000 
1.77057606101099880000 1.93699457794213070000 1.21650064473290920000 
1.66913162406453710000 1.81966313480713130000 1.26705936932900690000 
1.54535898442413020000 1.17198977986714750000 1.23788833221266970000 
1.08453936024148170000 1.33648789514933750000 1.50081397853379620000 
1.80224654888665260000 
consumed time for generating 100000000 randoms.
BLOCK [0, 1) AVE:2461ms.
BLOCK (0, 1] AVE:2464ms.
BLOCK (0, 1) AVE:2525ms.
BLOCK [1, 2) AVE:1498ms.
SEQ [0, 1) 1 AVE:3792ms.
total = 500003388.735461
SEQ [0, 1) 2 AVE:3445ms.
total = 25014.102718
ADD   AVE: 132ms.
total = 50000.000000
SEQ (0, 1] 1 AVE:3786ms.
total = 499994059.241591
SEQ (0, 1] 2 AVE:3445ms.
total = 25052.851781
ADD   AVE: 132ms.
total = 50000.000000
SEQ (0, 1) 1 AVE:3490ms.
total = 500005665.850298
SEQ (0, 1) 2 AVE:3286ms.
total = 24983.181209
ADD   AVE: 132ms.
total = 50000.000000
SEQ [1, 2) 1 AVE:3211ms.
total = 1500010476.597845
SEQ [1, 2) 2 AVE:3318ms.
total = 75001.909424
ADD   AVE: 131ms.
total = 50000.000000
