generated randoms [0,1)
0.46366834417692781578 0.15750772270054125279 0.93281232081593845606 
0.82875897537223708333 0.78089891497590380176 0.53932871879288257766 
0.39760799266696933429 0.46842557445805921290 0.53879943734679525136 
0.82009326566489226806 0.61956216135743424900 0.07603501017899017000 
0.46417744733374277644 0.22748737586934431043 0.54710969758218608305 
0.65959077452988568169 0.62864727274194254214 0.39558031286612416189 
0.49783543656210715866 0.29833435668415186903 0.57297490910221671179 
0.66272057459462474505 0.76154707635813068123 0.70312797302568741387 
0.14186419847712539166 0.04486222527485739242 0.94176057638915255943 
0.63866690695009631362 0.76075598319658577218 0.93207496197915329361 
0.94578034351220696685 0.56632897306346929867 0.59675697379699044198 
0.86890940486867140891 0.65292402513179848000 0.96503198287223246332 
0.17247135916908695741 0.25778752663510551280 0.00853886275513016102 
0.55819039099357770084 0.97855948920971869143 0.83988350795330468657 
0.96721737818330222325 0.31232349216132426761 0.58309075861141490549 
0.43844070148656011376 0.45536733877763091449 0.62990038886200250268 
0.32194401219441504125 0.15213546727258209224 0.31912811369605420531 
0.06540365652510682359 0.10925785447437474929 0.70561125979361127847 
0.04124863448177285008 0.05534312616348180391 0.98684889610740578192 
0.56570089598722095303 0.25203143935598304459 0.88509549744465032539 
0.38792015486577069439 0.65883576908582286435 0.27221014577311519744 
0.48552694943517327175 0.97226885453966360728 0.66661989146731359668 
0.95189782294172298194 0.29141358595276445342 0.66930547861545286459 
0.98415173173997216871 0.99042193524976851471 0.59567959755019139756 
0.80687924133472410659 0.79144288218696101644 0.87926108507482525489 
0.25743363385763928797 0.02246282562217372103 0.84839219094869333659 
0.43006609971507470114 0.42841500333244231236 0.51442332088777797949 
0.36227472652878223158 0.93932679324461165749 0.01739518037542131523 
0.76604476815008570867 0.71888059422046080016 0.87571880175071292740 
0.80465552953972463435 0.74073780408225964322 0.31726303501350017200 
0.93809048792653060289 0.20579732115938376147 0.60663167181793253846 
0.05221750722507878528 0.55120045047835564134 0.48397138774672776584 
0.05309416490551166490 0.45166226792809083257 0.94566076045707792019 
0.95144980360573017109 0.10969254695236085873 0.44054131177098931893 
0.96797267661520614013 0.58836093800552435873 0.06642145479458338997 
0.75465465847160828616 0.43414025676562695288 0.58773827942050571593 
0.21309273526442340518 0.51713737326765807367 0.09758868877843407397 
0.06216019704432595994 0.19651161856311527565 0.96890729663154662177 
0.66729508720857833026 0.71411294875128095150 0.44402933401704491878 
0.88343974219407739312 0.75662816465935422983 0.93935568707651206921 
0.39304327282511586361 0.75977750495313767232 0.45492561254821062278 
0.13798463158282969765 0.44899934161793031429 0.11501066086274169820 
0.87540934964329575330 0.33207089661105348988 0.41104562007034828319 
0.30618993462846710862 0.80594599331196437042 0.61348173176028697462 
0.56851732450402225894 0.80770061270868298564 0.88333795007904036822 
0.95085789965120093292 0.10208990777830329044 0.22328493215784805948 
0.67179500611144571387 0.72159783866309101796 0.29177325197368575438 
0.05674329544942735559 0.78088623609408536197 0.04058987525461632551 
0.23366895122147779418 0.97809254508751197754 0.64385695684878863077 
0.41528625180290057450 0.91276535981181372570 0.38519283338383303317 
0.53209627258135872019 0.25518067449207748609 0.15586210338922379393 
0.64388910817249533913 0.23626058749716971619 0.02986467056268637954 
0.52964784074646087397 0.39515050805597606853 0.71892013678684629774 
0.03361651189200154377 0.39130368433523110561 0.22192859381880025715 
0.19238616701343835835 0.28963508950381422480 0.65194516987492012738 
0.40959076423236218112 0.82039320667308968105 0.33662701422539864637 
0.72223703182244669563 0.49261379846795527726 0.61280672474511654890 
0.44113479879645378645 0.39584981802710395016 0.34964887523725729501 
0.23712636347902638079 0.33550969443282530058 0.57579442964283011896 
0.36425641053836010919 0.08496263472559961727 0.75163604901058111984 
0.89289618060744846417 0.12413221855759748458 0.84242096733941740361 
0.74925012895776510469 0.25117103999132006642 0.11880259524480352162 
0.83006699795682692411 0.03645386045989740254 0.92067141726716505978 
0.73192998353871252526 0.04626265031559961827 0.93699505671881655466 
0.32168842081899851060 0.10628654705020856852 0.31240138483587243101 
0.08590638238943681948 0.35210140441177428805 0.31579545013418774957 
0.52462840953643663511 0.98607446458635328312 0.14302161725446493890 
0.52727693934164765466 0.98515167767446842895 0.27283329763593200390 
0.73964193595496041667 0.51261098307876196145 0.25778472559535892117 
0.11735378302126964201 0.35782664040953870987 0.14347632773700569331 
0.12664424146595809617 0.43808733823799683726 0.97992972502322461814 
0.65021943251959024579 0.76794471342749170972 0.31630042609917219387 
0.84767167252469377559 0.28327959923236201156 0.67133722578929400093 
0.69333926109429433460 0.54350431664341036786 0.81899442561267665752 
0.11606734752863290261 0.93878658139017234774 0.75498793097259286888 
0.02522725832561723003 0.65922403334633261629 0.71046591213095666717 
0.71551870941872519616 0.53328216283501417294 0.64028379542908364641 
0.83683708894680886026 0.29045485807839921399 0.88660131605650716047 
0.75145922550697252795 0.21414600926245341839 0.48389202641187756271 
0.25658360069330976572 0.06756499506996216375 0.23631207406420440265 
0.96790736264473076211 0.88964632075728400373 0.76111262051747385904 
0.37949542039005401683 0.06230009663197022540 0.16318414602314912365 
0.17360231342830068080 0.94663628850486158939 0.89921090643565149136 
0.30400112947853474843 0.75718342836969165788 0.97697543991330393354 
0.17483856384525209293 0.32046682643533497270 0.35648236209333838964 
0.74579208926807494251 0.65899089273396183053 0.19672208166184490530 
0.25699051334626465959 0.95624429355070561520 0.39736453478531297279 
0.59358950596749160411 0.60688117712323030872 0.35223057811691682595 
0.13168084121052170410 0.05248132810518901792 0.84572042572447658770 
0.74943338457740882319 0.75158162224257396566 0.78868482568868669702 
0.50785402493783071698 0.32395237313086311381 0.64443010096500286110 
0.17915205641113396418 0.73601738472356648124 0.63113736034266687547 
0.29838914957521112115 0.48116914753392547865 0.96179406887186336128 
0.67926004585001464875 0.62814287487458808634 0.46924379498106150166 
0.88662204126794441628 0.16223727147452371433 0.83654309339302690418 
0.36142541239234038386 0.89515824504129071215 0.54232024034995607309 
0.11014809058656860330 0.11104900513384330374 0.30162826875439163743 
0.98457833809407757641 0.82619656562841736758 0.20374863515429386673 
0.17888501161648906468 0.71025363198210511584 0.94169250124607195573 
0.56647765695227558780 0.14491972882117409860 0.01282773643369750083 
0.95495395957790463193 0.71661029145711974131 0.65626509945307232030 
0.06415401208381266152 0.58354819986054695669 0.58689805957944307657 
0.74175289503023256188 0.05693532180508698026 0.87582511999738188457 
0.79045368619087463813 0.59832880715232361624 0.50389994382051406241 
0.57153843895558864574 0.62414791604165098526 0.74163771948745171869 
0.77748943116515101259 0.34789786826978352785 0.18576766453406956536 
0.88731130448314243786 0.75537000394386688562 0.25876386134744899792 
0.22520104542207297627 0.99593479741162016516 0.27564773973030054499 
0.28642222596748467822 0.08326433455456005994 0.92042916017909459647 
0.62972769275833151426 0.42875039413302418190 0.64180718111292200945 
0.87415351319515210982 0.47901770614310823504 0.86450625449923901300 
0.56472899623714778450 0.70277227908319761518 0.96610571261812250299 
0.11139336703574675980 0.96454842298790843813 0.14329112735896543107 
0.19162864259454770455 0.47468990781052844419 0.54616957730974413643 
0.95379406477408834597 0.28581996230683159865 0.88548278640606969958 
0.42678805638271688494 0.11199422471726117045 0.40063037704924853166 
0.12447761494457298959 0.94857957248127133809 0.58011953870889976237 
0.63936804360760035593 0.33376394443887869024 0.89259310777129097225 
0.56740768151088771809 0.12825225032471543329 0.80656378532714190221 
0.25471421006896899364 0.39799762105468072804 0.44859548371236424025 
0.65300419354325023313 0.49509266321363587515 0.09867447373260129773 
0.92565500776472808830 0.93711315619401713839 0.90438369107351901377 
0.28372412095775967344 0.01250093240254956939 0.97479366709920323153 
0.67888752373899463599 0.81328709999001147501 0.94557389676373415632 
0.80776196682785728065 0.70513479998816164240 0.09829172788155182694 
0.20668542787786670090 0.68649846020355553833 0.55406635360217038055 
0.21801092966389101768 0.78671395833776336382 0.20967189762680860099 
0.56991212073635777458 0.12547917367585914583 0.51507966993545006851 
0.31300764896118837832 0.35423277757803228738 0.75364296230652905173 
0.05583966434279608038 0.03025816783478241234 0.65491396863706463627 
0.39655977004931952656 0.11808382786038440493 0.97154032119949262913 
0.86577774031025289680 0.45593423400841337489 0.31712006045486629269 
0.75916153018178422762 0.86537741766724374237 0.67767914120222627616 
0.81371475714950891600 0.61495619835499626404 0.87870480650090265762 
0.49869181306472953885 0.69047390504664307720 0.67204861801378035224 
0.50204659644554627818 0.53129762874887687119 0.86044878917214884240 
0.65300556824939914868 0.95213836593571166134 0.23223702009788160794 
0.15297697613270999639 0.18627812546121402804 0.11697754083771116917 
0.00482015752817033238 0.91411109008756263883 0.67949083647010000142 
0.70247494850951253120 0.37073827834000172565 0.67241806017317218291 
0.38626235559010235754 0.26168593548171448226 0.90144322547660671319 
0.13143449807446638822 0.84058414478194776187 0.99214478568767283662 
0.89450022121658534502 0.37192812052135804102 0.30912808544214276374 
0.13746052119322116347 0.58457127576879375219 0.35827117989924284203 
0.40434675629819882836 0.73779807177745260205 0.23383895854854896967 
0.24211424371209311346 0.16144876181712697338 0.58853818369350197059 
0.85566861317436537782 0.93116635329414076949 0.04506847250700873886 
0.65682930043921761154 0.90753506023471852693 0.49909347044489349443 
0.21231476060338638767 0.66563004817431359328 0.54377273764609102003 
0.10699430501392503956 0.26818793264007823041 0.88737992785310626509 
0.76466770123830007932 0.94101553902809831342 0.09198335433301174646 
0.12420142276597689879 0.80913577929510349662 0.76142197221094254367 
0.98245735776353781965 0.14881308265437298566 0.53912380655975211674 
0.42224948675858176017 0.07520913556390729227 0.03170420764952663895 
0.10716971810854869496 0.23937385530023336244 0.36944469520634659609 
0.13873891704754792720 0.31634559544257534469 0.89076411773097197155 
0.46486930988570618339 0.75956797282592414255 0.10535427517271367392 
0.92899546972380409038 0.10660802834518290361 0.48604836870731826792 
0.43954477212831655208 0.49851546618159670032 0.18911131575833017848 
0.46359780648204806930 0.67840117677734457224 0.04954473401288006507 
0.76525420422819090405 0.47509674035188198538 0.88138966288753994860 
0.39323002411967200587 0.93479763516693070713 0.05104695046839391459 
0.67200738081859578976 0.15718765838159920456 0.95814068216225201091 
0.86867022577966857000 0.50349960463067633398 0.27077148814714968594 
0.08221239730824159153 0.69114748153841287781 0.20294446698554646780 
0.96000642437406047414 0.85932124104410023691 0.89015845145768590641 
0.73530759351763252951 0.12678959625409058631 0.66398341557513806954 
0.61273910832467182175 0.35143832500938176899 0.99154963596586154218 
0.36345981314778663673 0.38222572687041012074 0.46904302717747836660 
0.62709812572949985565 0.04749013953623015816 0.54727738706101125565 
0.03265694769217586391 0.79570584581644987487 0.30734355160423243447 
0.75207410003859176406 0.98989334929489225523 0.99678777734999668425 
0.64714425835361044648 0.83909606751172227668 0.33088646927780884788 
0.21208234979359219530 0.83686797664011391973 0.50856865992058541970 
0.45325667553329496151 0.65542941710561386515 0.77925301068118346670 
0.23389050606495520590 0.64061067509951841181 0.83252047569816856054 
0.35071154129749704254 0.52699758595883849921 0.22506984501022064826 
0.56265945239097492347 0.90032795813132970864 0.12700450806124474745 
0.87738563849921624715 0.16947915209267350178 0.75451214064751792598 
0.46758827744646525026 0.30886902457720810666 0.78051437551125912861 
0.01686704813204342734 0.25835766259166037528 0.71900040297424316904 
0.12456723771868860595 0.37347618521462111474 0.40281740545789568309 
0.21794249627766482114 0.11583324978799214300 0.33994850241220397891 
0.60969877156372898064 0.06688144499920523067 0.42687372267836676265 
0.97031036334176312685 0.91014684277264334966 0.73452130625907119388 
0.75642932576654176025 0.72870135369953059623 0.65479009593951542634 
0.62889751274043104168 0.77735590590638925512 0.55043792028616489453 
0.81930259180777298411 0.10952562995029735404 0.74635580133261192337 
0.38355977335208879531 0.93862836619713951869 0.35071127367075338732 
0.89080323129786642689 0.38372775102111078560 0.34609425108611024946 
0.01618301460412574500 0.97690628911278665214 0.85454568358927485150 
0.13191214460097944183 0.31868570819298747132 0.64513045589957296322 
0.11963380409763768597 0.89192731006111092285 0.68114979922248353184 
0.01925473738702154769 0.52625532011531173104 0.09158190069229199537 
0.78796120667754410150 0.92198532496326990326 0.58582126595954919779 
0.92858157447010691854 0.02885793779135403803 0.54259031397486445769 
0.74106118458057812504 0.85101513380926863128 0.60847003132426280558 
0.28063550303081963300 0.53831465691483049163 0.94651878513944320837 
0.76252418575541214274 0.03643888486127355719 0.30549403142450914928 
0.60512758835628188692 0.52948678898748036126 0.47323496248207463921 
0.96542016999972024571 0.26874957966437706958 0.90739683777509116958 
0.41855028269968497234 0.33273285144260644763 0.33656082354191441119 
0.92148398558090938160 0.92680137415355612340 0.31605497547934802149 
0.16639879112703326314 0.30512806097154077101 0.69265908167299095055 
0.52358909577597922969 0.41457137866113047409 0.07375714194928395528 
0.27908300726688661797 0.37036328694474196510 0.16788726218803629031 
0.94236712161838331880 0.24374864459488465585 0.39736054662125774861 
0.07007509117105348295 0.51787810028953673580 0.10168743931678281278 
0.62270495221895050264 0.66673467667308461415 0.45436260894521329767 
0.43651845160761837406 0.18938414067041686728 0.26340840645542318299 
0.09165846620733941741 0.66396751426251299222 0.40497597888095571150 
0.62065363430635711595 0.90164738227819629657 0.93337508183722861510 
0.01357855799482177162 0.53381878440536634223 0.16679729116024200053 
0.83524012290601623576 0.40230571053438612950 0.46450640105534946045 
0.52098275758738576968 0.34404053506580689614 0.96240813352663723279 
0.95133511694085903798 0.56741145488715205580 0.18614427877080519380 
0.80122730710343237348 0.50316310189191781888 0.79290058079303871175 
0.22153172603585136180 0.32332120862756341673 0.19709581276855603349 
0.08339907270468560618 0.91041168439812691915 0.62728655815479505975 
0.28409269160339789551 0.79931649796625103832 0.50127298598527381124 
0.49542849306061409465 0.52660358228844961204 0.56204900289821524417 
0.90203469818839177030 0.20939062387365736662 0.21043158019048213703 
0.06852392820123798245 0.77478907763126891872 0.90307261090839130446 
0.92244048285376711860 0.40840501056188749374 0.81129024341767053130 
0.12029432505275594600 0.29942948122776846809 0.62113160886093821134 
0.15717468413948454398 0.15391066113845974783 0.31581446007672586695 
0.14801615397114398220 0.58511807286048034271 0.73047420679149799305 
0.36238932059567408039 0.74017110575183875376 0.06795683111262063036 
0.59159257048326963080 0.75375548691050275885 0.90406704296615680860 
0.31173755188760221557 0.10932052829516858417 0.86123999368503811880 
0.88229822661888257507 0.75180852476019244257 0.63667016126509468066 
0.47271001129214629266 0.23228395564297321663 0.55952501971239310130 
0.32164889536906926537 0.93039590698606366992 0.45023235512843640116 
0.63775617146332819196 0.23320946914257634219 0.14952363852885164341 
0.00440531228993279456 0.72768755891661585089 0.58010613388812726221 
0.79833759360504319424 0.73562133459977330219 0.03797950954540341151 
0.22271477039895670735 0.17061343265431427874 0.02485258420833114101 
0.85504057066574112866 0.57863093605315829571 0.21439255628168996104 
0.81767715649106276210 0.41415020812474656609 0.97764497237053338274 
0.38812418536156045867 0.57082247658583251670 0.95893029273079832819 
0.22047815772819689961 0.36958750330369216641 0.62458640022419698035 
0.16804609393960134867 0.08092652101221786687 0.07469179980212437009 
0.92017097082766308169 0.00707270478610966258 0.53888128654450695443 
0.67298948265511016054 0.77596123016741436196 0.24199678799327251078 
0.73022140184032702237 0.06723308520991944093 0.84763528251197706176 
0.89221870370328826283 0.22750291225356389369 0.35295519297706690054 
0.09827668435627123777 0.58127017086757204467 0.70001350392687355928 
0.31546832665628921077 0.32324438559981572006 0.16947698262799582025 
0.81519941984059784978 0.46317424252179106858 0.83925059474744423405 
0.16638023559124470729 0.38014202307741307152 0.17514902721421332643 
0.60554545963695871613 0.16521946477227489325 0.18911301609029140813 
0.60828652773354652261 0.38387000412118399417 0.16967981255236908034 
0.43403371466549778290 0.84703243587809140536 0.19514585583967747340 
0.91859322457567049725 0.61229831071035634160 0.23238853292200456480 
0.85142525481086606121 0.26991382578638445366 0.54094830718950448478 
0.41185304627567242974 0.58819376238996690098 0.20720995678352860381 
0.94181005806729034546 0.79595406117283751257 0.08018958596159353469 
0.12883957490828179537 0.22778792045274509626 0.43297853465571334297 
0.04624928559273699946 0.49939779088592506362 0.11723791043082498753 
0.32678957684432252684 0.29559391486986119624 0.68410775712203197862 
0.97546792748437516352 0.58876574562320938000 0.71805379674093505749 
0.69892647347406633429 0.09519918815479044838 0.00351471764479827087 
0.38742132835059073237 0.33440974307258652942 0.65772531588915206235 
0.36476904703830781429 0.10146865096054069610 0.15291172386404139338 
0.58147383729938018071 0.87372630725304634147 0.58243244250512815618 
0.82997712557476055473 0.90140471182917569770 0.12451839941328346484 
0.25823180837384773767 0.12928258646950041566 0.70638840919711087807 
0.21665599373760846547 0.85693847301450332132 0.65467658850517418401 
0.42004450077221422433 0.24353391823021253160 0.33414106918613306618 
0.52288651372837580134 0.79002795214082932596 0.45643740112675068588 
0.20458357034956997644 0.20304438738235153217 0.93868753715667963000 
0.19308117965668047944 0.70748216476990255508 0.96138499129864585235 
0.62305017409792995409 0.98825074820006308940 0.12868729938751566344 
0.57960677305595620368 0.14676564894729327015 0.33132188216574154360 
0.56117999363928561252 0.70582676645273645377 0.62613840780373819506 
0.63188002449970648300 0.27298015245770823611 0.93418550915278353308 
0.52577664006687463427 0.03769085552687490015 0.99306662277110646642 
0.24766780879187200171 0.33377360707372827342 0.29389076431091676334 
0.77760808426548289063 0.48013310172334189296 0.83121803128099003288 
0.59305025849585413233 0.07899611215625435001 0.82490072876312292571 
0.15007812886512583717 0.22210942214935980310 0.69215814313897028320 
0.93349851953608231625 0.79765727892653126574 0.99502673160365939786 
0.55304926800759268701 0.32213285778602229747 0.73137341385685417094 
0.53552630007573331916 0.45339740601133837750 0.66691127469303301822 
0.25370563079304586651 0.31603351616218677833 0.14359038187239425710 
0.74790080705614547796 0.48676537999476976459 0.33822749195107237874 
0.72794816653559268893 0.76686243614088644982 0.03094408458271047380 
0.68359897125294311060 0.87582618840215675782 0.45477416948593396562 
0.90205496376045712914 0.05901598005260666469 0.55900364432694682471 
0.30520475362644505779 0.94787623687537281292 0.04081644037878828790 
0.62363067731511456770 0.26988513146395742837 0.39158213828029153625 
0.46904036110544167215 0.66837922076432021434 0.67171664856683799272 
0.79919085805514056275 0.42996872538628205795 0.14521286661394161577 
0.53036965576163108693 0.00693097734022063428 0.07662803248414773449 
0.18463837018131457057 0.76395534725375369156 0.17840863691757613552 
0.90748584209258864597 0.59288676251347149915 0.27476560551184636694 
0.16531784925973513900 0.25843301822891318054 0.84696415488556109352 
0.11738922018039277262 0.44126120777740140966 0.69325274106362400062 
0.76303542621165876270 0.26965239336612567556 0.08153083956224249640 
0.61933312926866213033 0.88778061221398663072 0.66969277695324458399 
0.17085044960218875865 0.40012628014268880605 0.99514368473229497525 
0.85245940347499660206 0.52395282222690697793 0.74019038903311829003 
0.40897333659930268368 0.64285127964825794500 0.11465147704005285156 
0.81355607218843450923 0.82933831644919431270 0.01037601769807383612 
0.40395433519184398286 0.35872747682288763649 0.97670233162585717857 
0.85983970453572244885 0.03717707936419478720 0.80161060475554002380 
0.99423447411865728540 0.38200442670896683772 0.69921001375330038563 
0.56879569506149540992 0.84778371588652734481 0.26071548862063664842 
0.89077927967526626674 0.58651313365303758829 0.32018345633171341191 
0.33349536522046019371 0.27832960513314342066 0.82701645756597241821 
0.01504304950315948908 0.49482046548102309735 0.51297550192608043496 
0.08577383711714481329 0.72074156988752324793 0.62105876624025646571 
0.48260925573410218270 0.77751014928093065137 0.79983684562253132277 
0.28593517281219527071 0.88407767923511348940 0.42806703116784028396 
0.34611832730727920548 0.24299734829561625560 0.16786521540311261091 
0.20682132783451234737 0.95852722023283187802 0.79679844059756388397 
0.41389650670183608661 0.91758040457714429294 0.85129524830872393970 
0.46426692727604912392 0.64200097012114443196 0.64417981698429205295 
0.59934293603384780624 0.16882336397676112050 0.15088733318991631727 
0.96958939086871787083 0.20117813357389824347 0.66578170207190678909 
0.42982715343578514755 0.43334644975430935965 0.27467400561449717422 
0.70244018110199868410 0.18942001118642215474 0.14960417202735776243 
0.00772477532804871636 0.60306985696594850310 0.16251720694582050264 
0.64963197855821519511 0.72045301661738991861 0.98936367359141885736 
0.90978382317855910344 0.55693031372023837910 0.41119481414049330326 
0.43515928257231228926 0.10938256741154872564 0.87062625113143599087 
0.01821122937012553678 0.59172201234079846444 0.01420721455058360227 
0.04610608083469647234 0.07936417748237789560 0.56900915803848017838 
0.95706129227280167804 0.13800605472233851145 0.73705367530634791073 
0.12274094013743463982 0.79077485644654244012 0.69076032382820273803 
0.07655395536430442682 0.73346863822538010957 0.35847042297643127995 
0.68141275843264503820 0.77563788070622585735 0.95340038911390290188 
0.46192684305937459222 0.16628239777323039483 0.18230137170777038769 
0.79703901098162077687 
generated randoms (0, 1]
0.53633165582307218422 0.84249227729945874721 0.06718767918406154394 
0.17124102462776291667 0.21910108502409619824 0.46067128120711742234 
0.60239200733303066571 0.53157442554194078710 0.46120056265320474864 
0.17990673433510773194 0.38043783864256575100 0.92396498982100983000 
0.53582255266625722356 0.77251262413065568957 0.45289030241781391695 
0.34040922547011431831 0.37135272725805745786 0.60441968713387583811 
0.50216456343789284134 0.70166564331584813097 0.42702509089778328821 
0.33727942540537525495 0.23845292364186931877 0.29687202697431258613 
0.85813580152287460834 0.95513777472514260758 0.05823942361084744057 
0.36133309304990368638 0.23924401680341422782 0.06792503802084670639 
0.05421965648779303315 0.43367102693653070133 0.40324302620300955802 
0.13109059513132859109 0.34707597486820152000 0.03496801712776753668 
0.82752864083091304259 0.74221247336489448720 0.99146113724486983898 
0.44180960900642229916 0.02144051079028130857 0.16011649204669531343 
0.03278262181669777675 0.68767650783867573239 0.41690924138858509451 
0.56155929851343988624 0.54463266122236908551 0.37009961113799749732 
0.67805598780558495875 0.84786453272741790776 0.68087188630394579469 
0.93459634347489317641 0.89074214552562525071 0.29438874020638872153 
0.95875136551822714992 0.94465687383651819609 0.01315110389259421808 
0.43429910401277904697 0.74796856064401695541 0.11490450255534967461 
0.61207984513422930561 0.34116423091417713565 0.72778985422688480256 
0.51447305056482672825 0.02773114546033639272 0.33338010853268640332 
0.04810217705827701806 0.70858641404723554658 0.33069452138454713541 
0.01584826826002783129 0.00957806475023148529 0.40432040244980860244 
0.19312075866527589341 0.20855711781303898356 0.12073891492517474511 
0.74256636614236071203 0.97753717437782627897 0.15160780905130666341 
0.56993390028492529886 0.57158499666755768764 0.48557667911222202051 
0.63772527347121776842 0.06067320675538834251 0.98260481962457868477 
0.23395523184991429133 0.28111940577953919984 0.12428119824928707260 
0.19534447046027536565 0.25926219591774035678 0.68273696498649982800 
0.06190951207346939711 0.79420267884061623853 0.39336832818206746154 
0.94778249277492121472 0.44879954952164435866 0.51602861225327223416 
0.94690583509448833510 0.54833773207190916743 0.05433923954292207981 
0.04855019639426982891 0.89030745304763914127 0.55945868822901068107 
0.03202732338479385987 0.41163906199447564127 0.93357854520541661003 
0.24534534152839171384 0.56585974323437304712 0.41226172057949428407 
0.78690726473557659482 0.48286262673234192633 0.90241131122156592603 
0.93783980295567404006 0.80348838143688472435 0.03109270336845337823 
0.33270491279142166974 0.28588705124871904850 0.55597066598295508122 
0.11656025780592260688 0.24337183534064577017 0.06064431292348793079 
0.60695672717488413639 0.24022249504686232768 0.54507438745178937722 
0.86201536841717030235 0.55100065838206968571 0.88498933913725830180 
0.12459065035670424670 0.66792910338894651012 0.58895437992965171681 
0.69381006537153289138 0.19405400668803562958 0.38651826823971302538 
0.43148267549597774106 0.19229938729131701436 0.11666204992095963178 
0.04914210034879906708 0.89791009222169670956 0.77671506784215194052 
0.32820499388855428613 0.27840216133690898204 0.70822674802631424562 
0.94325670455057264441 0.21911376390591463803 0.95941012474538367449 
0.76633104877852220582 0.02190745491248802246 0.35614304315121136923 
0.58471374819709942550 0.08723464018818627430 0.61480716661616696683 
0.46790372741864127981 0.74481932550792251391 0.84413789661077620607 
0.35611089182750466087 0.76373941250283028381 0.97013532943731362046 
0.47035215925353912603 0.60484949194402393147 0.28107986321315370226 
0.96638348810799845623 0.60869631566476889439 0.77807140618119974285 
0.80761383298656164165 0.71036491049618577520 0.34805483012507987262 
0.59040923576763781888 0.17960679332691031895 0.66337298577460135363 
0.27776296817755330437 0.50738620153204472274 0.38719327525488345110 
0.55886520120354621355 0.60415018197289604984 0.65035112476274270499 
0.76287363652097361921 0.66449030556717469942 0.42420557035716988104 
0.63574358946163989081 0.91503736527440038273 0.24836395098941888016 
0.10710381939255153583 0.87586778144240251542 0.15757903266058259639 
0.25074987104223489531 0.74882896000867993358 0.88119740475519647838 
0.16993300204317307589 0.96354613954010259746 0.07932858273283494022 
0.26807001646128747474 0.95373734968440038173 0.06300494328118344534 
0.67831157918100148940 0.89371345294979143148 0.68759861516412756899 
0.91409361761056318052 0.64789859558822571195 0.68420454986581225043 
0.47537159046356336489 0.01392553541364671688 0.85697838274553506110 
0.47272306065835234534 0.01484832232553157105 0.72716670236406799610 
0.26035806404503958333 0.48738901692123803855 0.74221527440464107883 
0.88264621697873035799 0.64217335959046129013 0.85652367226299430669 
0.87335575853404190383 0.56191266176200316274 0.02007027497677538186 
0.34978056748040975421 0.23205528657250829028 0.68369957390082780613 
0.15232832747530622441 0.71672040076763798844 0.32866277421070599907 
0.30666073890570566540 0.45649568335658963214 0.18100557438732334248 
0.88393265247136709739 0.06121341860982765226 0.24501206902740713112 
0.97477274167438276997 0.34077596665366738371 0.28953408786904333283 
0.28448129058127480384 0.46671783716498582706 0.35971620457091635359 
0.16316291105319113974 0.70954514192160078601 0.11339868394349283953 
0.24854077449302747205 0.78585399073754658161 0.51610797358812243729 
0.74341639930669023428 0.93243500493003783625 0.76368792593579559735 
0.03209263735526923789 0.11035367924271599627 0.23888737948252614096 
0.62050457960994598317 0.93769990336802977460 0.83681585397685087635 
0.82639768657169931920 0.05336371149513841061 0.10078909356434850864 
0.69599887052146525157 0.24281657163030834212 0.02302456008669606646 
0.82516143615474790707 0.67953317356466502730 0.64351763790666161036 
0.25420791073192505749 0.34100910726603816947 0.80327791833815509470 
0.74300948665373534041 0.04375570644929438480 0.60263546521468702721 
0.40641049403250839589 0.39311882287676969128 0.64776942188308317405 
0.86831915878947829590 0.94751867189481098208 0.15427957427552341230 
0.25056661542259117681 0.24841837775742603434 0.21131517431131330298 
0.49214597506216928302 0.67604762686913688619 0.35556989903499713890 
0.82084794358886603582 0.26398261527643351876 0.36886263965733312453 
0.70161085042478887885 0.51883085246607452135 0.03820593112813663872 
0.32073995414998535125 0.37185712512541191366 0.53075620501893849834 
0.11337795873205558372 0.83776272852547628567 0.16345690660697309582 
0.63857458760765961614 0.10484175495870928785 0.45767975965004392691 
0.88985190941343139670 0.88895099486615669626 0.69837173124560836257 
0.01542166190592242359 0.17380343437158263242 0.79625136484570613327 
0.82111498838351093532 0.28974636801789488416 0.05830749875392804427 
0.43352234304772441220 0.85508027117882590140 0.98717226356630249917 
0.04504604042209536807 0.28338970854288025869 0.34373490054692767970 
0.93584598791618733848 0.41645180013945304331 0.41310194042055692343 
0.25824710496976743812 0.94306467819491301974 0.12417488000261811543 
0.20954631380912536187 0.40167119284767638376 0.49610005617948593759 
0.42846156104441135426 0.37585208395834901474 0.25836228051254828131 
0.22251056883484898741 0.65210213173021647215 0.81423233546593043464 
0.11268869551685756214 0.24462999605613311438 0.74123613865255100208 
0.77479895457792702373 0.00406520258837983484 0.72435226026969945501 
0.71357777403251532178 0.91673566544543994006 0.07957083982090540353 
0.37027230724166848574 0.57124960586697581810 0.35819281888707799055 
0.12584648680484789018 0.52098229385689176496 0.13549374550076098700 
0.43527100376285221550 0.29722772091680238482 0.03389428738187749701 
0.88860663296425324020 0.03545157701209156187 0.85670887264103456893 
0.80837135740545229545 0.52531009218947155581 0.45383042269025586357 
0.04620593522591165403 0.71418003769316840135 0.11451721359393030042 
0.57321194361728311506 0.88800577528273882955 0.59936962295075146834 
0.87552238505542701041 0.05142042751872866191 0.41988046129110023763 
0.36063195639239964407 0.66623605556112130976 0.10740689222870902775 
0.43259231848911228191 0.87174774967528456671 0.19343621467285809779 
0.74528578993103100636 0.60200237894531927196 0.55140451628763575975 
0.34699580645674976687 0.50490733678636412485 0.90132552626739870227 
0.07434499223527191170 0.06288684380598286161 0.09561630892648098623 
0.71627587904224032656 0.98749906759745043061 0.02520633290079676847 
0.32111247626100536401 0.18671290000998852499 0.05442610323626584368 
0.19223803317214271935 0.29486520001183835760 0.90170827211844817306 
0.79331457212213329910 0.31350153979644446167 0.44593364639782961945 
0.78198907033610898232 0.21328604166223663618 0.79032810237319139901 
0.43008787926364222542 0.87452082632414085417 0.48492033006454993149 
0.68699235103881162168 0.64576722242196771262 0.24635703769347094827 
0.94416033565720391962 0.96974183216521758766 0.34508603136293536373 
0.60344022995068047344 0.88191617213961559507 0.02845967880050737087 
0.13422225968974710320 0.54406576599158662511 0.68287993954513370731 
0.24083846981821577238 0.13462258233275625763 0.32232085879777372384 
0.18628524285049108400 0.38504380164500373596 0.12129519349909734238 
0.50130818693527046115 0.30952609495335692280 0.32795138198621964776 
0.49795340355445372182 0.46870237125112312881 0.13955121082785115760 
0.34699443175060085132 0.04786163406428833866 0.76776297990211839206 
0.84702302386729000361 0.81372187453878597196 0.88302245916228883083 
0.99517984247182966762 0.08588890991243736117 0.32050916352989999858 
0.29752505149048746880 0.62926172165999827435 0.32758193982682781709 
0.61373764440989764246 0.73831406451828551774 0.09855677452339328681 
0.86856550192553361178 0.15941585521805223813 0.00785521431232716338 
0.10549977878341465498 0.62807187947864195898 0.69087191455785723626 
0.86253947880677883653 0.41542872423120624781 0.64172882010075715797 
0.59565324370180117164 0.26220192822254739795 0.76616104145145103033 
0.75788575628790688654 0.83855123818287302662 0.41146181630649802941 
0.14433138682563462218 0.06883364670585923051 0.95493152749299126114 
0.34317069956078238846 0.09246493976528147307 0.50090652955510650557 
0.78768523939661361233 0.33436995182568640672 0.45622726235390897997 
0.89300569498607496044 0.73181206735992176959 0.11262007214689373491 
0.23533229876169992068 0.05898446097190168658 0.90801664566698825354 
0.87579857723402310121 0.19086422070489650338 0.23857802778905745633 
0.01754264223646218035 0.85118691734562701434 0.46087619344024788326 
0.57775051324141823983 0.92479086443609270773 0.96829579235047336105 
0.89283028189145130504 0.76062614469976663756 0.63055530479365340391 
0.86126108295245207280 0.68365440455742465531 0.10923588226902802845 
0.53513069011429381661 0.24043202717407585745 0.89464572482728632608 
0.07100453027619590962 0.89339197165481709639 0.51395163129268173208 
0.56045522787168344792 0.50148453381840329968 0.81088868424166982152 
0.53640219351795193070 0.32159882322265542776 0.95045526598711993493 
0.23474579577180909595 0.52490325964811801462 0.11861033711246005140 
0.60676997588032799413 0.06520236483306929287 0.94895304953160608541 
0.32799261918140421024 0.84281234161840079544 0.04185931783774798909 
0.13132977422033143000 0.49650039536932366602 0.72922851185285031406 
0.91778760269175840847 0.30885251846158712219 0.79705553301445353220 
0.03999357562593952586 0.14067875895589976309 0.10984154854231409359 
0.26469240648236747049 0.87321040374590941369 0.33601658442486193046 
0.38726089167532817825 0.64856167499061823101 0.00845036403413845782 
0.63654018685221336327 0.61777427312958987926 0.53095697282252163340 
0.37290187427050014435 0.95250986046376984184 0.45272261293898874435 
0.96734305230782413609 0.20429415418355012513 0.69265644839576756553 
0.24792589996140823594 0.01010665070510774477 0.00321222265000331575 
0.35285574164638955352 0.16090393248827772332 0.66911353072219115212 
0.78791765020640780470 0.16313202335988608027 0.49143134007941458030 
0.54674332446670503849 0.34457058289438613485 0.22074698931881653330 
0.76610949393504479410 0.35938932490048158819 0.16747952430183143946 
0.64928845870250295746 0.47300241404116150079 0.77493015498977935174 
0.43734054760902507653 0.09967204186867029136 0.87299549193875525255 
0.12261436150078375285 0.83052084790732649822 0.24548785935248207402 
0.53241172255353474974 0.69113097542279189334 0.21948562448874087139 
0.98313295186795657266 0.74164233740833962472 0.28099959702575683096 
0.87543276228131139405 0.62652381478537888526 0.59718259454210431691 
0.78205750372233517886 0.88416675021200785700 0.66005149758779602109 
0.39030122843627101936 0.93311855500079476933 0.57312627732163323735 
0.02968963665823687315 0.08985315722735665034 0.26547869374092880612 
0.24357067423345823975 0.27129864630046940377 0.34520990406048457366 
0.37110248725956895832 0.22264409409361074488 0.44956207971383510547 
0.18069740819222701589 0.89047437004970264596 0.25364419866738807663 
0.61644022664791120469 0.06137163380286048131 0.64928872632924661268 
0.10919676870213357311 0.61627224897888921440 0.65390574891388975054 
0.98381698539587425500 0.02309371088721334786 0.14545431641072514850 
0.86808785539902055817 0.68131429180701252868 0.35486954410042703678 
0.88036619590236231403 0.10807268993888907715 0.31885020077751646816 
0.98074526261297845231 0.47374467988468826896 0.90841809930770800463 
0.21203879332245589850 0.07801467503673009674 0.41417873404045080221 
0.07141842552989308146 0.97114206220864596197 0.45740968602513554231 
0.25893881541942187496 0.14898486619073136872 0.39152996867573719442 
0.71936449696918036700 0.46168534308516950837 0.05348121486055679163 
0.23747581424458785726 0.96356111513872644281 0.69450596857549085072 
0.39487241164371811308 0.47051321101251963874 0.52676503751792536079 
0.03457983000027975429 0.73125042033562293042 0.09260316222490883042 
0.58144971730031502766 0.66726714855739355237 0.66343917645808558881 
0.07851601441909061840 0.07319862584644387660 0.68394502452065197851 
0.83360120887296673686 0.69487193902845922899 0.30734091832700904945 
0.47641090422402077031 0.58542862133886952591 0.92624285805071604472 
0.72091699273311338203 0.62963671305525803490 0.83211273781196370969 
0.05763287838161668120 0.75625135540511534415 0.60263945337874225139 
0.92992490882894651705 0.48212189971046326420 0.89831256068321718722 
0.37729504778104949736 0.33326532332691538585 0.54563739105478670233 
0.56348154839238162594 0.81061585932958313272 0.73659159354457681701 
0.90834153379266058259 0.33603248573748700778 0.59502402111904428850 
0.37934636569364288405 0.09835261772180370343 0.06662491816277138490 
0.98642144200517822838 0.46618121559463365777 0.83320270883975799947 
0.16475987709398376424 0.59769428946561387050 0.53549359894465053955 
0.47901724241261423032 0.65595946493419310386 0.03759186647336276721 
0.04866488305914096202 0.43258854511284794420 0.81385572122919480620 
0.19877269289656762652 0.49683689810808218112 0.20709941920696128825 
0.77846827396414863820 0.67667879137243658327 0.80290418723144396651 
0.91660092729531439382 0.08958831560187308085 0.37271344184520494025 
0.71590730839660210449 0.20068350203374896168 0.49872701401472618876 
0.50457150693938590535 0.47339641771155038796 0.43795099710178475583 
0.09796530181160822970 0.79060937612634263338 0.78956841980951786297 
0.93147607179876201755 0.22521092236873108128 0.09692738909160869554 
0.07755951714623288140 0.59159498943811250626 0.18870975658232946870 
0.87970567494724405400 0.70057051877223153191 0.37886839113906178866 
0.84282531586051545602 0.84608933886154025217 0.68418553992327413305 
0.85198384602885601780 0.41488192713951965729 0.26952579320850200695 
0.63761067940432591961 0.25982889424816124624 0.93204316888737936964 
0.40840742951673036920 0.24624451308949724115 0.09593295703384319140 
0.68826244811239778443 0.89067947170483141583 0.13876000631496188120 
0.11770177338111742493 0.24819147523980755743 0.36332983873490531934 
0.52728998870785370734 0.76771604435702678337 0.44047498028760689870 
0.67835110463093073463 0.06960409301393633008 0.54976764487156359884 
0.36224382853667180804 0.76679053085742365781 0.85047636147114835659 
0.99559468771006720544 0.27231244108338414911 0.41989386611187273779 
0.20166240639495680576 0.26437866540022669781 0.96202049045459658849 
0.77728522960104329265 0.82938656734568572126 0.97514741579166885899 
0.14495942933425887134 0.42136906394684170429 0.78560744371831003896 
0.18232284350893723790 0.58584979187525343391 0.02235502762946661726 
0.61187581463843954133 0.42917752341416748330 0.04106970726920167181 
0.77952184227180310039 0.63041249669630783359 0.37541359977580301965 
0.83195390606039865133 0.91907347898778213313 0.92530820019787562991 
0.07982902917233691831 0.99292729521389033742 0.46111871345549304557 
0.32701051734488983946 0.22403876983258563804 0.75800321200672748922 
0.26977859815967297763 0.93276691479008055907 0.15236471748802293824 
0.10778129629671173717 0.77249708774643610631 0.64704480702293309946 
0.90172331564372876223 0.41872982913242795533 0.29998649607312644072 
0.68453167334371078923 0.67675561440018427994 0.83052301737200417975 
0.18480058015940215022 0.53682575747820893142 0.16074940525255576595 
0.83361976440875529271 0.61985797692258692848 0.82485097278578667357 
0.39445454036304128387 0.83478053522772510675 0.81088698390970859187 
0.39171347226645347739 0.61612999587881600583 0.83032018744763091966 
0.56596628533450221710 0.15296756412190859464 0.80485414416032252660 
0.08140677542432950275 0.38770168928964365840 0.76761146707799543520 
0.14857474518913393879 0.73008617421361554634 0.45905169281049551522 
0.58814695372432757026 0.41180623761003309902 0.79279004321647139619 
0.05818994193270965454 0.20404593882716248743 0.91981041403840646531 
0.87116042509171820463 0.77221207954725490374 0.56702146534428665703 
0.95375071440726300054 0.50060220911407493638 0.88276208956917501247 
0.67321042315567747316 0.70440608513013880376 0.31589224287796802138 
0.02453207251562483648 0.41123425437679062000 0.28194620325906494251 
0.30107352652593366571 0.90480081184520955162 0.99648528235520172913 
0.61257867164940926763 0.66559025692741347058 0.34227468411084793765 
0.63523095296169218571 0.89853134903945930390 0.84708827613595860662 
0.41852616270061981929 0.12627369274695365853 0.41756755749487184382 
0.17002287442523944527 0.09859528817082430230 0.87548160058671653516 
0.74176819162615226233 0.87071741353049958434 0.29361159080288912193 
0.78334400626239153453 0.14306152698549667868 0.34532341149482581599 
0.57995549922778577567 0.75646608176978746840 0.66585893081386693382 
0.47711348627162419866 0.20997204785917067404 0.54356259887324931412 
0.79541642965043002356 0.79695561261764846783 0.06131246284332037000 
0.80691882034331952056 0.29251783523009744492 0.03861500870135414765 
0.37694982590207004591 0.01174925179993691060 0.87131270061248433656 
0.42039322694404379632 0.85323435105270672985 0.66867811783425845640 
0.43882000636071438748 0.29417323354726354623 0.37386159219626180494 
0.36811997550029351700 0.72701984754229176389 0.06581449084721646692 
0.47422335993312536573 0.96230914447312509985 0.00693337722889353358 
0.75233219120812799829 0.66622639292627172658 0.70610923568908323666 
0.22239191573451710937 0.51986689827665810704 0.16878196871900996712 
0.40694974150414586767 0.92100388784374564999 0.17509927123687707429 
0.84992187113487416283 0.77789057785064019690 0.30784185686102971680 
0.06650148046391768375 0.20234272107346873426 0.00497326839634060214 
0.44695073199240731299 0.67786714221397770253 0.26862658614314582906 
0.46447369992426668084 0.54660259398866162250 0.33308872530696698178 
0.74629436920695413349 0.68396648383781322167 0.85640961812760574290 
0.25209919294385452204 0.51323462000523023541 0.66177250804892762126 
0.27205183346440731107 0.23313756385911355018 0.96905591541728952620 
0.31640102874705688940 0.12417381159784324218 0.54522583051406603438 
0.09794503623954287086 0.94098401994739333531 0.44099635567305317529 
0.69479524637355494221 0.05212376312462718708 0.95918355962121171210 
0.37636932268488543230 0.73011486853604257163 0.60841786171970846375 
0.53095963889455832785 0.33162077923567978566 0.32828335143316200728 
0.20080914194485943725 0.57003127461371794205 0.85478713338605838423 
0.46963034423836891307 0.99306902265977936572 0.92337196751585226551 
0.81536162981868542943 0.23604465274624630844 0.82159136308242386448 
0.09251415790741135403 0.40711323748652850085 0.72523439448815363306 
0.83468215074026486100 0.74156698177108681946 0.15303584511443890648 
0.88261077981960722738 0.55873879222259859034 0.30674725893637599938 
0.23696457378834123730 0.73034760663387432444 0.91846916043775750360 
0.38066687073133786967 0.11221938778601336928 0.33030722304675541601 
0.82914955039781124135 0.59987371985731119395 0.00485631526770502475 
0.14754059652500339794 0.47604717777309302207 0.25980961096688170997 
0.59102666340069731632 0.35714872035174205500 0.88534852295994714844 
0.18644392781156549077 0.17066168355080568730 0.98962398230192616388 
0.59604566480815601714 0.64127252317711236351 0.02329766837414282143 
0.14016029546427755115 0.96282292063580521280 0.19838939524445997620 
0.00576552588134271460 0.61799557329103316228 0.30078998624669961437 
0.43120430493850459008 0.15221628411347265519 0.73928451137936335158 
0.10922072032473373326 0.41348686634696241171 0.67981654366828658809 
0.66650463477953980629 0.72167039486685657934 0.17298354243402758179 
0.98495695049684051092 0.50517953451897690265 0.48702449807391956504 
0.91422616288285518671 0.27925843011247675207 0.37894123375974353429 
0.51739074426589781730 0.22248985071906934863 0.20016315437746867723 
0.71406482718780472929 0.11592232076488651060 0.57193296883215971604 
0.65388167269272079452 0.75700265170438374440 0.83213478459688738909 
0.79317867216548765263 0.04147277976716812198 0.20320155940243611603 
0.58610349329816391339 0.08241959542285570706 0.14870475169127606030 
0.53573307272395087608 0.35799902987885556804 0.35582018301570794705 
0.40065706396615219376 0.83117663602323887950 0.84911266681008368273 
0.03041060913128212917 0.79882186642610175653 0.33421829792809321091 
0.57017284656421485245 0.56665355024569064035 0.72532599438550282578 
0.29755981889800131590 0.81057998881357784526 0.85039582797264223757 
0.99227522467195128364 0.39693014303405149690 0.83748279305417949736 
0.35036802144178480489 0.27954698338261008139 0.01063632640858114264 
0.09021617682144089656 0.44306968627976162090 0.58880518585950669674 
0.56484071742768771074 0.89061743258845127436 0.12937374886856400913 
0.98178877062987446322 0.40827798765920153556 0.98579278544941639773 
0.95389391916530352766 0.92063582251762210440 0.43099084196151982162 
0.04293870772719832196 0.86199394527766148855 0.26294632469365208927 
0.87725905986256536018 0.20922514355345755988 0.30923967617179726197 
0.92344604463569557318 0.26653136177461989043 0.64152957702356872005 
0.31858724156735496180 0.22436211929377414265 0.04659961088609709812 
0.53807315694062540778 0.83371760222676960517 0.81769862829222961231 
0.20296098901837922313 
generated randoms (0,1)
0.46366834417692781578 0.15750772270054125279 0.93281232081593867811 
0.82875897537223708333 0.78089891497590380176 0.53932871879288257766 
0.39760799266696955634 0.46842557445805943495 0.53879943734679547340 
0.82009326566489249011 0.61956216135743447104 0.07603501017899039205 
0.46417744733374299848 0.22748737586934431043 0.54710969758218630510 
0.65959077452988590373 0.62864727274194254214 0.39558031286612416189 
0.49783543656210738071 0.29833435668415186903 0.57297490910221671179 
0.66272057459462474505 0.76154707635813090327 0.70312797302568763591 
0.14186419847712561371 0.04486222527485739242 0.94176057638915255943 
0.63866690695009631362 0.76075598319658577218 0.93207496197915351566 
0.94578034351220696685 0.56632897306346952071 0.59675697379699044198 
0.86890940486867163095 0.65292402513179870205 0.96503198287223246332 
0.17247135916908695741 0.25778752663510551280 0.00853886275513038306 
0.55819039099357792288 0.97855948920971891347 0.83988350795330490861 
0.96721737818330244529 0.31232349216132448966 0.58309075861141512753 
0.43844070148656011376 0.45536733877763091449 0.62990038886200250268 
0.32194401219441526329 0.15213546727258209224 0.31912811369605420531 
0.06540365652510682359 0.10925785447437497133 0.70561125979361150051 
0.04124863448177307212 0.05534312616348180391 0.98684889610740600396 
0.56570089598722117508 0.25203143935598304459 0.88509549744465032539 
0.38792015486577091643 0.65883576908582308640 0.27221014577311541949 
0.48552694943517349380 0.97226885453966382933 0.66661989146731381872 
0.95189782294172320398 0.29141358595276467547 0.66930547861545286459 
0.98415173173997216871 0.99042193524976851471 0.59567959755019139756 
0.80687924133472432864 0.79144288218696101644 0.87926108507482525489 
0.25743363385763928797 0.02246282562217394307 0.84839219094869355864 
0.43006609971507470114 0.42841500333244231236 0.51442332088777820154 
0.36227472652878245363 0.93932679324461187953 0.01739518037542153728 
0.76604476815008593071 0.71888059422046102220 0.87571880175071314945 
0.80465552953972463435 0.74073780408225986527 0.31726303501350039404 
0.93809048792653082494 0.20579732115938376147 0.60663167181793276050 
0.05221750722507878528 0.55120045047835586338 0.48397138774672776584 
0.05309416490551188694 0.45166226792809083257 0.94566076045707814224 
0.95144980360573039313 0.10969254695236085873 0.44054131177098931893 
0.96797267661520636217 0.58836093800552435873 0.06642145479458361201 
0.75465465847160850821 0.43414025676562695288 0.58773827942050593798 
0.21309273526442340518 0.51713737326765829572 0.09758868877843407397 
0.06216019704432595994 0.19651161856311527565 0.96890729663154684381 
0.66729508720857855231 0.71411294875128095150 0.44402933401704491878 
0.88343974219407761517 0.75662816465935445187 0.93935568707651229126 
0.39304327282511608566 0.75977750495313789436 0.45492561254821084482 
0.13798463158282969765 0.44899934161793031429 0.11501066086274192024 
0.87540934964329575330 0.33207089661105348988 0.41104562007034828319 
0.30618993462846710862 0.80594599331196437042 0.61348173176028697462 
0.56851732450402248098 0.80770061270868320769 0.88333795007904059027 
0.95085789965120093292 0.10208990777830329044 0.22328493215784805948 
0.67179500611144571387 0.72159783866309124001 0.29177325197368575438 
0.05674329544942735559 0.78088623609408558401 0.04058987525461632551 
0.23366895122147801622 0.97809254508751197754 0.64385695684878885281 
0.41528625180290057450 0.91276535981181372570 0.38519283338383325521 
0.53209627258135872019 0.25518067449207770814 0.15586210338922401597 
0.64388910817249533913 0.23626058749716993823 0.02986467056268637954 
0.52964784074646087397 0.39515050805597629058 0.71892013678684629774 
0.03361651189200176582 0.39130368433523110561 0.22192859381880025715 
0.19238616701343835835 0.28963508950381444684 0.65194516987492012738 
0.40959076423236218112 0.82039320667308968105 0.33662701422539886842 
0.72223703182244691767 0.49261379846795549931 0.61280672474511654890 
0.44113479879645400850 0.39584981802710417220 0.34964887523725729501 
0.23712636347902660283 0.33550969443282530058 0.57579442964283011896 
0.36425641053836010919 0.08496263472559983931 0.75163604901058111984 
0.89289618060744868622 0.12413221855759748458 0.84242096733941740361 
0.74925012895776510469 0.25117103999132006642 0.11880259524480352162 
0.83006699795682714615 0.03645386045989762458 0.92067141726716505978 
0.73192998353871252526 0.04626265031559984031 0.93699505671881655466 
0.32168842081899851060 0.10628654705020879057 0.31240138483587265306 
0.08590638238943681948 0.35210140441177428805 0.31579545013418797161 
0.52462840953643685715 0.98607446458635350517 0.14302161725446516094 
0.52727693934164787670 0.98515167767446842895 0.27283329763593200390 
0.73964193595496063871 0.51261098307876218350 0.25778472559535914321 
0.11735378302126986405 0.35782664040953870987 0.14347632773700591535 
0.12664424146595831822 0.43808733823799683726 0.97992972502322461814 
0.65021943251959046783 0.76794471342749193177 0.31630042609917219387 
0.84767167252469399763 0.28327959923236201156 0.67133722578929400093 
0.69333926109429433460 0.54350431664341036786 0.81899442561267687957 
0.11606734752863290261 0.93878658139017256978 0.75498793097259286888 
0.02522725832561723003 0.65922403334633261629 0.71046591213095688921 
0.71551870941872519616 0.53328216283501439499 0.64028379542908386846 
0.83683708894680886026 0.29045485807839921399 0.88660131605650716047 
0.75145922550697252795 0.21414600926245364043 0.48389202641187778475 
0.25658360069330998776 0.06756499506996216375 0.23631207406420462469 
0.96790736264473076211 0.88964632075728400373 0.76111262051747385904 
0.37949542039005401683 0.06230009663197022540 0.16318414602314912365 
0.17360231342830068080 0.94663628850486181143 0.89921090643565171341 
0.30400112947853474843 0.75718342836969187992 0.97697543991330415558 
0.17483856384525231498 0.32046682643533519474 0.35648236209333838964 
0.74579208926807516455 0.65899089273396183053 0.19672208166184490530 
0.25699051334626488163 0.95624429355070561520 0.39736453478531319483 
0.59358950596749182615 0.60688117712323053077 0.35223057811691682595 
0.13168084121052170410 0.05248132810518923996 0.84572042572447680975 
0.74943338457740904524 0.75158162224257396566 0.78868482568868691907 
0.50785402493783071698 0.32395237313086311381 0.64443010096500308315 
0.17915205641113396418 0.73601738472356648124 0.63113736034266687547 
0.29838914957521134319 0.48116914753392570070 0.96179406887186336128 
0.67926004585001487079 0.62814287487458808634 0.46924379498106172370 
0.88662204126794441628 0.16223727147452371433 0.83654309339302712623 
0.36142541239234060590 0.89515824504129093420 0.54232024034995629513 
0.11014809058656882534 0.11104900513384330374 0.30162826875439185947 
0.98457833809407779846 0.82619656562841758962 0.20374863515429386673 
0.17888501161648906468 0.71025363198210533788 0.94169250124607217778 
0.56647765695227580984 0.14491972882117409860 0.01282773643369750083 
0.95495395957790463193 0.71661029145711974131 0.65626509945307254235 
0.06415401208381266152 0.58354819986054695669 0.58689805957944307657 
0.74175289503023278392 0.05693532180508698026 0.87582511999738188457 
0.79045368619087486017 0.59832880715232383828 0.50389994382051406241 
0.57153843895558886778 0.62414791604165098526 0.74163771948745194074 
0.77748943116515101259 0.34789786826978352785 0.18576766453406956536 
0.88731130448314243786 0.75537000394386688562 0.25876386134744921996 
0.22520104542207319831 0.99593479741162016516 0.27564773973030054499 
0.28642222596748490027 0.08326433455456005994 0.92042916017909459647 
0.62972769275833173630 0.42875039413302418190 0.64180718111292223149 
0.87415351319515210982 0.47901770614310845708 0.86450625449923923505 
0.56472899623714778450 0.70277227908319761518 0.96610571261812272503 
0.11139336703574698184 0.96454842298790866018 0.14329112735896543107 
0.19162864259454770455 0.47468990781052844419 0.54616957730974413643 
0.95379406477408834597 0.28581996230683182070 0.88548278640606992163 
0.42678805638271710698 0.11199422471726117045 0.40063037704924853166 
0.12447761494457298959 0.94857957248127156014 0.58011953870889976237 
0.63936804360760057797 0.33376394443887869024 0.89259310777129097225 
0.56740768151088771809 0.12825225032471565534 0.80656378532714190221 
0.25471421006896899364 0.39799762105468095008 0.44859548371236424025 
0.65300419354325023313 0.49509266321363587515 0.09867447373260129773 
0.92565500776472808830 0.93711315619401713839 0.90438369107351923581 
0.28372412095775989549 0.01250093240254979143 0.97479366709920323153 
0.67888752373899463599 0.81328709999001147501 0.94557389676373415632 
0.80776196682785728065 0.70513479998816186445 0.09829172788155182694 
0.20668542787786692294 0.68649846020355576037 0.55406635360217060260 
0.21801092966389101768 0.78671395833776336382 0.20967189762680882303 
0.56991212073635799662 0.12547917367585914583 0.51507966993545006851 
0.31300764896118837832 0.35423277757803250942 0.75364296230652905173 
0.05583966434279630242 0.03025816783478263439 0.65491396863706463627 
0.39655977004931952656 0.11808382786038440493 0.97154032119949262913 
0.86577774031025289680 0.45593423400841337489 0.31712006045486629269 
0.75916153018178422762 0.86537741766724374237 0.67767914120222649821 
0.81371475714950913805 0.61495619835499648609 0.87870480650090265762 
0.49869181306472953885 0.69047390504664307720 0.67204861801378057429 
0.50204659644554650022 0.53129762874887709323 0.86044878917214906444 
0.65300556824939914868 0.95213836593571188338 0.23223702009788182998 
0.15297697613271021844 0.18627812546121425008 0.11697754083771116917 
0.00482015752817033238 0.91411109008756263883 0.67949083647010000142 
0.70247494850951253120 0.37073827834000172565 0.67241806017317240496 
0.38626235559010235754 0.26168593548171448226 0.90144322547660693523 
0.13143449807446638822 0.84058414478194776187 0.99214478568767305866 
0.89450022121658556706 0.37192812052135804102 0.30912808544214276374 
0.13746052119322116347 0.58457127576879375219 0.35827117989924306407 
0.40434675629819882836 0.73779807177745282409 0.23383895854854919172 
0.24211424371209333550 0.16144876181712697338 0.58853818369350219264 
0.85566861317436537782 0.93116635329414099154 0.04506847250700896090 
0.65682930043921783358 0.90753506023471852693 0.49909347044489371648 
0.21231476060338638767 0.66563004817431381532 0.54377273764609124207 
0.10699430501392526160 0.26818793264007845245 0.88737992785310626509 
0.76466770123830030137 0.94101553902809853547 0.09198335433301196851 
0.12420142276597689879 0.80913577929510371867 0.76142197221094254367 
0.98245735776353781965 0.14881308265437298566 0.53912380655975211674 
0.42224948675858198222 0.07520913556390751431 0.03170420764952663895 
0.10716971810854869496 0.23937385530023358449 0.36944469520634659609 
0.13873891704754792720 0.31634559544257556674 0.89076411773097219360 
0.46486930988570640544 0.75956797282592414255 0.10535427517271389597 
0.92899546972380409038 0.10660802834518290361 0.48604836870731848997 
0.43954477212831677413 0.49851546618159692237 0.18911131575833040053 
0.46359780648204806930 0.67840117677734457224 0.04954473401288006507 
0.76525420422819112609 0.47509674035188198538 0.88138966288754017064 
0.39323002411967222791 0.93479763516693092917 0.05104695046839391459 
0.67200738081859578976 0.15718765838159920456 0.95814068216225201091 
0.86867022577966879204 0.50349960463067655603 0.27077148814714990799 
0.08221239730824181358 0.69114748153841287781 0.20294446698554646780 
0.96000642437406047414 0.85932124104410045895 0.89015845145768612845 
0.73530759351763275156 0.12678959625409080836 0.66398341557513806954 
0.61273910832467204379 0.35143832500938176899 0.99154963596586154218 
0.36345981314778685878 0.38222572687041034278 0.46904302717747836660 
0.62709812572950007770 0.04749013953623015816 0.54727738706101125565 
0.03265694769217586391 0.79570584581644987487 0.30734355160423265652 
0.75207410003859176406 0.98989334929489225523 0.99678777734999690630 
0.64714425835361066852 0.83909606751172227668 0.33088646927780884788 
0.21208234979359219530 0.83686797664011414177 0.50856865992058541970 
0.45325667553329496151 0.65542941710561408719 0.77925301068118346670 
0.23389050606495520590 0.64061067509951841181 0.83252047569816878259 
0.35071154129749726458 0.52699758595883872125 0.22506984501022064826 
0.56265945239097514552 0.90032795813132993068 0.12700450806124474745 
0.87738563849921624715 0.16947915209267372383 0.75451214064751792598 
0.46758827744646525026 0.30886902457720810666 0.78051437551125935066 
0.01686704813204342734 0.25835766259166059733 0.71900040297424339109 
0.12456723771868882800 0.37347618521462133678 0.40281740545789568309 
0.21794249627766482114 0.11583324978799214300 0.33994850241220420095 
0.60969877156372898064 0.06688144499920523067 0.42687372267836676265 
0.97031036334176312685 0.91014684277264357171 0.73452130625907119388 
0.75642932576654176025 0.72870135369953081828 0.65479009593951542634 
0.62889751274043104168 0.77735590590638925512 0.55043792028616489453 
0.81930259180777320616 0.10952562995029757609 0.74635580133261192337 
0.38355977335208879531 0.93862836619713951869 0.35071127367075338732 
0.89080323129786642689 0.38372775102111078560 0.34609425108611024946 
0.01618301460412596704 0.97690628911278687418 0.85454568358927507354 
0.13191214460097966388 0.31868570819298747132 0.64513045589957296322 
0.11963380409763790801 0.89192731006111114489 0.68114979922248353184 
0.01925473738702154769 0.52625532011531173104 0.09158190069229221741 
0.78796120667754432354 0.92198532496327012531 0.58582126595954941983 
0.92858157447010714058 0.02885793779135403803 0.54259031397486467974 
0.74106118458057834708 0.85101513380926863128 0.60847003132426302763 
0.28063550303081963300 0.53831465691483049163 0.94651878513944320837 
0.76252418575541214274 0.03643888486127377924 0.30549403142450937132 
0.60512758835628210896 0.52948678898748036126 0.47323496248207486126 
0.96542016999972024571 0.26874957966437729162 0.90739683777509116958 
0.41855028269968497234 0.33273285144260644763 0.33656082354191441119 
0.92148398558090938160 0.92680137415355612340 0.31605497547934802149 
0.16639879112703348518 0.30512806097154077101 0.69265908167299117260 
0.52358909577597922969 0.41457137866113069613 0.07375714194928417733 
0.27908300726688684001 0.37036328694474218715 0.16788726218803629031 
0.94236712161838354085 0.24374864459488487789 0.39736054662125774861 
0.07007509117105370500 0.51787810028953695785 0.10168743931678281278 
0.62270495221895072468 0.66673467667308483620 0.45436260894521329767 
0.43651845160761859610 0.18938414067041686728 0.26340840645542340503 
0.09165846620733941741 0.66396751426251321426 0.40497597888095593355 
0.62065363430635733799 0.90164738227819651861 0.93337508183722861510 
0.01357855799482199366 0.53381878440536634223 0.16679729116024222257 
0.83524012290601645780 0.40230571053438635154 0.46450640105534968249 
0.52098275758738599173 0.34404053506580711819 0.96240813352663745484 
0.95133511694085926003 0.56741145488715205580 0.18614427877080541585 
0.80122730710343259553 0.50316310189191804092 0.79290058079303871175 
0.22153172603585136180 0.32332120862756341673 0.19709581276855625553 
0.08339907270468560618 0.91041168439812714119 0.62728655815479528179 
0.28409269160339811755 0.79931649796625126037 0.50127298598527381124 
0.49542849306061431669 0.52660358228844983408 0.56204900289821524417 
0.90203469818839177030 0.20939062387365736662 0.21043158019048235907 
0.06852392820123820449 0.77478907763126891872 0.90307261090839152651 
0.92244048285376734064 0.40840501056188771578 0.81129024341767075335 
0.12029432505275594600 0.29942948122776846809 0.62113160886093843338 
0.15717468413948476602 0.15391066113845996988 0.31581446007672586695 
0.14801615397114420425 0.58511807286048056476 0.73047420679149799305 
0.36238932059567408039 0.74017110575183875376 0.06795683111262085241 
0.59159257048326963080 0.75375548691050275885 0.90406704296615703065 
0.31173755188760243762 0.10932052829516858417 0.86123999368503834084 
0.88229822661888257507 0.75180852476019244257 0.63667016126509490270 
0.47271001129214629266 0.23228395564297321663 0.55952501971239310130 
0.32164889536906948742 0.93039590698606366992 0.45023235512843640116 
0.63775617146332819196 0.23320946914257656424 0.14952363852885164341 
0.00440531228993301660 0.72768755891661585089 0.58010613388812726221 
0.79833759360504319424 0.73562133459977352423 0.03797950954540341151 
0.22271477039895670735 0.17061343265431427874 0.02485258420833136306 
0.85504057066574135071 0.57863093605315829571 0.21439255628168996104 
0.81767715649106276210 0.41415020812474678813 0.97764497237053338274 
0.38812418536156045867 0.57082247658583251670 0.95893029273079855024 
0.22047815772819689961 0.36958750330369238846 0.62458640022419698035 
0.16804609393960157071 0.08092652101221786687 0.07469179980212437009 
0.92017097082766308169 0.00707270478610966258 0.53888128654450695443 
0.67298948265511016054 0.77596123016741436196 0.24199678799327251078 
0.73022140184032724441 0.06723308520991966297 0.84763528251197706176 
0.89221870370328848487 0.22750291225356389369 0.35295519297706712258 
0.09827668435627123777 0.58127017086757226672 0.70001350392687355928 
0.31546832665628943282 0.32324438559981572006 0.16947698262799604230 
0.81519941984059784978 0.46317424252179129063 0.83925059474744423405 
0.16638023559124470729 0.38014202307741329356 0.17514902721421354848 
0.60554545963695871613 0.16521946477227511529 0.18911301609029140813 
0.60828652773354652261 0.38387000412118399417 0.16967981255236908034 
0.43403371466549800495 0.84703243587809162740 0.19514585583967769544 
0.91859322457567071929 0.61229831071035634160 0.23238853292200478684 
0.85142525481086628325 0.26991382578638467571 0.54094830718950448478 
0.41185304627567265179 0.58819376238996690098 0.20720995678352882585 
0.94181005806729056751 0.79595406117283773462 0.08018958596159353469 
0.12883957490828179537 0.22778792045274509626 0.43297853465571356502 
0.04624928559273722151 0.49939779088592506362 0.11723791043082498753 
0.32678957684432252684 0.29559391486986119624 0.68410775712203197862 
0.97546792748437538556 0.58876574562320960204 0.71805379674093505749 
0.69892647347406655634 0.09519918815479067042 0.00351471764479849291 
0.38742132835059073237 0.33440974307258675147 0.65772531588915206235 
0.36476904703830803633 0.10146865096054091815 0.15291172386404139338 
0.58147383729938018071 0.87372630725304634147 0.58243244250512815618 
0.82997712557476055473 0.90140471182917569770 0.12451839941328368688 
0.25823180837384795971 0.12928258646950063770 0.70638840919711110011 
0.21665599373760868751 0.85693847301450332132 0.65467658850517440605 
0.42004450077221444637 0.24353391823021275364 0.33414106918613328823 
0.52288651372837580134 0.79002795214082932596 0.45643740112675090792 
0.20458357034956997644 0.20304438738235153217 0.93868753715667963000 
0.19308117965668070148 0.70748216476990255508 0.96138499129864585235 
0.62305017409793017613 0.98825074820006331144 0.12868729938751566344 
0.57960677305595642572 0.14676564894729327015 0.33132188216574154360 
0.56117999363928583456 0.70582676645273667582 0.62613840780373819506 
0.63188002449970670504 0.27298015245770845816 0.93418550915278353308 
0.52577664006687485632 0.03769085552687490015 0.99306662277110668846 
0.24766780879187222375 0.33377360707372827342 0.29389076431091676334 
0.77760808426548311267 0.48013310172334189296 0.83121803128099025493 
0.59305025849585413233 0.07899611215625435001 0.82490072876312292571 
0.15007812886512605921 0.22210942214935980310 0.69215814313897028320 
0.93349851953608253829 0.79765727892653148778 0.99502673160365939786 
0.55304926800759290906 0.32213285778602229747 0.73137341385685439299 
0.53552630007573331916 0.45339740601133837750 0.66691127469303324027 
0.25370563079304608856 0.31603351616218700038 0.14359038187239447915 
0.74790080705614570000 0.48676537999476976459 0.33822749195107237874 
0.72794816653559268893 0.76686243614088644982 0.03094408458271069584 
0.68359897125294311060 0.87582618840215675782 0.45477416948593396562 
0.90205496376045712914 0.05901598005260688673 0.55900364432694682471 
0.30520475362644527983 0.94787623687537281292 0.04081644037878828790 
0.62363067731511478975 0.26988513146395765041 0.39158213828029153625 
0.46904036110544189420 0.66837922076432021434 0.67171664856683821476 
0.79919085805514078480 0.42996872538628205795 0.14521286661394161577 
0.53036965576163130898 0.00693097734022063428 0.07662803248414795654 
0.18463837018131479262 0.76395534725375369156 0.17840863691757635756 
0.90748584209258864597 0.59288676251347172119 0.27476560551184658898 
0.16531784925973513900 0.25843301822891340258 0.84696415488556131557 
0.11738922018039299466 0.44126120777740163170 0.69325274106362422266 
0.76303542621165898474 0.26965239336612589760 0.08153083956224249640 
0.61933312926866235237 0.88778061221398663072 0.66969277695324458399 
0.17085044960218875865 0.40012628014268902810 0.99514368473229519729 
0.85245940347499682410 0.52395282222690719998 0.74019038903311851207 
0.40897333659930290573 0.64285127964825794500 0.11465147704005285156 
0.81355607218843473127 0.82933831644919453474 0.01037601769807383612 
0.40395433519184398286 0.35872747682288763649 0.97670233162585717857 
0.85983970453572244885 0.03717707936419478720 0.80161060475554024585 
0.99423447411865750745 0.38200442670896683772 0.69921001375330038563 
0.56879569506149540992 0.84778371588652734481 0.26071548862063687046 
0.89077927967526648878 0.58651313365303781033 0.32018345633171363396 
0.33349536522046041576 0.27832960513314364270 0.82701645756597241821 
0.01504304950315948908 0.49482046548102309735 0.51297550192608043496 
0.08577383711714481329 0.72074156988752346997 0.62105876624025646571 
0.48260925573410218270 0.77751014928093087342 0.79983684562253132277 
0.28593517281219527071 0.88407767923511371144 0.42806703116784050600 
0.34611832730727942753 0.24299734829561647764 0.16786521540311283296 
0.20682132783451234737 0.95852722023283187802 0.79679844059756388397 
0.41389650670183608661 0.91758040457714451499 0.85129524830872393970 
0.46426692727604934596 0.64200097012114443196 0.64417981698429227500 
0.59934293603384802829 0.16882336397676112050 0.15088733318991631727 
0.96958939086871809288 0.20117813357389846551 0.66578170207190701113 
0.42982715343578514755 0.43334644975430935965 0.27467400561449717422 
0.70244018110199868410 0.18942001118642237678 0.14960417202735798448 
0.00772477532804871636 0.60306985696594872515 0.16251720694582050264 
0.64963197855821541715 0.72045301661738991861 0.98936367359141885736 
0.90978382317855932548 0.55693031372023837910 0.41119481414049352530 
0.43515928257231251131 0.10938256741154872564 0.87062625113143599087 
0.01821122937012575882 0.59172201234079868648 0.01420721455058360227 
0.04610608083469647234 0.07936417748237789560 0.56900915803848017838 
0.95706129227280167804 0.13800605472233873350 0.73705367530634791073 
0.12274094013743463982 0.79077485644654266217 0.69076032382820273803 
0.07655395536430442682 0.73346863822538010957 0.35847042297643150199 
0.68141275843264526024 0.77563788070622607940 0.95340038911390290188 
0.46192684305937459222 0.16628239777323039483 0.18230137170777038769 
0.79703901098162099892 
generated randoms [1, 2)
1.46366834417692781578 1.15750772270054125279 1.93281232081593845606 
1.82875897537223708333 1.78089891497590380176 1.53932871879288257766 
1.39760799266696933429 1.46842557445805921290 1.53879943734679525136 
1.82009326566489226806 1.61956216135743424900 1.07603501017899017000 
1.46417744733374277644 1.22748737586934431043 1.54710969758218608305 
1.65959077452988568169 1.62864727274194254214 1.39558031286612416189 
1.49783543656210715866 1.29833435668415186903 1.57297490910221671179 
1.66272057459462474505 1.76154707635813068123 1.70312797302568741387 
1.14186419847712539166 1.04486222527485739242 1.94176057638915255943 
1.63866690695009631362 1.76075598319658577218 1.93207496197915329361 
1.94578034351220696685 1.56632897306346929867 1.59675697379699044198 
1.86890940486867140891 1.65292402513179848000 1.96503198287223246332 
1.17247135916908695741 1.25778752663510551280 1.00853886275513016102 
1.55819039099357770084 1.97855948920971869143 1.83988350795330468657 
1.96721737818330222325 1.31232349216132426761 1.58309075861141490549 
1.43844070148656011376 1.45536733877763091449 1.62990038886200250268 
1.32194401219441504125 1.15213546727258209224 1.31912811369605420531 
1.06540365652510682359 1.10925785447437474929 1.70561125979361127847 
1.04124863448177285008 1.05534312616348180391 1.98684889610740578192 
1.56570089598722095303 1.25203143935598304459 1.88509549744465032539 
1.38792015486577069439 1.65883576908582286435 1.27221014577311519744 
1.48552694943517327175 1.97226885453966360728 1.66661989146731359668 
1.95189782294172298194 1.29141358595276445342 1.66930547861545286459 
1.98415173173997216871 1.99042193524976851471 1.59567959755019139756 
1.80687924133472410659 1.79144288218696101644 1.87926108507482525489 
1.25743363385763928797 1.02246282562217372103 1.84839219094869333659 
1.43006609971507470114 1.42841500333244231236 1.51442332088777797949 
1.36227472652878223158 1.93932679324461165749 1.01739518037542131523 
1.76604476815008570867 1.71888059422046080016 1.87571880175071292740 
1.80465552953972463435 1.74073780408225964322 1.31726303501350017200 
1.93809048792653060289 1.20579732115938376147 1.60663167181793253846 
1.05221750722507878528 1.55120045047835564134 1.48397138774672776584 
1.05309416490551166490 1.45166226792809083257 1.94566076045707792019 
1.95144980360573017109 1.10969254695236085873 1.44054131177098931893 
1.96797267661520614013 1.58836093800552435873 1.06642145479458338997 
1.75465465847160828616 1.43414025676562695288 1.58773827942050571593 
1.21309273526442340518 1.51713737326765807367 1.09758868877843407397 
1.06216019704432595994 1.19651161856311527565 1.96890729663154662177 
1.66729508720857833026 1.71411294875128095150 1.44402933401704491878 
1.88343974219407739312 1.75662816465935422983 1.93935568707651206921 
1.39304327282511586361 1.75977750495313767232 1.45492561254821062278 
1.13798463158282969765 1.44899934161793031429 1.11501066086274169820 
1.87540934964329575330 1.33207089661105348988 1.41104562007034828319 
1.30618993462846710862 1.80594599331196437042 1.61348173176028697462 
1.56851732450402225894 1.80770061270868298564 1.88333795007904036822 
1.95085789965120093292 1.10208990777830329044 1.22328493215784805948 
1.67179500611144571387 1.72159783866309101796 1.29177325197368575438 
1.05674329544942735559 1.78088623609408536197 1.04058987525461632551 
1.23366895122147779418 1.97809254508751197754 1.64385695684878863077 
1.41528625180290057450 1.91276535981181372570 1.38519283338383303317 
1.53209627258135872019 1.25518067449207748609 1.15586210338922379393 
1.64388910817249533913 1.23626058749716971619 1.02986467056268637954 
1.52964784074646087397 1.39515050805597606853 1.71892013678684629774 
1.03361651189200154377 1.39130368433523110561 1.22192859381880025715 
1.19238616701343835835 1.28963508950381422480 1.65194516987492012738 
1.40959076423236218112 1.82039320667308968105 1.33662701422539864637 
1.72223703182244669563 1.49261379846795527726 1.61280672474511654890 
1.44113479879645378645 1.39584981802710395016 1.34964887523725729501 
1.23712636347902638079 1.33550969443282530058 1.57579442964283011896 
1.36425641053836010919 1.08496263472559961727 1.75163604901058111984 
1.89289618060744846417 1.12413221855759748458 1.84242096733941740361 
1.74925012895776510469 1.25117103999132006642 1.11880259524480352162 
1.83006699795682692411 1.03645386045989740254 1.92067141726716505978 
1.73192998353871252526 1.04626265031559961827 1.93699505671881655466 
1.32168842081899851060 1.10628654705020856852 1.31240138483587243101 
1.08590638238943681948 1.35210140441177428805 1.31579545013418774957 
1.52462840953643663511 1.98607446458635328312 1.14302161725446493890 
1.52727693934164765466 1.98515167767446842895 1.27283329763593200390 
1.73964193595496041667 1.51261098307876196145 1.25778472559535892117 
1.11735378302126964201 1.35782664040953870987 1.14347632773700569331 
1.12664424146595809617 1.43808733823799683726 1.97992972502322461814 
1.65021943251959024579 1.76794471342749170972 1.31630042609917219387 
1.84767167252469377559 1.28327959923236201156 1.67133722578929400093 
1.69333926109429433460 1.54350431664341036786 1.81899442561267665752 
1.11606734752863290261 1.93878658139017234774 1.75498793097259286888 
1.02522725832561723003 1.65922403334633261629 1.71046591213095666717 
1.71551870941872519616 1.53328216283501417294 1.64028379542908364641 
1.83683708894680886026 1.29045485807839921399 1.88660131605650716047 
1.75145922550697252795 1.21414600926245341839 1.48389202641187756271 
1.25658360069330976572 1.06756499506996216375 1.23631207406420440265 
1.96790736264473076211 1.88964632075728400373 1.76111262051747385904 
1.37949542039005401683 1.06230009663197022540 1.16318414602314912365 
1.17360231342830068080 1.94663628850486158939 1.89921090643565149136 
1.30400112947853474843 1.75718342836969165788 1.97697543991330393354 
1.17483856384525209293 1.32046682643533497270 1.35648236209333838964 
1.74579208926807494251 1.65899089273396183053 1.19672208166184490530 
1.25699051334626465959 1.95624429355070561520 1.39736453478531297279 
1.59358950596749160411 1.60688117712323030872 1.35223057811691682595 
1.13168084121052170410 1.05248132810518901792 1.84572042572447658770 
1.74943338457740882319 1.75158162224257396566 1.78868482568868669702 
1.50785402493783071698 1.32395237313086311381 1.64443010096500286110 
1.17915205641113396418 1.73601738472356648124 1.63113736034266687547 
1.29838914957521112115 1.48116914753392547865 1.96179406887186336128 
1.67926004585001464875 1.62814287487458808634 1.46924379498106150166 
1.88662204126794441628 1.16223727147452371433 1.83654309339302690418 
1.36142541239234038386 1.89515824504129071215 1.54232024034995607309 
1.11014809058656860330 1.11104900513384330374 1.30162826875439163743 
1.98457833809407757641 1.82619656562841736758 1.20374863515429386673 
1.17888501161648906468 1.71025363198210511584 1.94169250124607195573 
1.56647765695227558780 1.14491972882117409860 1.01282773643369750083 
1.95495395957790463193 1.71661029145711974131 1.65626509945307232030 
1.06415401208381266152 1.58354819986054695669 1.58689805957944307657 
1.74175289503023256188 1.05693532180508698026 1.87582511999738188457 
1.79045368619087463813 1.59832880715232361624 1.50389994382051406241 
1.57153843895558864574 1.62414791604165098526 1.74163771948745171869 
1.77748943116515101259 1.34789786826978352785 1.18576766453406956536 
1.88731130448314243786 1.75537000394386688562 1.25876386134744899792 
1.22520104542207297627 1.99593479741162016516 1.27564773973030054499 
1.28642222596748467822 1.08326433455456005994 1.92042916017909459647 
1.62972769275833151426 1.42875039413302418190 1.64180718111292200945 
1.87415351319515210982 1.47901770614310823504 1.86450625449923901300 
1.56472899623714778450 1.70277227908319761518 1.96610571261812250299 
1.11139336703574675980 1.96454842298790843813 1.14329112735896543107 
1.19162864259454770455 1.47468990781052844419 1.54616957730974413643 
1.95379406477408834597 1.28581996230683159865 1.88548278640606969958 
1.42678805638271688494 1.11199422471726117045 1.40063037704924853166 
1.12447761494457298959 1.94857957248127133809 1.58011953870889976237 
1.63936804360760035593 1.33376394443887869024 1.89259310777129097225 
1.56740768151088771809 1.12825225032471543329 1.80656378532714190221 
1.25471421006896899364 1.39799762105468072804 1.44859548371236424025 
1.65300419354325023313 1.49509266321363587515 1.09867447373260129773 
1.92565500776472808830 1.93711315619401713839 1.90438369107351901377 
1.28372412095775967344 1.01250093240254956939 1.97479366709920323153 
1.67888752373899463599 1.81328709999001147501 1.94557389676373415632 
1.80776196682785728065 1.70513479998816164240 1.09829172788155182694 
1.20668542787786670090 1.68649846020355553833 1.55406635360217038055 
1.21801092966389101768 1.78671395833776336382 1.20967189762680860099 
1.56991212073635777458 1.12547917367585914583 1.51507966993545006851 
1.31300764896118837832 1.35423277757803228738 1.75364296230652905173 
1.05583966434279608038 1.03025816783478241234 1.65491396863706463627 
1.39655977004931952656 1.11808382786038440493 1.97154032119949262913 
1.86577774031025289680 1.45593423400841337489 1.31712006045486629269 
1.75916153018178422762 1.86537741766724374237 1.67767914120222627616 
1.81371475714950891600 1.61495619835499626404 1.87870480650090265762 
1.49869181306472953885 1.69047390504664307720 1.67204861801378035224 
1.50204659644554627818 1.53129762874887687119 1.86044878917214884240 
1.65300556824939914868 1.95213836593571166134 1.23223702009788160794 
1.15297697613270999639 1.18627812546121402804 1.11697754083771116917 
1.00482015752817033238 1.91411109008756263883 1.67949083647010000142 
1.70247494850951253120 1.37073827834000172565 1.67241806017317218291 
1.38626235559010235754 1.26168593548171448226 1.90144322547660671319 
1.13143449807446638822 1.84058414478194776187 1.99214478568767283662 
1.89450022121658534502 1.37192812052135804102 1.30912808544214276374 
1.13746052119322116347 1.58457127576879375219 1.35827117989924284203 
1.40434675629819882836 1.73779807177745260205 1.23383895854854896967 
1.24211424371209311346 1.16144876181712697338 1.58853818369350197059 
1.85566861317436537782 1.93116635329414076949 1.04506847250700873886 
1.65682930043921761154 1.90753506023471852693 1.49909347044489349443 
1.21231476060338638767 1.66563004817431359328 1.54377273764609102003 
1.10699430501392503956 1.26818793264007823041 1.88737992785310626509 
1.76466770123830007932 1.94101553902809831342 1.09198335433301174646 
1.12420142276597689879 1.80913577929510349662 1.76142197221094254367 
1.98245735776353781965 1.14881308265437298566 1.53912380655975211674 
1.42224948675858176017 1.07520913556390729227 1.03170420764952663895 
1.10716971810854869496 1.23937385530023336244 1.36944469520634659609 
1.13873891704754792720 1.31634559544257534469 1.89076411773097197155 
1.46486930988570618339 1.75956797282592414255 1.10535427517271367392 
1.92899546972380409038 1.10660802834518290361 1.48604836870731826792 
1.43954477212831655208 1.49851546618159670032 1.18911131575833017848 
1.46359780648204806930 1.67840117677734457224 1.04954473401288006507 
1.76525420422819090405 1.47509674035188198538 1.88138966288753994860 
1.39323002411967200587 1.93479763516693070713 1.05104695046839391459 
1.67200738081859578976 1.15718765838159920456 1.95814068216225201091 
1.86867022577966857000 1.50349960463067633398 1.27077148814714968594 
1.08221239730824159153 1.69114748153841287781 1.20294446698554646780 
1.96000642437406047414 1.85932124104410023691 1.89015845145768590641 
1.73530759351763252951 1.12678959625409058631 1.66398341557513806954 
1.61273910832467182175 1.35143832500938176899 1.99154963596586154218 
1.36345981314778663673 1.38222572687041012074 1.46904302717747836660 
1.62709812572949985565 1.04749013953623015816 1.54727738706101125565 
1.03265694769217586391 1.79570584581644987487 1.30734355160423243447 
1.75207410003859176406 1.98989334929489225523 1.99678777734999668425 
1.64714425835361044648 1.83909606751172227668 1.33088646927780884788 
1.21208234979359219530 1.83686797664011391973 1.50856865992058541970 
1.45325667553329496151 1.65542941710561386515 1.77925301068118346670 
1.23389050606495520590 1.64061067509951841181 1.83252047569816856054 
1.35071154129749704254 1.52699758595883849921 1.22506984501022064826 
1.56265945239097492347 1.90032795813132970864 1.12700450806124474745 
1.87738563849921624715 1.16947915209267350178 1.75451214064751792598 
1.46758827744646525026 1.30886902457720810666 1.78051437551125912861 
1.01686704813204342734 1.25835766259166037528 1.71900040297424316904 
1.12456723771868860595 1.37347618521462111474 1.40281740545789568309 
1.21794249627766482114 1.11583324978799214300 1.33994850241220397891 
1.60969877156372898064 1.06688144499920523067 1.42687372267836676265 
1.97031036334176312685 1.91014684277264334966 1.73452130625907119388 
1.75642932576654176025 1.72870135369953059623 1.65479009593951542634 
1.62889751274043104168 1.77735590590638925512 1.55043792028616489453 
1.81930259180777298411 1.10952562995029735404 1.74635580133261192337 
1.38355977335208879531 1.93862836619713951869 1.35071127367075338732 
1.89080323129786642689 1.38372775102111078560 1.34609425108611024946 
1.01618301460412574500 1.97690628911278665214 1.85454568358927485150 
1.13191214460097944183 1.31868570819298747132 1.64513045589957296322 
1.11963380409763768597 1.89192731006111092285 1.68114979922248353184 
1.01925473738702154769 1.52625532011531173104 1.09158190069229199537 
1.78796120667754410150 1.92198532496326990326 1.58582126595954919779 
1.92858157447010691854 1.02885793779135403803 1.54259031397486445769 
1.74106118458057812504 1.85101513380926863128 1.60847003132426280558 
1.28063550303081963300 1.53831465691483049163 1.94651878513944320837 
1.76252418575541214274 1.03643888486127355719 1.30549403142450914928 
1.60512758835628188692 1.52948678898748036126 1.47323496248207463921 
1.96542016999972024571 1.26874957966437706958 1.90739683777509116958 
1.41855028269968497234 1.33273285144260644763 1.33656082354191441119 
1.92148398558090938160 1.92680137415355612340 1.31605497547934802149 
1.16639879112703326314 1.30512806097154077101 1.69265908167299095055 
1.52358909577597922969 1.41457137866113047409 1.07375714194928395528 
1.27908300726688661797 1.37036328694474196510 1.16788726218803629031 
1.94236712161838331880 1.24374864459488465585 1.39736054662125774861 
1.07007509117105348295 1.51787810028953673580 1.10168743931678281278 
1.62270495221895050264 1.66673467667308461415 1.45436260894521329767 
1.43651845160761837406 1.18938414067041686728 1.26340840645542318299 
1.09165846620733941741 1.66396751426251299222 1.40497597888095571150 
1.62065363430635711595 1.90164738227819629657 1.93337508183722861510 
1.01357855799482177162 1.53381878440536634223 1.16679729116024200053 
1.83524012290601623576 1.40230571053438612950 1.46450640105534946045 
1.52098275758738576968 1.34404053506580689614 1.96240813352663723279 
1.95133511694085903798 1.56741145488715205580 1.18614427877080519380 
1.80122730710343237348 1.50316310189191781888 1.79290058079303871175 
1.22153172603585136180 1.32332120862756341673 1.19709581276855603349 
1.08339907270468560618 1.91041168439812691915 1.62728655815479505975 
1.28409269160339789551 1.79931649796625103832 1.50127298598527381124 
1.49542849306061409465 1.52660358228844961204 1.56204900289821524417 
1.90203469818839177030 1.20939062387365736662 1.21043158019048213703 
1.06852392820123798245 1.77478907763126891872 1.90307261090839130446 
1.92244048285376711860 1.40840501056188749374 1.81129024341767053130 
1.12029432505275594600 1.29942948122776846809 1.62113160886093821134 
1.15717468413948454398 1.15391066113845974783 1.31581446007672586695 
1.14801615397114398220 1.58511807286048034271 1.73047420679149799305 
1.36238932059567408039 1.74017110575183875376 1.06795683111262063036 
1.59159257048326963080 1.75375548691050275885 1.90406704296615680860 
1.31173755188760221557 1.10932052829516858417 1.86123999368503811880 
1.88229822661888257507 1.75180852476019244257 1.63667016126509468066 
1.47271001129214629266 1.23228395564297321663 1.55952501971239310130 
1.32164889536906926537 1.93039590698606366992 1.45023235512843640116 
1.63775617146332819196 1.23320946914257634219 1.14952363852885164341 
1.00440531228993279456 1.72768755891661585089 1.58010613388812726221 
1.79833759360504319424 1.73562133459977330219 1.03797950954540341151 
1.22271477039895670735 1.17061343265431427874 1.02485258420833114101 
1.85504057066574112866 1.57863093605315829571 1.21439255628168996104 
1.81767715649106276210 1.41415020812474656609 1.97764497237053338274 
1.38812418536156045867 1.57082247658583251670 1.95893029273079832819 
1.22047815772819689961 1.36958750330369216641 1.62458640022419698035 
1.16804609393960134867 1.08092652101221786687 1.07469179980212437009 
1.92017097082766308169 1.00707270478610966258 1.53888128654450695443 
1.67298948265511016054 1.77596123016741436196 1.24199678799327251078 
1.73022140184032702237 1.06723308520991944093 1.84763528251197706176 
1.89221870370328826283 1.22750291225356389369 1.35295519297706690054 
1.09827668435627123777 1.58127017086757204467 1.70001350392687355928 
1.31546832665628921077 1.32324438559981572006 1.16947698262799582025 
1.81519941984059784978 1.46317424252179106858 1.83925059474744423405 
1.16638023559124470729 1.38014202307741307152 1.17514902721421332643 
1.60554545963695871613 1.16521946477227489325 1.18911301609029140813 
1.60828652773354652261 1.38387000412118399417 1.16967981255236908034 
1.43403371466549778290 1.84703243587809140536 1.19514585583967747340 
1.91859322457567049725 1.61229831071035634160 1.23238853292200456480 
1.85142525481086606121 1.26991382578638445366 1.54094830718950448478 
1.41185304627567242974 1.58819376238996690098 1.20720995678352860381 
1.94181005806729034546 1.79595406117283751257 1.08018958596159353469 
1.12883957490828179537 1.22778792045274509626 1.43297853465571334297 
1.04624928559273699946 1.49939779088592506362 1.11723791043082498753 
1.32678957684432252684 1.29559391486986119624 1.68410775712203197862 
1.97546792748437516352 1.58876574562320938000 1.71805379674093505749 
1.69892647347406633429 1.09519918815479044838 1.00351471764479827087 
1.38742132835059073237 1.33440974307258652942 1.65772531588915206235 
1.36476904703830781429 1.10146865096054069610 1.15291172386404139338 
1.58147383729938018071 1.87372630725304634147 1.58243244250512815618 
1.82997712557476055473 1.90140471182917569770 1.12451839941328346484 
1.25823180837384773767 1.12928258646950041566 1.70638840919711087807 
1.21665599373760846547 1.85693847301450332132 1.65467658850517418401 
1.42004450077221422433 1.24353391823021253160 1.33414106918613306618 
1.52288651372837580134 1.79002795214082932596 1.45643740112675068588 
1.20458357034956997644 1.20304438738235153217 1.93868753715667963000 
1.19308117965668047944 1.70748216476990255508 1.96138499129864585235 
1.62305017409792995409 1.98825074820006308940 1.12868729938751566344 
1.57960677305595620368 1.14676564894729327015 1.33132188216574154360 
1.56117999363928561252 1.70582676645273645377 1.62613840780373819506 
1.63188002449970648300 1.27298015245770823611 1.93418550915278353308 
1.52577664006687463427 1.03769085552687490015 1.99306662277110646642 
1.24766780879187200171 1.33377360707372827342 1.29389076431091676334 
1.77760808426548289063 1.48013310172334189296 1.83121803128099003288 
1.59305025849585413233 1.07899611215625435001 1.82490072876312292571 
1.15007812886512583717 1.22210942214935980310 1.69215814313897028320 
1.93349851953608231625 1.79765727892653126574 1.99502673160365939786 
1.55304926800759268701 1.32213285778602229747 1.73137341385685417094 
1.53552630007573331916 1.45339740601133837750 1.66691127469303301822 
1.25370563079304586651 1.31603351616218677833 1.14359038187239425710 
1.74790080705614547796 1.48676537999476976459 1.33822749195107237874 
1.72794816653559268893 1.76686243614088644982 1.03094408458271047380 
1.68359897125294311060 1.87582618840215675782 1.45477416948593396562 
1.90205496376045712914 1.05901598005260666469 1.55900364432694682471 
1.30520475362644505779 1.94787623687537281292 1.04081644037878828790 
1.62363067731511456770 1.26988513146395742837 1.39158213828029153625 
1.46904036110544167215 1.66837922076432021434 1.67171664856683799272 
1.79919085805514056275 1.42996872538628205795 1.14521286661394161577 
1.53036965576163108693 1.00693097734022063428 1.07662803248414773449 
1.18463837018131457057 1.76395534725375369156 1.17840863691757613552 
1.90748584209258864597 1.59288676251347149915 1.27476560551184636694 
1.16531784925973513900 1.25843301822891318054 1.84696415488556109352 
1.11738922018039277262 1.44126120777740140966 1.69325274106362400062 
1.76303542621165876270 1.26965239336612567556 1.08153083956224249640 
1.61933312926866213033 1.88778061221398663072 1.66969277695324458399 
1.17085044960218875865 1.40012628014268880605 1.99514368473229497525 
1.85245940347499660206 1.52395282222690697793 1.74019038903311829003 
1.40897333659930268368 1.64285127964825794500 1.11465147704005285156 
1.81355607218843450923 1.82933831644919431270 1.01037601769807383612 
1.40395433519184398286 1.35872747682288763649 1.97670233162585717857 
1.85983970453572244885 1.03717707936419478720 1.80161060475554002380 
1.99423447411865728540 1.38200442670896683772 1.69921001375330038563 
1.56879569506149540992 1.84778371588652734481 1.26071548862063664842 
1.89077927967526626674 1.58651313365303758829 1.32018345633171341191 
1.33349536522046019371 1.27832960513314342066 1.82701645756597241821 
1.01504304950315948908 1.49482046548102309735 1.51297550192608043496 
1.08577383711714481329 1.72074156988752324793 1.62105876624025646571 
1.48260925573410218270 1.77751014928093065137 1.79983684562253132277 
1.28593517281219527071 1.88407767923511348940 1.42806703116784028396 
1.34611832730727920548 1.24299734829561625560 1.16786521540311261091 
1.20682132783451234737 1.95852722023283187802 1.79679844059756388397 
1.41389650670183608661 1.91758040457714429294 1.85129524830872393970 
1.46426692727604912392 1.64200097012114443196 1.64417981698429205295 
1.59934293603384780624 1.16882336397676112050 1.15088733318991631727 
1.96958939086871787083 1.20117813357389824347 1.66578170207190678909 
1.42982715343578514755 1.43334644975430935965 1.27467400561449717422 
1.70244018110199868410 1.18942001118642215474 1.14960417202735776243 
1.00772477532804871636 1.60306985696594850310 1.16251720694582050264 
1.64963197855821519511 1.72045301661738991861 1.98936367359141885736 
1.90978382317855910344 1.55693031372023837910 1.41119481414049330326 
1.43515928257231228926 1.10938256741154872564 1.87062625113143599087 
1.01821122937012553678 1.59172201234079846444 1.01420721455058360227 
1.04610608083469647234 1.07936417748237789560 1.56900915803848017838 
1.95706129227280167804 1.13800605472233851145 1.73705367530634791073 
1.12274094013743463982 1.79077485644654244012 1.69076032382820273803 
1.07655395536430442682 1.73346863822538010957 1.35847042297643127995 
1.68141275843264503820 1.77563788070622585735 1.95340038911390290188 
1.46192684305937459222 1.16628239777323039483 1.18230137170777038769 
1.79703901098162077687 
consumed time for generating 100000000 randoms.
BLOCK [0, 1) AVE:12271ms.
BLOCK (0, 1] AVE:12235ms.
BLOCK (0, 1) AVE:12272ms.
BLOCK [1, 2) AVE:11054ms.
SEQ [0, 1) 1 AVE:21244ms.
total = 500001862.779942
SEQ [0, 1) 2 AVE:22034ms.
total = 25036.117935
ADD   AVE:1512ms.
total = 50000.000000
SEQ (0, 1] 1 AVE:21097ms.
total = 500004999.628998
SEQ (0, 1] 2 AVE:21707ms.
total = 25044.704462
ADD   AVE:1523ms.
total = 50000.000000
SEQ (0, 1) 1 AVE:19434ms.
total = 499990627.892846
SEQ (0, 1) 2 AVE:20073ms.
total = 25049.974911
ADD   AVE:1514ms.
total = 50000.000000
SEQ [1, 2) 1 AVE:18904ms.
total = 1499995646.819493
SEQ [1, 2) 2 AVE:19533ms.
total = 74977.166398
ADD   AVE:1512ms.
total = 50000.000000
