generated randoms [0,1)
0.3724073439 0.9531287212 0.2819991957 0.6565036050 0.5625602740 
0.2689136579 0.2374524727 0.4919481489 0.8384985136 0.1722839589 
0.0460917237 0.2123078100 0.9034239466 0.4068124110 0.2647538560 
0.6235418367 0.8651113059 0.6117012662 0.4892811705 0.9814465831 
0.0740265478 0.1743217236 0.6052206713 0.1552808880 0.7344808281 
0.5354306621 0.9919632944 0.5571178842 0.1993298474 0.0039704293 
0.8403053736 0.2086582758 0.3800586038 0.1402233526 0.6126518053 
0.3046446233 0.7925669675 0.3514689706 0.1052875470 0.4933611642 
0.3633936031 0.4825735340 0.2224840822 0.0549428844 0.0667033707 
0.8832591999 0.3202388204 0.9963919795 0.7189069195 0.1577517268 
0.4060475401 0.0839362686 0.2036497109 0.4140207130 0.6941097412 
0.0527733014 0.5166621431 0.6635317854 0.6427399688 0.2168434812 
0.5984431413 0.7222667627 0.9762234952 0.5744558143 0.9425618284 
0.6623939835 0.2605158561 0.2179995902 0.6198010881 0.4785686178 
0.5085207335 0.0856410503 0.7052175975 0.1447524006 0.7084866663 
0.0675168206 0.9691129310 0.4930942925 0.8914726074 0.5829152168 
0.0740572804 0.1102858469 0.8825615441 0.4440936980 0.1136956830 
0.3464848316 0.2949545981 0.7549560531 0.8490811728 0.5462616778 
0.9414314149 0.9164191514 0.7123459363 0.4269874063 0.5396202688 
0.1199511731 0.9851322657 0.5609176641 0.0777152071 0.1001632115 
0.8151547318 0.8654486470 0.9433846082 0.5223393640 0.4863608181 
0.6235181229 0.7409577020 0.9565599566 0.9838293063 0.8188541222 
0.9642417040 0.9527032310 0.7223558003 0.9829092691 0.5737740241 
0.4577514029 0.7545783572 0.3421883717 0.6215931435 0.1591633926 
0.1351720420 0.6370032809 0.9670312153 0.0943709326 0.0545339046 
0.2936693340 0.0113741377 0.2787820019 0.7899741892 0.8209240832 
0.3895091376 0.6272770873 0.9762305887 0.6658631820 0.9581730079 
0.3742335708 0.1017369756 0.9554906865 0.0415065613 0.1015455766 
0.4016525612 0.0569902800 0.0119816514 0.6421329686 0.0496554946 
0.0680417676 0.5072290159 0.3270212746 0.7033242890 0.8294260072 
0.9776308018 0.8802688534 0.9483446347 0.5852611197 0.5448354094 
0.1220818553 0.0255470469 0.1350470887 0.2082073332 0.7422693866 
0.8397975878 0.3866303429 0.0397791941 0.9622914527 0.8945627102 
0.9046576244 0.4075107340 0.7099358854 0.4967174586 0.5000853477 
0.8030517934 0.1378220219 0.8270314220 0.3471157213 0.6066046424 
0.3812966030 0.2671019997 0.6932093216 0.1930393457 0.0433918091 
0.7459642172 0.2632202482 0.0500446732 0.6897525755 0.7300126006 
0.3181912021 0.2213981390 0.6972489339 0.9336849056 0.8077759256 
0.7516275238 0.9336841840 0.5153751471 0.7678911759 0.6292659254 
0.7419908500 0.1206665621 0.7371367275 0.5318386552 0.7277217052 
0.1082921715 0.4045055390 0.5073777796 0.3723732645 0.3790517526 
0.1082775437 0.1966960891 0.5032487255 0.2905337057 0.1025591050 
0.5753246499 0.2622134554 0.3702762144 0.6736488899 0.4015985592 
0.2955022442 0.6931613513 0.4351685607 0.5261180189 0.6197659351 
0.7204391646 0.5348245082 0.5375998418 0.5741685544 0.7883462180 
0.5064708619 0.0148322013 0.4930479665 0.4420083056 0.7125499444 
0.9190413071 0.2329487188 0.3063857709 0.0699325151 0.0244154695 
0.9147444604 0.9710575642 0.7785203187 0.3773750385 0.0911397070 
0.9599264659 0.4620491284 0.5451472931 0.8599333062 0.5362362518 
0.3076432005 0.4035464973 0.9527321404 0.5007851378 0.4236672849 
0.4401585120 0.7263323797 0.3038372283 0.3362680116 0.3660317098 
0.3466311196 0.8889290317 0.0486334838 0.4213578187 0.3314300811 
0.2385920777 0.9153301699 0.4685885488 0.9682637343 0.2628624683 
0.2473975924 0.7272732344 0.4962837832 0.2729184935 0.9221589361 
0.3174788606 0.5463135533 0.3107241764 0.7327936866 0.3703621345 
0.1836496584 0.5487568466 0.8285553845 0.9475684290 0.3656682980 
0.6042968863 0.2075284028 0.2091248471 0.9391144939 0.1517175248 
0.2321495096 0.2632522510 0.7151983224 0.8787136822 0.4419639945 
0.2733155674 0.3322616066 0.4745858358 0.6574649859 0.3291259502 
0.7042281768 0.0562622772 0.8649780395 0.0966225904 0.4856535295 
0.0389601787 0.5455379408 0.3209452676 0.6338435641 0.0170371385 
0.6881496684 0.4117086490 0.9106373262 0.4883604992 0.6888056910 
0.4878213910 0.5366049904 0.1067598423 0.5487519674 0.8461272145 
0.1297129094 0.1705349909 0.7829474299 0.1113932347 0.8997976442 
0.0587650311 0.4978040419 0.3713460595 0.6567349377 0.2927157806 
0.0757801987 0.8274134779 0.6480211485 0.6378176612 0.7508807457 
0.8719628026 0.6025413407 0.9917846360 0.7355678154 0.5558540067 
0.3714017302 0.9156846002 0.2081195168 0.7164040285 0.6117496481 
0.5155274719 0.2864295938 0.9122571940 0.4009582691 0.1151259270 
0.7012471187 0.6866950321 0.8047015426 0.3003417521 0.1790045114 
0.8895885617 0.2739003220 0.4996102273 0.4810037826 0.6225127031 
0.6841134136 0.3930121276 0.5924477633 0.1264803485 0.4898336538 
0.9029070477 0.6384977716 0.2067603826 0.7681407236 0.4294826486 
0.4598110169 0.1586861678 0.6351001926 0.0395054025 0.2062293595 
0.8692905285 0.0165895623 0.1723373836 0.4295997947 0.0601150869 
0.7919712523 0.6057394661 0.2626199192 0.0581237295 0.2250636630 
0.4745714523 0.9540805238 0.0997801499 0.9429562412 0.7432335821 
0.7396893196 0.6607460972 0.6525953568 0.4456522137 0.5965108106 
0.7323355530 0.8719245157 0.3460741576 0.2101913794 0.3682127086 
0.9444915284 0.9900385983 0.8909806587 0.1042979045 0.4675086466 
0.6235759381 0.8952861301 0.8394645162 0.4234692546 0.8715754899 
0.2209866215 0.5577465142 0.7006465400 0.8576220707 0.2996584066 
0.6602572417 0.4113564194 0.1952090576 0.7260691256 0.6060738130 
0.0469372952 0.0875792616 0.8284580696 0.2227971380 0.3867589153 
0.3227227131 0.9289482265 0.7023140044 0.8561632928 0.6114665621 
0.7129148138 0.3892014812 0.3670539815 0.1097797039 0.9462621653 
0.0762728004 0.7532702296 0.0220388628 0.8522052429 0.3817180292 
0.6453076531 0.8425575680 0.0113018125 0.3498254528 0.0609562115 
0.4734136724 0.3017785956 0.6304444387 0.5918487937 0.4589952550 
0.4724938416 0.5863376236 0.0827618780 0.9755114224 0.6731883021 
0.4018769081 0.8543253577 0.8475560747 0.6041448034 0.3571075161 
0.9261469832 0.4052180001 0.9829238715 0.3774191332 0.8745332880 
0.6510520879 0.4463941267 0.5399744184 0.8800581892 0.4740851883 
0.9754151000 0.9338997496 0.2702267589 0.3269525063 0.1161524278 
0.8423778089 0.3833826782 0.5892197410 0.4253887084 0.8535877778 
0.4384730062 0.1262958673 0.7435053523 0.3461590116 0.7348290650 
0.4947583141 0.4958989088 0.7644012690 0.7848983745 0.8782904343 
0.1569329689 0.4836023852 0.8307392898 0.9466241239 0.4340545589 
0.0086002289 0.2607335730 0.1825916995 0.6573690898 0.3017931066 
0.1832887526 0.3882332252 0.1389765254 0.2118986638 0.3113400349 
0.3393707720 0.5444324021 0.8637229182 0.9067403921 0.0256382283 
0.8581432747 0.8650182683 0.5136524188 0.8034717641 0.5037215531 
0.2898370717 0.5262202490 0.6624409089 0.0933311651 0.4400752399 
0.4636218775 0.0902521421 0.0318547591 0.8151729625 0.3858002669 
0.2808065839 0.5013654171 0.8435627482 0.9761694209 0.8127828200 
0.8434819371 0.6284026764 0.1695102100 0.1963863336 0.9129442451 
0.3644771230 0.5599737448 0.3420189591 0.9291259717 0.8888818717 
0.4391433802 0.2068459676 0.1462867364 0.4693371129 0.7632225136 
0.9196727918 0.8790918401 0.2506700046 0.3421471043 0.5609892540 
0.1276356910 0.5267794911 0.2907602259 0.9345892186 0.0123270580 
0.3810360563 0.7596746632 0.3142758939 0.0316374288 0.2465571967 
0.3352520041 0.4228726609 0.9503965001 0.3930956836 0.6576154846 
0.0480625046 0.6676464368 0.4086177219 0.5942501491 0.2359281943 
0.8210980140 0.3424742536 0.3329649751 0.0913901271 0.7329677832 
0.6815472686 0.9741999679 0.5215725913 0.9578414327 0.3453095343 
0.0298041532 0.1594652073 0.1274867300 0.0539762291 0.4634220897 
0.3583590788 0.6489384806 0.5767279449 0.7747552306 0.2357411233 
0.9406938115 0.0745261388 0.4654936858 0.6634419114 0.9879813388 
0.9670366476 0.5554641919 0.2203247737 0.2066323928 0.9813709456 
0.4629902350 0.5724707421 0.7757848306 0.5670746259 0.9550502495 
0.7691579778 0.4271651763 0.1133054826 0.3588384186 0.3454727047 
0.3393715106 0.3398696175 0.8061306224 0.7445767373 0.3952884654 
0.8163280370 0.9716555335 0.0290737961 0.5422702237 0.1335982231 
0.5794519202 0.7585414102 0.4177298753 0.5652025038 0.1800534748 
0.4372837621 0.3332717951 0.0933091183 0.5286897604 0.1760545412 
0.2613107824 0.2412276176 0.1225088229 0.5239679485 0.3579198600 
0.6500266022 0.7458461948 0.1882909471 0.1433377937 0.2042967200 
0.7016301097 0.6866739099 0.2612249976 0.6753378019 0.2148315437 
0.4703479615 0.3890629081 0.7125402094 0.4565665038 0.7593265439 
0.2803306330 0.0642114018 0.8991292777 0.0327502391 0.8013396491 
0.4072660245 0.9855174837 0.2461163659 0.1284570070 0.7721734778 
0.7597169072 0.8582810975 0.1307956508 0.4433144011 0.3057214030 
0.3576265895 0.6150087607 0.1896616800 0.3199908513 0.0385077073 
0.3458618611 0.7983998020 0.3415022853 0.4355499626 0.5188203311 
0.9673365213 0.3182026080 0.7322705691 0.7010374938 0.4090044842 
0.5680297294 0.9903907054 0.9685117835 0.0838186697 0.3044445152 
0.3717020353 0.3358805139 0.5878618376 0.6199248522 0.4814792445 
0.3220478500 0.8167706899 0.6199374949 0.9890362029 0.9373873377 
0.8344521909 0.3670379866 0.5430020981 0.6651692027 0.1628209201 
0.2742852501 0.1643566325 0.4943127840 0.8914623088 0.1158069711 
0.2832754697 0.9357815101 0.9499413984 0.1317445154 0.1089838227 
0.9579960692 0.7542788377 0.0157702695 0.9784834670 0.8219102947 
0.4489556414 0.7757160799 0.4210354259 0.5804775667 0.9736074476 
0.8717230579 0.9583432979 0.3299484503 0.4224574409 0.2415265889 
0.7595009941 0.9007580051 0.0503051981 0.7089886232 0.3100825127 
0.3952949676 0.1374737927 0.9420733042 0.3167841834 0.0416621410 
0.6677673531 0.7171709575 0.3906543975 0.2656567775 0.1274911530 
0.2874789073 0.4895271214 0.2853480801 0.8917639675 0.5522551394 
0.4510678217 0.0715556355 0.7295621758 0.4727229773 0.4565508521 
0.5059837126 0.4491806429 0.6641317768 0.8044634165 0.7058490336 
0.2357918659 0.3702728118 0.3398422917 0.4761945691 0.8455986393 
0.8826834876 0.6167029518 0.4498992181 0.4769157658 0.6526935366 
0.6367692119 0.4489999970 0.9859537518 0.9735847234 0.4491343183 
0.6529224993 0.0356198895 0.0205947866 0.9081603105 0.2666533661 
0.2115944692 0.4807098634 0.4240964502 0.3623358705 0.6826810652 
0.0276926790 0.3159475276 0.8037277553 0.7761462523 0.7048199017 
0.3613937827 0.8522879199 0.5770086749 0.4198307506 0.0022191833 
0.4436822451 0.7773232709 0.1457625259 0.2045493025 0.6562089176 
0.7596529133 0.5834593112 0.8704195015 0.6732836274 0.6852694566 
0.8725077194 0.2143392333 0.0553143423 0.1136392984 0.8548635431 
0.0414835019 0.2529110906 0.8149326781 0.8103343735 0.0073740847 
0.1057668440 0.2355333938 0.7389946137 0.6221710005 0.0617480440 
0.1756978166 0.5798181815 0.0739524681 0.5645576591 0.1016103083 
0.3240974704 0.7489597793 0.1909235004 0.0040239119 0.9686050678 
0.7968122942 0.9849531385 0.2389461576 0.0436631624 0.7468343943 
0.0568047731 0.6742959031 0.3985095415 0.7245616084 0.9284500239 
0.9367733086 0.2604719166 0.4990839913 0.7221124046 0.4345100012 
0.2990111230 0.4089792789 0.6060685362 0.4606860558 0.2514830715 
0.9382090143 0.5016903873 0.7620022651 0.4927281498 0.3131339383 
0.7638131123 0.3940520961 0.7757073771 0.4886115043 0.7450879828 
0.3791567233 0.9693738055 0.6315150107 0.0261278236 0.8372461520 
0.6992737866 0.4420459912 0.6530931895 0.6814727553 0.2451590864 
0.6877411827 0.1366033230 0.0642805087 0.0983870713 0.8807203140 
0.4785084016 0.7741652399 0.7097942122 0.5770828968 0.6723929703 
0.3462594637 0.8158856327 0.9955960912 0.7480175746 0.5255201708 
0.7306223114 0.2503945112 0.4126276708 0.1007533769 0.0375542438 
0.8449768230 0.2330995810 0.1916971979 0.5012412575 0.2422879894 
0.4169099859 0.9338597235 0.1830412577 0.6833746068 0.0255497753 
0.4204181672 0.5457095711 0.9742538197 0.3307450059 0.7643318057 
0.8571150072 0.1094239037 0.9775110421 0.6178792043 0.4102463316 
0.7532208092 0.3850781900 0.7146451370 0.0435882313 0.4090458697 
0.6597449726 0.9835442459 0.6486820291 0.6698637013 0.6013292304 
0.3304184364 0.6452455888 0.2901424503 0.6982053724 0.9417814678 
0.3839003524 0.8651476100 0.8200807037 0.1576179524 0.2140770498 
0.6914348274 0.6816302122 0.2166412341 0.6440194685 0.0972457987 
0.0048071413 0.7811175668 0.0258932960 0.0238388440 0.3981191007 
0.7336999731 0.2735695565 0.1343248667 0.0757238197 0.2765050927 
0.5263840315 0.9844624339 0.3967331497 0.3347993144 0.9875667363 
0.9597350740 0.2142149976 0.0028129285 0.9931632197 0.1320369265 
0.8468213954 0.2069923126 0.9346122581 0.2732901128 0.2144669168 
0.7774063634 0.5381711768 0.6460828101 0.0788124208 0.2483574757 
0.3429139332 0.6971031109 0.0488265539 0.9109899054 0.0840283630 
0.0381743360 0.4292447523 0.0972864292 0.7376474911 0.0162036928 
0.5386339860 0.4169735379 0.1850366308 0.7097156778 0.2902045986 
0.4729108200 0.9966747063 0.4517761989 0.2660222419 0.9667613505 
0.5045643262 0.6927722004 0.4219469338 0.4188939149 0.9252137382 
0.9128198703 0.1093390893 0.1651387061 0.3347153707 0.3760542713 
0.4773952474 0.8742286955 0.5447001717 0.5459419290 0.1687559316 
0.5457999699 0.3781259820 0.8773707065 0.1513730530 0.4789932383 
0.5337977625 0.4159537134 0.9319036409 0.0760604516 0.7322981015 
generated randoms (0, 1]
0.6275926561 0.0468712788 0.7180008043 0.3434963950 0.4374397260 
0.7310863421 0.7625475273 0.5080518511 0.1615014864 0.8277160411 
0.9539082763 0.7876921900 0.0965760534 0.5931875890 0.7352461440 
0.3764581633 0.1348886941 0.3882987338 0.5107188295 0.0185534169 
0.9259734522 0.8256782764 0.3947793287 0.8447191120 0.2655191719 
0.4645693379 0.0080367056 0.4428821158 0.8006701526 0.9960295707 
0.1596946264 0.7913417242 0.6199413962 0.8597766474 0.3873481947 
0.6953553767 0.2074330325 0.6485310294 0.8947124530 0.5066388358 
0.6366063969 0.5174264660 0.7775159178 0.9450571156 0.9332966293 
0.1167408001 0.6797611796 0.0036080205 0.2810930805 0.8422482732 
0.5939524599 0.9160637314 0.7963502891 0.5859792870 0.3058902588 
0.9472266986 0.4833378569 0.3364682146 0.3572600312 0.7831565188 
0.4015568587 0.2777332373 0.0237765048 0.4255441857 0.0574381716 
0.3376060165 0.7394841439 0.7820004098 0.3801989119 0.5214313822 
0.4914792665 0.9143589497 0.2947824025 0.8552475994 0.2915133337 
0.9324831794 0.0308870690 0.5069057075 0.1085273926 0.4170847832 
0.9259427196 0.8897141531 0.1174384559 0.5559063020 0.8863043170 
0.6535151684 0.7050454019 0.2450439469 0.1509188272 0.4537383222 
0.0585685851 0.0835808486 0.2876540637 0.5730125937 0.4603797312 
0.8800488269 0.0148677343 0.4390823359 0.9222847929 0.8998367885 
0.1848452682 0.1345513530 0.0566153918 0.4776606360 0.5136391819 
0.3764818771 0.2590422980 0.0434400434 0.0161706937 0.1811458778 
0.0357582960 0.0472967690 0.2776441997 0.0170907309 0.4262259759 
0.5422485971 0.2454216428 0.6578116283 0.3784068565 0.8408366074 
0.8648279580 0.3629967191 0.0329687847 0.9056290674 0.9454660954 
0.7063306660 0.9886258623 0.7212179981 0.2100258108 0.1790759168 
0.6104908624 0.3727229127 0.0237694113 0.3341368180 0.0418269921 
0.6257664292 0.8982630244 0.0445093135 0.9584934387 0.8984544234 
0.5983474388 0.9430097200 0.9880183486 0.3578670314 0.9503445054 
0.9319582324 0.4927709841 0.6729787254 0.2966757110 0.1705739928 
0.0223691982 0.1197311466 0.0516553653 0.4147388803 0.4551645906 
0.8779181447 0.9744529531 0.8649529113 0.7917926668 0.2577306134 
0.1602024122 0.6133696571 0.9602208059 0.0377085473 0.1054372898 
0.0953423756 0.5924892660 0.2900641146 0.5032825414 0.4999146523 
0.1969482066 0.8621779781 0.1729685780 0.6528842787 0.3933953576 
0.6187033970 0.7328980003 0.3067906784 0.8069606543 0.9566081909 
0.2540357828 0.7367797518 0.9499553268 0.3102474245 0.2699873994 
0.6818087979 0.7786018610 0.3027510661 0.0663150944 0.1922240744 
0.2483724762 0.0663158160 0.4846248529 0.2321088241 0.3707340746 
0.2580091500 0.8793334379 0.2628632725 0.4681613448 0.2722782948 
0.8917078285 0.5954944610 0.4926222204 0.6276267355 0.6209482474 
0.8917224563 0.8033039109 0.4967512745 0.7094662943 0.8974408950 
0.4246753501 0.7377865446 0.6297237856 0.3263511101 0.5984014408 
0.7044977558 0.3068386487 0.5648314393 0.4738819811 0.3802340649 
0.2795608354 0.4651754918 0.4624001582 0.4258314456 0.2116537820 
0.4935291381 0.9851677987 0.5069520335 0.5579916944 0.2874500556 
0.0809586929 0.7670512812 0.6936142291 0.9300674849 0.9755845305 
0.0852555396 0.0289424358 0.2214796813 0.6226249615 0.9088602930 
0.0400735341 0.5379508716 0.4548527069 0.1400666938 0.4637637482 
0.6923567995 0.5964535027 0.0472678596 0.4992148622 0.5763327151 
0.5598414880 0.2736676203 0.6961627717 0.6637319884 0.6339682902 
0.6533688804 0.1110709683 0.9513665162 0.5786421813 0.6685699189 
0.7614079223 0.0846698301 0.5314114512 0.0317362657 0.7371375317 
0.7526024076 0.2727267656 0.5037162168 0.7270815065 0.0778410639 
0.6825211394 0.4536864467 0.6892758236 0.2672063134 0.6296378655 
0.8163503416 0.4512431534 0.1714446155 0.0524315710 0.6343317020 
0.3957031137 0.7924715972 0.7908751529 0.0608855061 0.8482824752 
0.7678504904 0.7367477490 0.2848016776 0.1212863178 0.5580360055 
0.7266844326 0.6677383934 0.5254141642 0.3425350141 0.6708740498 
0.2957718232 0.9437377228 0.1350219605 0.9033774096 0.5143464705 
0.9610398213 0.4544620592 0.6790547324 0.3661564359 0.9829628615 
0.3118503316 0.5882913510 0.0893626738 0.5116395008 0.3111943090 
0.5121786090 0.4633950096 0.8932401577 0.4512480326 0.1538727855 
0.8702870906 0.8294650091 0.2170525701 0.8886067653 0.1002023558 
0.9412349689 0.5021959581 0.6286539405 0.3432650623 0.7072842194 
0.9242198013 0.1725865221 0.3519788515 0.3621823388 0.2491192543 
0.1280371974 0.3974586593 0.0082153640 0.2644321846 0.4441459933 
0.6285982698 0.0843153998 0.7918804832 0.2835959715 0.3882503519 
0.4844725281 0.7135704062 0.0877428060 0.5990417309 0.8848740730 
0.2987528813 0.3133049679 0.1952984574 0.6996582479 0.8209954886 
0.1104114383 0.7260996780 0.5003897727 0.5189962174 0.3774872969 
0.3158865864 0.6069878724 0.4075522367 0.8735196515 0.5101663462 
0.0970929523 0.3615022284 0.7932396174 0.2318592764 0.5705173514 
0.5401889831 0.8413138322 0.3648998074 0.9604945975 0.7937706405 
0.1307094715 0.9834104377 0.8276626164 0.5704002053 0.9398849131 
0.2080287477 0.3942605339 0.7373800808 0.9418762705 0.7749363370 
0.5254285477 0.0459194762 0.9002198501 0.0570437588 0.2567664179 
0.2603106804 0.3392539028 0.3474046432 0.5543477863 0.4034891894 
0.2676644470 0.1280754843 0.6539258424 0.7898086206 0.6317872914 
0.0555084716 0.0099614017 0.1090193413 0.8957020955 0.5324913534 
0.3764240619 0.1047138699 0.1605354838 0.5765307454 0.1284245101 
0.7790133785 0.4422534858 0.2993534600 0.1423779293 0.7003415934 
0.3397427583 0.5886435806 0.8047909424 0.2739308744 0.3939261870 
0.9530627048 0.9124207384 0.1715419304 0.7772028620 0.6132410847 
0.6772772869 0.0710517735 0.2976859956 0.1438367072 0.3885334379 
0.2870851862 0.6107985188 0.6329460185 0.8902202961 0.0537378347 
0.9237271996 0.2467297704 0.9779611372 0.1477947571 0.6182819708 
0.3546923469 0.1574424320 0.9886981875 0.6501745472 0.9390437885 
0.5265863276 0.6982214044 0.3695555613 0.4081512063 0.5410047450 
0.5275061584 0.4136623764 0.9172381220 0.0244885776 0.3268116979 
0.5981230919 0.1456746423 0.1524439253 0.3958551966 0.6428924839 
0.0738530168 0.5947819999 0.0170761285 0.6225808668 0.1254667120 
0.3489479121 0.5536058733 0.4600255816 0.1199418108 0.5259148117 
0.0245849000 0.0661002504 0.7297732411 0.6730474937 0.8838475722 
0.1576221911 0.6166173218 0.4107802590 0.5746112916 0.1464122222 
0.5615269938 0.8737041327 0.2564946477 0.6538409884 0.2651709350 
0.5052416859 0.5041010912 0.2355987310 0.2151016255 0.1217095657 
0.8430670311 0.5163976148 0.1692607102 0.0533758761 0.5659454411 
0.9913997711 0.7392664270 0.8174083005 0.3426309102 0.6982068934 
0.8167112474 0.6117667748 0.8610234746 0.7881013362 0.6886599651 
0.6606292280 0.4555675979 0.1362770818 0.0932596079 0.9743617717 
0.1418567253 0.1349817317 0.4863475812 0.1965282359 0.4962784469 
0.7101629283 0.4737797510 0.3375590911 0.9066688349 0.5599247601 
0.5363781225 0.9097478579 0.9681452409 0.1848270375 0.6141997331 
0.7191934161 0.4986345829 0.1564372518 0.0238305791 0.1872171800 
0.1565180629 0.3715973236 0.8304897900 0.8036136664 0.0870557549 
0.6355228770 0.4400262552 0.6579810409 0.0708740283 0.1111181283 
0.5608566198 0.7931540324 0.8537132636 0.5306628871 0.2367774864 
0.0803272082 0.1209081599 0.7493299954 0.6578528957 0.4390107460 
0.8723643090 0.4732205089 0.7092397741 0.0654107814 0.9876729420 
0.6189639437 0.2403253368 0.6857241061 0.9683625712 0.7534428033 
0.6647479959 0.5771273391 0.0496034999 0.6069043164 0.3423845154 
0.9519374954 0.3323535632 0.5913822781 0.4057498509 0.7640718057 
0.1789019860 0.6575257464 0.6670350249 0.9086098729 0.2670322168 
0.3184527314 0.0258000321 0.4784274087 0.0421585673 0.6546904657 
0.9701958468 0.8405347927 0.8725132700 0.9460237709 0.5365779103 
0.6416409212 0.3510615194 0.4232720551 0.2252447694 0.7642588767 
0.0593061885 0.9254738612 0.5345063142 0.3365580886 0.0120186612 
0.0329633524 0.4445358081 0.7796752263 0.7933676072 0.0186290544 
0.5370097650 0.4275292579 0.2242151694 0.4329253741 0.0449497505 
0.2308420222 0.5728348237 0.8866945174 0.6411615814 0.6545272953 
0.6606284894 0.6601303825 0.1938693776 0.2554232627 0.6047115346 
0.1836719630 0.0283444665 0.9709262039 0.4577297763 0.8664017769 
0.4205480798 0.2414585898 0.5822701247 0.4347974962 0.8199465252 
0.5627162379 0.6667282049 0.9066908817 0.4713102396 0.8239454588 
0.7386892176 0.7587723824 0.8774911771 0.4760320515 0.6420801400 
0.3499733978 0.2541538052 0.8117090529 0.8566622063 0.7957032800 
0.2983698903 0.3133260901 0.7387750024 0.3246621981 0.7851684563 
0.5296520385 0.6109370919 0.2874597906 0.5434334962 0.2406734561 
0.7196693670 0.9357885982 0.1008707223 0.9672497609 0.1986603509 
0.5927339755 0.0144825163 0.7538836341 0.8715429930 0.2278265222 
0.2402830928 0.1417189025 0.8692043492 0.5566855989 0.6942785970 
0.6423734105 0.3849912393 0.8103383200 0.6800091487 0.9614922927 
0.6541381389 0.2016001980 0.6584977147 0.5644500374 0.4811796689 
0.0326634787 0.6817973920 0.2677294309 0.2989625062 0.5909955158 
0.4319702706 0.0096092946 0.0314882165 0.9161813303 0.6955554848 
0.6282979647 0.6641194861 0.4121381624 0.3800751478 0.5185207555 
0.6779521500 0.1832293101 0.3800625051 0.0109637971 0.0626126623 
0.1655478091 0.6329620134 0.4569979019 0.3348307973 0.8371790799 
0.7257147499 0.8356433675 0.5056872160 0.1085376912 0.8841930289 
0.7167245303 0.0642184899 0.0500586016 0.8682554846 0.8910161773 
0.0420039308 0.2457211623 0.9842297305 0.0215165330 0.1780897053 
0.5510443586 0.2242839201 0.5789645741 0.4195224333 0.0263925524 
0.1282769421 0.0416567021 0.6700515497 0.5775425591 0.7584734111 
0.2404990059 0.0992419949 0.9496948019 0.2910113768 0.6899174873 
0.6047050324 0.8625262073 0.0579266958 0.6832158166 0.9583378590 
0.3322326469 0.2828290425 0.6093456025 0.7343432225 0.8725088470 
0.7125210927 0.5104728786 0.7146519199 0.1082360325 0.4477448606 
0.5489321783 0.9284443645 0.2704378242 0.5272770227 0.5434491479 
0.4940162874 0.5508193571 0.3358682232 0.1955365835 0.2941509664 
0.7642081341 0.6297271882 0.6601577083 0.5238054309 0.1544013607 
0.1173165124 0.3832970482 0.5501007819 0.5230842342 0.3473064634 
0.3632307881 0.5510000030 0.0140462482 0.0264152766 0.5508656817 
0.3470775007 0.9643801105 0.9794052134 0.0918396895 0.7333466339 
0.7884055308 0.5192901366 0.5759035498 0.6376641295 0.3173189348 
0.9723073210 0.6840524724 0.1962722447 0.2238537477 0.2951800983 
0.6386062173 0.1477120801 0.4229913251 0.5801692494 0.9977808167 
0.5563177549 0.2226767291 0.8542374741 0.7954506975 0.3437910824 
0.2403470867 0.4165406888 0.1295804985 0.3267163726 0.3147305434 
0.1274922806 0.7856607667 0.9446856577 0.8863607016 0.1451364569 
0.9585164981 0.7470889094 0.1850673219 0.1896656265 0.9926259153 
0.8942331560 0.7644666062 0.2610053863 0.3778289995 0.9382519560 
0.8243021834 0.4201818185 0.9260475319 0.4354423409 0.8983896917 
0.6759025296 0.2510402207 0.8090764996 0.9959760881 0.0313949322 
0.2031877058 0.0150468615 0.7610538424 0.9563368376 0.2531656057 
0.9431952269 0.3257040969 0.6014904585 0.2754383916 0.0715499761 
0.0632266914 0.7395280834 0.5009160087 0.2778875954 0.5654899988 
0.7009888770 0.5910207211 0.3939314638 0.5393139442 0.7485169285 
0.0617909857 0.4983096127 0.2379977349 0.5072718502 0.6868660617 
0.2361868877 0.6059479039 0.2242926229 0.5113884957 0.2549120172 
0.6208432767 0.0306261945 0.3684849893 0.9738721764 0.1627538480 
0.3007262134 0.5579540088 0.3469068105 0.3185272447 0.7548409136 
0.3122588173 0.8633966770 0.9357194913 0.9016129287 0.1192796860 
0.5214915984 0.2258347601 0.2902057878 0.4229171032 0.3276070297 
0.6537405363 0.1841143673 0.0044039088 0.2519824254 0.4744798292 
0.2693776886 0.7496054888 0.5873723292 0.8992466231 0.9624457562 
0.1550231770 0.7669004190 0.8083028021 0.4987587425 0.7577120106 
0.5830900141 0.0661402765 0.8169587423 0.3166253932 0.9744502247 
0.5795818328 0.4542904289 0.0257461803 0.6692549941 0.2356681943 
0.1428849928 0.8905760963 0.0224889579 0.3821207957 0.5897536684 
0.2467791908 0.6149218100 0.2853548630 0.9564117687 0.5909541303 
0.3402550274 0.0164557541 0.3513179709 0.3301362987 0.3986707696 
0.6695815636 0.3547544112 0.7098575497 0.3017946276 0.0582185322 
0.6160996476 0.1348523900 0.1799192963 0.8423820476 0.7859229502 
0.3085651726 0.3183697878 0.7833587659 0.3559805315 0.9027542013 
0.9951928587 0.2188824332 0.9741067040 0.9761611560 0.6018808993 
0.2663000269 0.7264304435 0.8656751333 0.9242761803 0.7234949073 
0.4736159685 0.0155375661 0.6032668503 0.6652006856 0.0124332637 
0.0402649260 0.7857850024 0.9971870715 0.0068367803 0.8679630735 
0.1531786046 0.7930076874 0.0653877419 0.7267098872 0.7855330832 
0.2225936366 0.4618288232 0.3539171899 0.9211875792 0.7516425243 
0.6570860668 0.3028968891 0.9511734461 0.0890100946 0.9159716370 
0.9618256640 0.5707552477 0.9027135708 0.2623525089 0.9837963072 
0.4613660140 0.5830264621 0.8149633692 0.2902843222 0.7097954014 
0.5270891800 0.0033252937 0.5482238011 0.7339777581 0.0332386495 
0.4954356738 0.3072277996 0.5780530662 0.5811060851 0.0747862618 
0.0871801297 0.8906609107 0.8348612939 0.6652846293 0.6239457287 
0.5226047526 0.1257713045 0.4552998283 0.4540580710 0.8312440684 
0.4542000301 0.6218740180 0.1226292935 0.8486269470 0.5210067617 
0.4662022375 0.5840462866 0.0680963591 0.9239395484 0.2677018985 
generated randoms (0,0)
0.3724073439 0.9531287212 0.2819991957 0.6565036050 0.5625602740 
0.2689136579 0.2374524727 0.4919481489 0.8384985136 0.1722839589 
0.0460917237 0.2123078100 0.9034239466 0.4068124110 0.2647538560 
0.6235418367 0.8651113059 0.6117012662 0.4892811705 0.9814465831 
0.0740265478 0.1743217236 0.6052206713 0.1552808880 0.7344808281 
0.5354306621 0.9919632944 0.5571178842 0.1993298474 0.0039704293 
0.8403053736 0.2086582758 0.3800586038 0.1402233526 0.6126518053 
0.3046446233 0.7925669675 0.3514689706 0.1052875470 0.4933611642 
0.3633936031 0.4825735340 0.2224840822 0.0549428844 0.0667033707 
0.8832591999 0.3202388204 0.9963919795 0.7189069195 0.1577517268 
0.4060475401 0.0839362686 0.2036497109 0.4140207130 0.6941097412 
0.0527733014 0.5166621431 0.6635317854 0.6427399688 0.2168434812 
0.5984431413 0.7222667627 0.9762234952 0.5744558143 0.9425618284 
0.6623939835 0.2605158561 0.2179995902 0.6198010881 0.4785686178 
0.5085207335 0.0856410503 0.7052175975 0.1447524006 0.7084866663 
0.0675168206 0.9691129310 0.4930942925 0.8914726074 0.5829152168 
0.0740572804 0.1102858469 0.8825615441 0.4440936980 0.1136956830 
0.3464848316 0.2949545981 0.7549560531 0.8490811728 0.5462616778 
0.9414314149 0.9164191514 0.7123459363 0.4269874063 0.5396202688 
0.1199511731 0.9851322657 0.5609176641 0.0777152071 0.1001632115 
0.8151547318 0.8654486470 0.9433846082 0.5223393640 0.4863608181 
0.6235181229 0.7409577020 0.9565599566 0.9838293063 0.8188541222 
0.9642417040 0.9527032310 0.7223558003 0.9829092691 0.5737740241 
0.4577514029 0.7545783572 0.3421883717 0.6215931435 0.1591633926 
0.1351720420 0.6370032809 0.9670312153 0.0943709326 0.0545339046 
0.2936693340 0.0113741377 0.2787820019 0.7899741892 0.8209240832 
0.3895091376 0.6272770873 0.9762305887 0.6658631820 0.9581730079 
0.3742335708 0.1017369756 0.9554906865 0.0415065613 0.1015455766 
0.4016525612 0.0569902800 0.0119816514 0.6421329686 0.0496554946 
0.0680417676 0.5072290159 0.3270212746 0.7033242890 0.8294260072 
0.9776308018 0.8802688534 0.9483446347 0.5852611197 0.5448354094 
0.1220818553 0.0255470469 0.1350470887 0.2082073332 0.7422693866 
0.8397975878 0.3866303429 0.0397791941 0.9622914527 0.8945627102 
0.9046576244 0.4075107340 0.7099358854 0.4967174586 0.5000853477 
0.8030517934 0.1378220219 0.8270314220 0.3471157213 0.6066046424 
0.3812966030 0.2671019997 0.6932093216 0.1930393457 0.0433918091 
0.7459642172 0.2632202482 0.0500446732 0.6897525755 0.7300126006 
0.3181912021 0.2213981390 0.6972489339 0.9336849056 0.8077759256 
0.7516275238 0.9336841840 0.5153751471 0.7678911759 0.6292659254 
0.7419908500 0.1206665621 0.7371367275 0.5318386552 0.7277217052 
0.1082921715 0.4045055390 0.5073777796 0.3723732645 0.3790517526 
0.1082775437 0.1966960891 0.5032487255 0.2905337057 0.1025591050 
0.5753246499 0.2622134554 0.3702762144 0.6736488899 0.4015985592 
0.2955022442 0.6931613513 0.4351685607 0.5261180189 0.6197659351 
0.7204391646 0.5348245082 0.5375998418 0.5741685544 0.7883462180 
0.5064708619 0.0148322013 0.4930479665 0.4420083056 0.7125499444 
0.9190413071 0.2329487188 0.3063857709 0.0699325151 0.0244154695 
0.9147444604 0.9710575642 0.7785203187 0.3773750385 0.0911397070 
0.9599264659 0.4620491284 0.5451472931 0.8599333062 0.5362362518 
0.3076432005 0.4035464973 0.9527321404 0.5007851378 0.4236672849 
0.4401585120 0.7263323797 0.3038372283 0.3362680116 0.3660317098 
0.3466311196 0.8889290317 0.0486334838 0.4213578187 0.3314300811 
0.2385920777 0.9153301699 0.4685885488 0.9682637343 0.2628624683 
0.2473975924 0.7272732344 0.4962837832 0.2729184935 0.9221589361 
0.3174788606 0.5463135533 0.3107241764 0.7327936866 0.3703621345 
0.1836496584 0.5487568466 0.8285553845 0.9475684290 0.3656682980 
0.6042968863 0.2075284028 0.2091248471 0.9391144939 0.1517175248 
0.2321495096 0.2632522510 0.7151983224 0.8787136822 0.4419639945 
0.2733155674 0.3322616066 0.4745858358 0.6574649859 0.3291259502 
0.7042281768 0.0562622772 0.8649780395 0.0966225904 0.4856535295 
0.0389601787 0.5455379408 0.3209452676 0.6338435641 0.0170371385 
0.6881496684 0.4117086490 0.9106373262 0.4883604992 0.6888056910 
0.4878213910 0.5366049904 0.1067598423 0.5487519674 0.8461272145 
0.1297129094 0.1705349909 0.7829474299 0.1113932347 0.8997976442 
0.0587650311 0.4978040419 0.3713460595 0.6567349377 0.2927157806 
0.0757801987 0.8274134779 0.6480211485 0.6378176612 0.7508807457 
0.8719628026 0.6025413407 0.9917846360 0.7355678154 0.5558540067 
0.3714017302 0.9156846002 0.2081195168 0.7164040285 0.6117496481 
0.5155274719 0.2864295938 0.9122571940 0.4009582691 0.1151259270 
0.7012471187 0.6866950321 0.8047015426 0.3003417521 0.1790045114 
0.8895885617 0.2739003220 0.4996102273 0.4810037826 0.6225127031 
0.6841134136 0.3930121276 0.5924477633 0.1264803485 0.4898336538 
0.9029070477 0.6384977716 0.2067603826 0.7681407236 0.4294826486 
0.4598110169 0.1586861678 0.6351001926 0.0395054025 0.2062293595 
0.8692905285 0.0165895623 0.1723373836 0.4295997947 0.0601150869 
0.7919712523 0.6057394661 0.2626199192 0.0581237295 0.2250636630 
0.4745714523 0.9540805238 0.0997801499 0.9429562412 0.7432335821 
0.7396893196 0.6607460972 0.6525953568 0.4456522137 0.5965108106 
0.7323355530 0.8719245157 0.3460741576 0.2101913794 0.3682127086 
0.9444915284 0.9900385983 0.8909806587 0.1042979045 0.4675086466 
0.6235759381 0.8952861301 0.8394645162 0.4234692546 0.8715754899 
0.2209866215 0.5577465142 0.7006465400 0.8576220707 0.2996584066 
0.6602572417 0.4113564194 0.1952090576 0.7260691256 0.6060738130 
0.0469372952 0.0875792616 0.8284580696 0.2227971380 0.3867589153 
0.3227227131 0.9289482265 0.7023140044 0.8561632928 0.6114665621 
0.7129148138 0.3892014812 0.3670539815 0.1097797039 0.9462621653 
0.0762728004 0.7532702296 0.0220388628 0.8522052429 0.3817180292 
0.6453076531 0.8425575680 0.0113018125 0.3498254528 0.0609562115 
0.4734136724 0.3017785956 0.6304444387 0.5918487937 0.4589952550 
0.4724938416 0.5863376236 0.0827618780 0.9755114224 0.6731883021 
0.4018769081 0.8543253577 0.8475560747 0.6041448034 0.3571075161 
0.9261469832 0.4052180001 0.9829238715 0.3774191332 0.8745332880 
0.6510520879 0.4463941267 0.5399744184 0.8800581892 0.4740851883 
0.9754151000 0.9338997496 0.2702267589 0.3269525063 0.1161524278 
0.8423778089 0.3833826782 0.5892197410 0.4253887084 0.8535877778 
0.4384730062 0.1262958673 0.7435053523 0.3461590116 0.7348290650 
0.4947583141 0.4958989088 0.7644012690 0.7848983745 0.8782904343 
0.1569329689 0.4836023852 0.8307392898 0.9466241239 0.4340545589 
0.0086002289 0.2607335730 0.1825916995 0.6573690898 0.3017931066 
0.1832887526 0.3882332252 0.1389765254 0.2118986638 0.3113400349 
0.3393707720 0.5444324021 0.8637229182 0.9067403921 0.0256382283 
0.8581432747 0.8650182683 0.5136524188 0.8034717641 0.5037215531 
0.2898370717 0.5262202490 0.6624409089 0.0933311651 0.4400752399 
0.4636218775 0.0902521421 0.0318547591 0.8151729625 0.3858002669 
0.2808065839 0.5013654171 0.8435627482 0.9761694209 0.8127828200 
0.8434819371 0.6284026764 0.1695102100 0.1963863336 0.9129442451 
0.3644771230 0.5599737448 0.3420189591 0.9291259717 0.8888818717 
0.4391433802 0.2068459676 0.1462867364 0.4693371129 0.7632225136 
0.9196727918 0.8790918401 0.2506700046 0.3421471043 0.5609892540 
0.1276356910 0.5267794911 0.2907602259 0.9345892186 0.0123270580 
0.3810360563 0.7596746632 0.3142758939 0.0316374288 0.2465571967 
0.3352520041 0.4228726609 0.9503965001 0.3930956836 0.6576154846 
0.0480625046 0.6676464368 0.4086177219 0.5942501491 0.2359281943 
0.8210980140 0.3424742536 0.3329649751 0.0913901271 0.7329677832 
0.6815472686 0.9741999679 0.5215725913 0.9578414327 0.3453095343 
0.0298041532 0.1594652073 0.1274867300 0.0539762291 0.4634220897 
0.3583590788 0.6489384806 0.5767279449 0.7747552306 0.2357411233 
0.9406938115 0.0745261388 0.4654936858 0.6634419114 0.9879813388 
0.9670366476 0.5554641919 0.2203247737 0.2066323928 0.9813709456 
0.4629902350 0.5724707421 0.7757848306 0.5670746259 0.9550502495 
0.7691579778 0.4271651763 0.1133054826 0.3588384186 0.3454727047 
0.3393715106 0.3398696175 0.8061306224 0.7445767373 0.3952884654 
0.8163280370 0.9716555335 0.0290737961 0.5422702237 0.1335982231 
0.5794519202 0.7585414102 0.4177298753 0.5652025038 0.1800534748 
0.4372837621 0.3332717951 0.0933091183 0.5286897604 0.1760545412 
0.2613107824 0.2412276176 0.1225088229 0.5239679485 0.3579198600 
0.6500266022 0.7458461948 0.1882909471 0.1433377937 0.2042967200 
0.7016301097 0.6866739099 0.2612249976 0.6753378019 0.2148315437 
0.4703479615 0.3890629081 0.7125402094 0.4565665038 0.7593265439 
0.2803306330 0.0642114018 0.8991292777 0.0327502391 0.8013396491 
0.4072660245 0.9855174837 0.2461163659 0.1284570070 0.7721734778 
0.7597169072 0.8582810975 0.1307956508 0.4433144011 0.3057214030 
0.3576265895 0.6150087607 0.1896616800 0.3199908513 0.0385077073 
0.3458618611 0.7983998020 0.3415022853 0.4355499626 0.5188203311 
0.9673365213 0.3182026080 0.7322705691 0.7010374938 0.4090044842 
0.5680297294 0.9903907054 0.9685117835 0.0838186697 0.3044445152 
0.3717020353 0.3358805139 0.5878618376 0.6199248522 0.4814792445 
0.3220478500 0.8167706899 0.6199374949 0.9890362029 0.9373873377 
0.8344521909 0.3670379866 0.5430020981 0.6651692027 0.1628209201 
0.2742852501 0.1643566325 0.4943127840 0.8914623088 0.1158069711 
0.2832754697 0.9357815101 0.9499413984 0.1317445154 0.1089838227 
0.9579960692 0.7542788377 0.0157702695 0.9784834670 0.8219102947 
0.4489556414 0.7757160799 0.4210354259 0.5804775667 0.9736074476 
0.8717230579 0.9583432979 0.3299484503 0.4224574409 0.2415265889 
0.7595009941 0.9007580051 0.0503051981 0.7089886232 0.3100825127 
0.3952949676 0.1374737927 0.9420733042 0.3167841834 0.0416621410 
0.6677673531 0.7171709575 0.3906543975 0.2656567775 0.1274911530 
0.2874789073 0.4895271214 0.2853480801 0.8917639675 0.5522551394 
0.4510678217 0.0715556355 0.7295621758 0.4727229773 0.4565508521 
0.5059837126 0.4491806429 0.6641317768 0.8044634165 0.7058490336 
0.2357918659 0.3702728118 0.3398422917 0.4761945691 0.8455986393 
0.8826834876 0.6167029518 0.4498992181 0.4769157658 0.6526935366 
0.6367692119 0.4489999970 0.9859537518 0.9735847234 0.4491343183 
0.6529224993 0.0356198895 0.0205947866 0.9081603105 0.2666533661 
0.2115944692 0.4807098634 0.4240964502 0.3623358705 0.6826810652 
0.0276926790 0.3159475276 0.8037277553 0.7761462523 0.7048199017 
0.3613937827 0.8522879199 0.5770086749 0.4198307506 0.0022191833 
0.4436822451 0.7773232709 0.1457625259 0.2045493025 0.6562089176 
0.7596529133 0.5834593112 0.8704195015 0.6732836274 0.6852694566 
0.8725077194 0.2143392333 0.0553143423 0.1136392984 0.8548635431 
0.0414835019 0.2529110906 0.8149326781 0.8103343735 0.0073740847 
0.1057668440 0.2355333938 0.7389946137 0.6221710005 0.0617480440 
0.1756978166 0.5798181815 0.0739524681 0.5645576591 0.1016103083 
0.3240974704 0.7489597793 0.1909235004 0.0040239119 0.9686050678 
0.7968122942 0.9849531385 0.2389461576 0.0436631624 0.7468343943 
0.0568047731 0.6742959031 0.3985095415 0.7245616084 0.9284500239 
0.9367733086 0.2604719166 0.4990839913 0.7221124046 0.4345100012 
0.2990111230 0.4089792789 0.6060685362 0.4606860558 0.2514830715 
0.9382090143 0.5016903873 0.7620022651 0.4927281498 0.3131339383 
0.7638131123 0.3940520961 0.7757073771 0.4886115043 0.7450879828 
0.3791567233 0.9693738055 0.6315150107 0.0261278236 0.8372461520 
0.6992737866 0.4420459912 0.6530931895 0.6814727553 0.2451590864 
0.6877411827 0.1366033230 0.0642805087 0.0983870713 0.8807203140 
0.4785084016 0.7741652399 0.7097942122 0.5770828968 0.6723929703 
0.3462594637 0.8158856327 0.9955960912 0.7480175746 0.5255201708 
0.7306223114 0.2503945112 0.4126276708 0.1007533769 0.0375542438 
0.8449768230 0.2330995810 0.1916971979 0.5012412575 0.2422879894 
0.4169099859 0.9338597235 0.1830412577 0.6833746068 0.0255497753 
0.4204181672 0.5457095711 0.9742538197 0.3307450059 0.7643318057 
0.8571150072 0.1094239037 0.9775110421 0.6178792043 0.4102463316 
0.7532208092 0.3850781900 0.7146451370 0.0435882313 0.4090458697 
0.6597449726 0.9835442459 0.6486820291 0.6698637013 0.6013292304 
0.3304184364 0.6452455888 0.2901424503 0.6982053724 0.9417814678 
0.3839003524 0.8651476100 0.8200807037 0.1576179524 0.2140770498 
0.6914348274 0.6816302122 0.2166412341 0.6440194685 0.0972457987 
0.0048071413 0.7811175668 0.0258932960 0.0238388440 0.3981191007 
0.7336999731 0.2735695565 0.1343248667 0.0757238197 0.2765050927 
0.5263840315 0.9844624339 0.3967331497 0.3347993144 0.9875667363 
0.9597350740 0.2142149976 0.0028129285 0.9931632197 0.1320369265 
0.8468213954 0.2069923126 0.9346122581 0.2732901128 0.2144669168 
0.7774063634 0.5381711768 0.6460828101 0.0788124208 0.2483574757 
0.3429139332 0.6971031109 0.0488265539 0.9109899054 0.0840283630 
0.0381743360 0.4292447523 0.0972864292 0.7376474911 0.0162036928 
0.5386339860 0.4169735379 0.1850366308 0.7097156778 0.2902045986 
0.4729108200 0.9966747063 0.4517761989 0.2660222419 0.9667613505 
0.5045643262 0.6927722004 0.4219469338 0.4188939149 0.9252137382 
0.9128198703 0.1093390893 0.1651387061 0.3347153707 0.3760542713 
0.4773952474 0.8742286955 0.5447001717 0.5459419290 0.1687559316 
0.5457999699 0.3781259820 0.8773707065 0.1513730530 0.4789932383 
0.5337977625 0.4159537134 0.9319036409 0.0760604516 0.7322981015 
generated randoms (-2,-1]
-1.3724073439 -1.9531287212 -1.2819991957 -1.6565036050 -1.5625602740 
-1.2689136579 -1.2374524727 -1.4919481489 -1.8384985136 -1.1722839589 
-1.0460917237 -1.2123078100 -1.9034239466 -1.4068124110 -1.2647538560 
-1.6235418367 -1.8651113059 -1.6117012662 -1.4892811705 -1.9814465831 
-1.0740265478 -1.1743217236 -1.6052206713 -1.1552808880 -1.7344808281 
-1.5354306621 -1.9919632944 -1.5571178842 -1.1993298474 -1.0039704293 
-1.8403053736 -1.2086582758 -1.3800586038 -1.1402233526 -1.6126518053 
-1.3046446233 -1.7925669675 -1.3514689706 -1.1052875470 -1.4933611642 
-1.3633936031 -1.4825735340 -1.2224840822 -1.0549428844 -1.0667033707 
-1.8832591999 -1.3202388204 -1.9963919795 -1.7189069195 -1.1577517268 
-1.4060475401 -1.0839362686 -1.2036497109 -1.4140207130 -1.6941097412 
-1.0527733014 -1.5166621431 -1.6635317854 -1.6427399688 -1.2168434812 
-1.5984431413 -1.7222667627 -1.9762234952 -1.5744558143 -1.9425618284 
-1.6623939835 -1.2605158561 -1.2179995902 -1.6198010881 -1.4785686178 
-1.5085207335 -1.0856410503 -1.7052175975 -1.1447524006 -1.7084866663 
-1.0675168206 -1.9691129310 -1.4930942925 -1.8914726074 -1.5829152168 
-1.0740572804 -1.1102858469 -1.8825615441 -1.4440936980 -1.1136956830 
-1.3464848316 -1.2949545981 -1.7549560531 -1.8490811728 -1.5462616778 
-1.9414314149 -1.9164191514 -1.7123459363 -1.4269874063 -1.5396202688 
-1.1199511731 -1.9851322657 -1.5609176641 -1.0777152071 -1.1001632115 
-1.8151547318 -1.8654486470 -1.9433846082 -1.5223393640 -1.4863608181 
-1.6235181229 -1.7409577020 -1.9565599566 -1.9838293063 -1.8188541222 
-1.9642417040 -1.9527032310 -1.7223558003 -1.9829092691 -1.5737740241 
-1.4577514029 -1.7545783572 -1.3421883717 -1.6215931435 -1.1591633926 
-1.1351720420 -1.6370032809 -1.9670312153 -1.0943709326 -1.0545339046 
-1.2936693340 -1.0113741377 -1.2787820019 -1.7899741892 -1.8209240832 
-1.3895091376 -1.6272770873 -1.9762305887 -1.6658631820 -1.9581730079 
-1.3742335708 -1.1017369756 -1.9554906865 -1.0415065613 -1.1015455766 
-1.4016525612 -1.0569902800 -1.0119816514 -1.6421329686 -1.0496554946 
-1.0680417676 -1.5072290159 -1.3270212746 -1.7033242890 -1.8294260072 
-1.9776308018 -1.8802688534 -1.9483446347 -1.5852611197 -1.5448354094 
-1.1220818553 -1.0255470469 -1.1350470887 -1.2082073332 -1.7422693866 
-1.8397975878 -1.3866303429 -1.0397791941 -1.9622914527 -1.8945627102 
-1.9046576244 -1.4075107340 -1.7099358854 -1.4967174586 -1.5000853477 
-1.8030517934 -1.1378220219 -1.8270314220 -1.3471157213 -1.6066046424 
-1.3812966030 -1.2671019997 -1.6932093216 -1.1930393457 -1.0433918091 
-1.7459642172 -1.2632202482 -1.0500446732 -1.6897525755 -1.7300126006 
-1.3181912021 -1.2213981390 -1.6972489339 -1.9336849056 -1.8077759256 
-1.7516275238 -1.9336841840 -1.5153751471 -1.7678911759 -1.6292659254 
-1.7419908500 -1.1206665621 -1.7371367275 -1.5318386552 -1.7277217052 
-1.1082921715 -1.4045055390 -1.5073777796 -1.3723732645 -1.3790517526 
-1.1082775437 -1.1966960891 -1.5032487255 -1.2905337057 -1.1025591050 
-1.5753246499 -1.2622134554 -1.3702762144 -1.6736488899 -1.4015985592 
-1.2955022442 -1.6931613513 -1.4351685607 -1.5261180189 -1.6197659351 
-1.7204391646 -1.5348245082 -1.5375998418 -1.5741685544 -1.7883462180 
-1.5064708619 -1.0148322013 -1.4930479665 -1.4420083056 -1.7125499444 
-1.9190413071 -1.2329487188 -1.3063857709 -1.0699325151 -1.0244154695 
-1.9147444604 -1.9710575642 -1.7785203187 -1.3773750385 -1.0911397070 
-1.9599264659 -1.4620491284 -1.5451472931 -1.8599333062 -1.5362362518 
-1.3076432005 -1.4035464973 -1.9527321404 -1.5007851378 -1.4236672849 
-1.4401585120 -1.7263323797 -1.3038372283 -1.3362680116 -1.3660317098 
-1.3466311196 -1.8889290317 -1.0486334838 -1.4213578187 -1.3314300811 
-1.2385920777 -1.9153301699 -1.4685885488 -1.9682637343 -1.2628624683 
-1.2473975924 -1.7272732344 -1.4962837832 -1.2729184935 -1.9221589361 
-1.3174788606 -1.5463135533 -1.3107241764 -1.7327936866 -1.3703621345 
-1.1836496584 -1.5487568466 -1.8285553845 -1.9475684290 -1.3656682980 
-1.6042968863 -1.2075284028 -1.2091248471 -1.9391144939 -1.1517175248 
-1.2321495096 -1.2632522510 -1.7151983224 -1.8787136822 -1.4419639945 
-1.2733155674 -1.3322616066 -1.4745858358 -1.6574649859 -1.3291259502 
-1.7042281768 -1.0562622772 -1.8649780395 -1.0966225904 -1.4856535295 
-1.0389601787 -1.5455379408 -1.3209452676 -1.6338435641 -1.0170371385 
-1.6881496684 -1.4117086490 -1.9106373262 -1.4883604992 -1.6888056910 
-1.4878213910 -1.5366049904 -1.1067598423 -1.5487519674 -1.8461272145 
-1.1297129094 -1.1705349909 -1.7829474299 -1.1113932347 -1.8997976442 
-1.0587650311 -1.4978040419 -1.3713460595 -1.6567349377 -1.2927157806 
-1.0757801987 -1.8274134779 -1.6480211485 -1.6378176612 -1.7508807457 
-1.8719628026 -1.6025413407 -1.9917846360 -1.7355678154 -1.5558540067 
-1.3714017302 -1.9156846002 -1.2081195168 -1.7164040285 -1.6117496481 
-1.5155274719 -1.2864295938 -1.9122571940 -1.4009582691 -1.1151259270 
-1.7012471187 -1.6866950321 -1.8047015426 -1.3003417521 -1.1790045114 
-1.8895885617 -1.2739003220 -1.4996102273 -1.4810037826 -1.6225127031 
-1.6841134136 -1.3930121276 -1.5924477633 -1.1264803485 -1.4898336538 
-1.9029070477 -1.6384977716 -1.2067603826 -1.7681407236 -1.4294826486 
-1.4598110169 -1.1586861678 -1.6351001926 -1.0395054025 -1.2062293595 
-1.8692905285 -1.0165895623 -1.1723373836 -1.4295997947 -1.0601150869 
-1.7919712523 -1.6057394661 -1.2626199192 -1.0581237295 -1.2250636630 
-1.4745714523 -1.9540805238 -1.0997801499 -1.9429562412 -1.7432335821 
-1.7396893196 -1.6607460972 -1.6525953568 -1.4456522137 -1.5965108106 
-1.7323355530 -1.8719245157 -1.3460741576 -1.2101913794 -1.3682127086 
-1.9444915284 -1.9900385983 -1.8909806587 -1.1042979045 -1.4675086466 
-1.6235759381 -1.8952861301 -1.8394645162 -1.4234692546 -1.8715754899 
-1.2209866215 -1.5577465142 -1.7006465400 -1.8576220707 -1.2996584066 
-1.6602572417 -1.4113564194 -1.1952090576 -1.7260691256 -1.6060738130 
-1.0469372952 -1.0875792616 -1.8284580696 -1.2227971380 -1.3867589153 
-1.3227227131 -1.9289482265 -1.7023140044 -1.8561632928 -1.6114665621 
-1.7129148138 -1.3892014812 -1.3670539815 -1.1097797039 -1.9462621653 
-1.0762728004 -1.7532702296 -1.0220388628 -1.8522052429 -1.3817180292 
-1.6453076531 -1.8425575680 -1.0113018125 -1.3498254528 -1.0609562115 
-1.4734136724 -1.3017785956 -1.6304444387 -1.5918487937 -1.4589952550 
-1.4724938416 -1.5863376236 -1.0827618780 -1.9755114224 -1.6731883021 
-1.4018769081 -1.8543253577 -1.8475560747 -1.6041448034 -1.3571075161 
-1.9261469832 -1.4052180001 -1.9829238715 -1.3774191332 -1.8745332880 
-1.6510520879 -1.4463941267 -1.5399744184 -1.8800581892 -1.4740851883 
-1.9754151000 -1.9338997496 -1.2702267589 -1.3269525063 -1.1161524278 
-1.8423778089 -1.3833826782 -1.5892197410 -1.4253887084 -1.8535877778 
-1.4384730062 -1.1262958673 -1.7435053523 -1.3461590116 -1.7348290650 
-1.4947583141 -1.4958989088 -1.7644012690 -1.7848983745 -1.8782904343 
-1.1569329689 -1.4836023852 -1.8307392898 -1.9466241239 -1.4340545589 
-1.0086002289 -1.2607335730 -1.1825916995 -1.6573690898 -1.3017931066 
-1.1832887526 -1.3882332252 -1.1389765254 -1.2118986638 -1.3113400349 
-1.3393707720 -1.5444324021 -1.8637229182 -1.9067403921 -1.0256382283 
-1.8581432747 -1.8650182683 -1.5136524188 -1.8034717641 -1.5037215531 
-1.2898370717 -1.5262202490 -1.6624409089 -1.0933311651 -1.4400752399 
-1.4636218775 -1.0902521421 -1.0318547591 -1.8151729625 -1.3858002669 
-1.2808065839 -1.5013654171 -1.8435627482 -1.9761694209 -1.8127828200 
-1.8434819371 -1.6284026764 -1.1695102100 -1.1963863336 -1.9129442451 
-1.3644771230 -1.5599737448 -1.3420189591 -1.9291259717 -1.8888818717 
-1.4391433802 -1.2068459676 -1.1462867364 -1.4693371129 -1.7632225136 
-1.9196727918 -1.8790918401 -1.2506700046 -1.3421471043 -1.5609892540 
-1.1276356910 -1.5267794911 -1.2907602259 -1.9345892186 -1.0123270580 
-1.3810360563 -1.7596746632 -1.3142758939 -1.0316374288 -1.2465571967 
-1.3352520041 -1.4228726609 -1.9503965001 -1.3930956836 -1.6576154846 
-1.0480625046 -1.6676464368 -1.4086177219 -1.5942501491 -1.2359281943 
-1.8210980140 -1.3424742536 -1.3329649751 -1.0913901271 -1.7329677832 
-1.6815472686 -1.9741999679 -1.5215725913 -1.9578414327 -1.3453095343 
-1.0298041532 -1.1594652073 -1.1274867300 -1.0539762291 -1.4634220897 
-1.3583590788 -1.6489384806 -1.5767279449 -1.7747552306 -1.2357411233 
-1.9406938115 -1.0745261388 -1.4654936858 -1.6634419114 -1.9879813388 
-1.9670366476 -1.5554641919 -1.2203247737 -1.2066323928 -1.9813709456 
-1.4629902350 -1.5724707421 -1.7757848306 -1.5670746259 -1.9550502495 
-1.7691579778 -1.4271651763 -1.1133054826 -1.3588384186 -1.3454727047 
-1.3393715106 -1.3398696175 -1.8061306224 -1.7445767373 -1.3952884654 
-1.8163280370 -1.9716555335 -1.0290737961 -1.5422702237 -1.1335982231 
-1.5794519202 -1.7585414102 -1.4177298753 -1.5652025038 -1.1800534748 
-1.4372837621 -1.3332717951 -1.0933091183 -1.5286897604 -1.1760545412 
-1.2613107824 -1.2412276176 -1.1225088229 -1.5239679485 -1.3579198600 
-1.6500266022 -1.7458461948 -1.1882909471 -1.1433377937 -1.2042967200 
-1.7016301097 -1.6866739099 -1.2612249976 -1.6753378019 -1.2148315437 
-1.4703479615 -1.3890629081 -1.7125402094 -1.4565665038 -1.7593265439 
-1.2803306330 -1.0642114018 -1.8991292777 -1.0327502391 -1.8013396491 
-1.4072660245 -1.9855174837 -1.2461163659 -1.1284570070 -1.7721734778 
-1.7597169072 -1.8582810975 -1.1307956508 -1.4433144011 -1.3057214030 
-1.3576265895 -1.6150087607 -1.1896616800 -1.3199908513 -1.0385077073 
-1.3458618611 -1.7983998020 -1.3415022853 -1.4355499626 -1.5188203311 
-1.9673365213 -1.3182026080 -1.7322705691 -1.7010374938 -1.4090044842 
-1.5680297294 -1.9903907054 -1.9685117835 -1.0838186697 -1.3044445152 
-1.3717020353 -1.3358805139 -1.5878618376 -1.6199248522 -1.4814792445 
-1.3220478500 -1.8167706899 -1.6199374949 -1.9890362029 -1.9373873377 
-1.8344521909 -1.3670379866 -1.5430020981 -1.6651692027 -1.1628209201 
-1.2742852501 -1.1643566325 -1.4943127840 -1.8914623088 -1.1158069711 
-1.2832754697 -1.9357815101 -1.9499413984 -1.1317445154 -1.1089838227 
-1.9579960692 -1.7542788377 -1.0157702695 -1.9784834670 -1.8219102947 
-1.4489556414 -1.7757160799 -1.4210354259 -1.5804775667 -1.9736074476 
-1.8717230579 -1.9583432979 -1.3299484503 -1.4224574409 -1.2415265889 
-1.7595009941 -1.9007580051 -1.0503051981 -1.7089886232 -1.3100825127 
-1.3952949676 -1.1374737927 -1.9420733042 -1.3167841834 -1.0416621410 
-1.6677673531 -1.7171709575 -1.3906543975 -1.2656567775 -1.1274911530 
-1.2874789073 -1.4895271214 -1.2853480801 -1.8917639675 -1.5522551394 
-1.4510678217 -1.0715556355 -1.7295621758 -1.4727229773 -1.4565508521 
-1.5059837126 -1.4491806429 -1.6641317768 -1.8044634165 -1.7058490336 
-1.2357918659 -1.3702728118 -1.3398422917 -1.4761945691 -1.8455986393 
-1.8826834876 -1.6167029518 -1.4498992181 -1.4769157658 -1.6526935366 
-1.6367692119 -1.4489999970 -1.9859537518 -1.9735847234 -1.4491343183 
-1.6529224993 -1.0356198895 -1.0205947866 -1.9081603105 -1.2666533661 
-1.2115944692 -1.4807098634 -1.4240964502 -1.3623358705 -1.6826810652 
-1.0276926790 -1.3159475276 -1.8037277553 -1.7761462523 -1.7048199017 
-1.3613937827 -1.8522879199 -1.5770086749 -1.4198307506 -1.0022191833 
-1.4436822451 -1.7773232709 -1.1457625259 -1.2045493025 -1.6562089176 
-1.7596529133 -1.5834593112 -1.8704195015 -1.6732836274 -1.6852694566 
-1.8725077194 -1.2143392333 -1.0553143423 -1.1136392984 -1.8548635431 
-1.0414835019 -1.2529110906 -1.8149326781 -1.8103343735 -1.0073740847 
-1.1057668440 -1.2355333938 -1.7389946137 -1.6221710005 -1.0617480440 
-1.1756978166 -1.5798181815 -1.0739524681 -1.5645576591 -1.1016103083 
-1.3240974704 -1.7489597793 -1.1909235004 -1.0040239119 -1.9686050678 
-1.7968122942 -1.9849531385 -1.2389461576 -1.0436631624 -1.7468343943 
-1.0568047731 -1.6742959031 -1.3985095415 -1.7245616084 -1.9284500239 
-1.9367733086 -1.2604719166 -1.4990839913 -1.7221124046 -1.4345100012 
-1.2990111230 -1.4089792789 -1.6060685362 -1.4606860558 -1.2514830715 
-1.9382090143 -1.5016903873 -1.7620022651 -1.4927281498 -1.3131339383 
-1.7638131123 -1.3940520961 -1.7757073771 -1.4886115043 -1.7450879828 
-1.3791567233 -1.9693738055 -1.6315150107 -1.0261278236 -1.8372461520 
-1.6992737866 -1.4420459912 -1.6530931895 -1.6814727553 -1.2451590864 
-1.6877411827 -1.1366033230 -1.0642805087 -1.0983870713 -1.8807203140 
-1.4785084016 -1.7741652399 -1.7097942122 -1.5770828968 -1.6723929703 
-1.3462594637 -1.8158856327 -1.9955960912 -1.7480175746 -1.5255201708 
-1.7306223114 -1.2503945112 -1.4126276708 -1.1007533769 -1.0375542438 
-1.8449768230 -1.2330995810 -1.1916971979 -1.5012412575 -1.2422879894 
-1.4169099859 -1.9338597235 -1.1830412577 -1.6833746068 -1.0255497753 
-1.4204181672 -1.5457095711 -1.9742538197 -1.3307450059 -1.7643318057 
-1.8571150072 -1.1094239037 -1.9775110421 -1.6178792043 -1.4102463316 
-1.7532208092 -1.3850781900 -1.7146451370 -1.0435882313 -1.4090458697 
-1.6597449726 -1.9835442459 -1.6486820291 -1.6698637013 -1.6013292304 
-1.3304184364 -1.6452455888 -1.2901424503 -1.6982053724 -1.9417814678 
-1.3839003524 -1.8651476100 -1.8200807037 -1.1576179524 -1.2140770498 
-1.6914348274 -1.6816302122 -1.2166412341 -1.6440194685 -1.0972457987 
-1.0048071413 -1.7811175668 -1.0258932960 -1.0238388440 -1.3981191007 
-1.7336999731 -1.2735695565 -1.1343248667 -1.0757238197 -1.2765050927 
-1.5263840315 -1.9844624339 -1.3967331497 -1.3347993144 -1.9875667363 
-1.9597350740 -1.2142149976 -1.0028129285 -1.9931632197 -1.1320369265 
-1.8468213954 -1.2069923126 -1.9346122581 -1.2732901128 -1.2144669168 
-1.7774063634 -1.5381711768 -1.6460828101 -1.0788124208 -1.2483574757 
-1.3429139332 -1.6971031109 -1.0488265539 -1.9109899054 -1.0840283630 
-1.0381743360 -1.4292447523 -1.0972864292 -1.7376474911 -1.0162036928 
-1.5386339860 -1.4169735379 -1.1850366308 -1.7097156778 -1.2902045986 
-1.4729108200 -1.9966747063 -1.4517761989 -1.2660222419 -1.9667613505 
-1.5045643262 -1.6927722004 -1.4219469338 -1.4188939149 -1.9252137382 
-1.9128198703 -1.1093390893 -1.1651387061 -1.3347153707 -1.3760542713 
-1.4773952474 -1.8742286955 -1.5447001717 -1.5459419290 -1.1687559316 
-1.5457999699 -1.3781259820 -1.8773707065 -1.1513730530 -1.4789932383 
-1.5337977625 -1.4159537134 -1.9319036409 -1.0760604516 -1.7322981015 
consumed time for generating 100000000 randoms.
BLOCK CO AVE:1121ms.
BLOCK OC AVE:1109ms.
BLOCK OO AVE:1566ms.
BLOCK MM AVE: 571ms.
SEQ OC 1 AVE:1404ms.
total = 500006671.269066
SEQ OC 2 AVE:1522ms.
total = 24832.290843
ADD   AVE: 425ms.
total = 50000.000000
