generated randoms [0,1)
0.07430780856272511947 0.87007222583464116639 0.34032347529745865522 
0.90568696637514212178 0.42564791683931257893 0.90581700734132475361 
0.74391434085819452271 0.26810880347546373059 0.60583394636494114494 
0.80913308255659144308 0.63618420634745964648 0.42416123898364466172 
0.88977253110312015671 0.95922161788461957066 0.26590404501008868543 
0.86243321154414309682 0.67096790159219477090 0.50717224902144031340 
0.43060672801357813277 0.98618619591448175576 0.15723414501569421553 
0.06376100102815174253 0.83109256238249207271 0.90242840485207143075 
0.97717459390004868247 0.85823193507483930276 0.61404375027486257643 
0.98730967204444319840 0.53395381607670633350 0.11104642633281813779 
0.04700007219853374885 0.88078186687482484807 0.10442414231048058326 
0.16580786925943136190 0.15367717886800025262 0.95580865304193385334 
0.70535245981028804607 0.13357380099776050564 0.04703069970113937792 
0.24539901435114397366 0.34082423357840085920 0.64373655486804493009 
0.28365649917218838105 0.67142355936693043361 0.18799353942156460384 
0.78760758260228191929 0.45650102802243974764 0.86788432245587787683 
0.73411107646563755758 0.38188688878004106719 0.16874020675491863130 
0.21303075235885637895 0.12895134751177339538 0.77488476041574627651 
0.20181905170743474898 0.37369508229224024376 0.57819149398554769981 
0.88250218877692709896 0.20300982053492333534 0.34660437635705543258 
0.58393411631220071278 0.76634917321621265351 0.67151626508593431630 
0.00208068052779375456 0.28214821908964138331 0.26151935147011484695 
0.64076403393413872145 0.96887997729085917342 0.40047919507847495879 
0.97009607370071293531 0.26714326705157454001 0.43884337984939736366 
0.09037146532913853392 0.26163363144556006645 0.58986578992773575081 
0.89251717922224593771 0.48294906422065109197 0.51733443576667914598 
0.43359800767585099379 0.60654433898088377930 0.63272102223068182880 
0.73958126002189361614 0.31132442970762053136 0.39380950620209964619 
0.82509844698207146507 0.28336900577535284462 0.07190827878341110591 
0.90605676787145372764 0.28592412458847671353 0.31834488695549367776 
0.00534798915720746670 0.97490363954883130226 0.57002045065082973530 
0.70163259286407786419 0.43221686874964748704 0.06486004753554297508 
0.27597105093887575045 0.75040993949203382840 0.43256523310564864993 
0.21455308255217819813 0.30649908938955272575 0.50155079665939794609 
0.91877805571956105979 0.09536512856808676553 0.12519802684391678760 
0.68594759639535829443 0.56415751446736273067 0.74181734778596242208 
0.13110953294659677404 0.49839359422576934300 0.21145499051477045782 
0.97808598705846039323 0.57114690313701199642 0.75259509325008644431 
0.78215358765979758893 0.69090199406833563422 0.36331498756642632841 
0.83950983451723293349 0.18698929745738079866 0.66541790268515477180 
0.43635901872468796370 0.97594343263742544536 0.51061639109714351825 
0.78294313640023305290 0.47214805556299133116 0.22052083568848823703 
0.30260026292711694751 0.45723176428199807653 0.65537440797986912244 
0.99094778526026638943 0.96928159527439405885 0.77230815831424060036 
0.21780820535153688766 0.18519029279580379033 0.50538227994716544700 
0.26786930551802257128 0.62851916585432143769 0.34824336475822326165 
0.35517318850576851119 0.52077525176130157192 0.67460059299469898875 
0.37053643669902203150 0.28342985702816658744 0.01995235066008826941 
0.31196644750988733463 0.62889632875666401368 0.12737969705603768844 
0.41330679696882666185 0.24451648506786738402 0.08264190948938576753 
0.19027678656977964344 0.12472913333825852433 0.47394646918098626287 
0.02598911906167722385 0.53370387192160007039 0.58157351259703959911 
0.73992629395749887067 0.75572477557412232052 0.97827065248092237582 
0.39684920608226370575 0.20332508431221318901 0.68305970559605921899 
0.67701034872126553132 0.57211373474551519003 0.28713060315537020095 
0.83941817546144625872 0.46021328880797773841 0.25489399453353156488 
0.18296490013474420167 0.74963039049305391082 0.50416410939570965866 
0.43044470687497948802 0.61549163511316895558 0.91708488577167446287 
0.83476661913942029614 0.32591373473403173477 0.69393000190178821818 
0.71776933919910512749 0.62691135228184324824 0.43162040273133750468 
0.59093628051167113036 0.54799702665095484377 0.76246849681765338502 
0.70916384818588484862 0.78657173677708724924 0.41714935789923468512 
0.37958764656825194628 0.43064229624114958028 0.75880964952813734214 
0.89796333508440340232 0.20918511147263418870 0.12285630014675508193 
0.85413391988237385988 0.73411207597997463203 0.53263617924176442919 
0.10543344249873753959 0.32288564402723030078 0.96048302203364865903 
0.86766405053684514392 0.29527268438771336889 0.20293700744661236079 
0.36916296758409039569 0.97938846183251659916 0.97720593349204953881 
0.71376088880716870300 0.76120223117807239710 0.06060821417569495217 
0.45621202967940899242 0.52526446143669236477 0.54114852831928428323 
0.28875159684746565247 0.66227675045906875262 0.56897008907999246929 
0.76784049118353436825 0.00652263181189960406 0.99490522922914381709 
0.45953987965194764698 0.32324908658170570241 0.41915226202391697718 
0.88362726318619300159 0.53460032735516826996 0.13787900335247638139 
0.15041514087105101183 0.60053164450871809876 0.32870057876248992557 
0.85098894220621645879 0.27651321550511531733 0.15277227567330453617 
0.67907065554719658884 0.55885107242941489680 0.77089676954935870690 
0.84934950719934732000 0.94494144120718814861 0.08210867039395219891 
0.89056299576766595472 0.60370611577983646079 0.27549337576668908589 
0.98035419194433037759 0.21687015843077306343 0.98938865732412928367 
0.90557218439610354110 0.16686430857809675388 0.43444730446772839016 
0.07443843490080448433 0.00264994439977961349 0.25214256108465638029 
0.03561396683469819635 0.28218029756066043134 0.80919732755573337002 
0.18477654063306059307 0.66313895568048497609 0.97617631714492048012 
0.29642585778905905514 0.51357284459979135605 0.64999665313973453706 
0.92209241722925749940 0.42761408024244196291 0.27923986757771923628 
0.71686892788710721014 0.15289268530875466112 0.66994743018446256677 
0.96334421569021277953 0.87244612902326523773 0.45797665550862709516 
0.90625688374674440162 0.57355223241816655211 0.56646229049075369488 
0.54434665650051283770 0.84765663784607503395 0.40605174626142570560 
0.81195238783476542110 0.71466766770393497232 0.31850062323402927866 
0.70162246399840211275 0.22304126078323327498 0.68277714692149205078 
0.87018730776521779902 0.00521306258581799575 0.94448950980006807221 
0.99675806528898891479 0.87041113745432641124 0.49927929211835042622 
0.50495650363000410543 0.49154282346190103503 0.01845081122063074730 
0.34894411030083061220 0.31356593328422777134 0.96427254668817674599 
0.60147583304069685006 0.66439692097722558017 0.08155976684463350779 
0.41452290027680693818 0.11539939264833942723 0.78949870365403573835 
0.78231501606526698822 0.60347231500375353441 0.02272416035221147546 
0.20358987328367295078 0.73656249106615057087 0.19936182643538846726 
0.75944501572063471961 0.28842740286026380403 0.33733064151056568747 
0.82915875776761627236 0.01188388039081544889 0.12354589961707440615 
0.56706910246338870785 0.86473547869998990123 0.99475001407271879117 
0.28757788682444185291 0.70811945027169898026 0.74786608547952249104 
0.10996821340427809233 0.55237942182294630378 0.78009776120657892129 
0.52037770657869408808 0.16327607411298239448 0.61802192412340062333 
0.15460415715053832386 0.86530545137725844995 0.55351008036410020985 
0.17990215650451357732 0.05497195791629194694 0.55334011422076834208 
0.79791811016786207134 0.36725795875969136084 0.34065236936621423602 
0.19401941939960232197 0.39675403521496921400 0.55604287126856344337 
0.84884110033337423218 0.92025386764753158708 0.10550325746480226918 
0.09884897475969212088 0.40777994673402861991 0.72215322023282957353 
0.13848388750698670258 0.07622975683286092874 0.59586358914889703264 
0.38471940379381308617 0.74964124772742946057 0.88255684563936775966 
0.73693816880654927637 0.88907139963014736317 0.58078258124779424953 
0.54132370988818290236 0.88583981014895796235 0.34517445834284665729 
0.42162950099734208820 0.47875414527410442567 0.84647231688081592260 
0.53864630763228316113 0.91451238866930828486 0.64739763998263488709 
0.78482590617401726263 0.44636571192984364487 0.96318448302930792515 
0.45136776811236667406 0.56251174957428040635 0.12939900472227194861 
0.53781242380811722370 0.03155236015814222306 0.97778873544232602910 
0.67131749505914228848 0.07912964181306958444 0.73669944547722532313 
0.42696943662819397680 0.20798850174378036293 0.95835324375246533357 
0.54113370532438920257 0.37845093462188539313 0.19766384936948400153 
0.42382140885327346247 0.17572722856585332174 0.59284182970972088000 
0.64371900340870191748 0.02188397329576785566 0.85665323163385065364 
0.57231093151736955882 0.15269291415466357265 0.08246890634623116334 
0.53729463003770927543 0.84547997877942870915 0.42904889393494372030 
0.90965444427673625150 0.99491186239510120970 0.33962922058124744851 
0.05262679614953569285 0.51113972432384713329 0.49530620073278841531 
0.88339036482232757841 0.87426584592917722105 0.45850737289186560552 
0.14707938162569922369 0.58805613615303231612 0.29086053107797127382 
0.25629002845962811641 0.26854566561430925908 0.77429201448132123353 
0.99857148018046215654 0.73220844229803039305 0.54776142728292898099 
0.36221456725674294752 0.10672417900990960327 0.28394373264523053990 
0.44166995823092625173 0.23877250819356832245 0.62936740816673797383 
0.18703289179589899227 0.57219513050704429169 0.16088791635258870016 
0.21602379536845939256 0.65490737291083966909 0.74070068941911348936 
0.42195878590108137907 0.86996513511713735589 0.27847410921578807930 
0.80151564927312501929 0.26460704682217239814 0.21844057683156870020 
0.65116590044257471881 0.58823307188145590452 0.43712359868289629716 
0.38939876254465644045 0.78668957598194588776 0.85457461879710616692 
0.57508624149678810866 0.33389255407052709224 0.53348232831506492424 
0.83238280953469923062 0.81228628308382710976 0.49744965001214924705 
0.00157401969928261387 0.88563495792508506455 0.82678819110792867164 
0.27828116366500021961 0.57834030317731199844 0.21947287429210304843 
0.52199545345977571564 0.98107163876570502303 0.91698477983790493973 
0.49128637618838655321 0.55090054796305909512 0.88322163142721787921 
0.94224126290269905049 0.81581800903301537886 0.73854399256884528668 
0.35122613638879740527 0.02283989669367625375 0.69902064524730644912 
0.71773155144828915120 0.91176742844948166500 0.43122164094502157816 
0.50201927609077112713 0.37781086388937001885 0.78364608063643093061 
0.38893252670547284744 0.18929721435705637589 0.98193087616348617708 
0.85178467206493957420 0.85716948316965968502 0.30332580304074174826 
0.40044638357270523343 0.42090542101571304379 0.17589085657539293983 
0.31147790292015486990 0.22753079570968215428 0.32694599874246366156 
0.71791394018465903848 0.04454599468285769248 0.58520190971056806895 
0.46308690869935698053 0.53828701176086091174 0.91072958980674778573 
0.59865802629275721713 0.69171079461200446481 0.81696582935262762604 
0.34158631951809015348 0.11953204883500911926 0.73824638244908968865 
0.64692629121141376203 0.21743192864361504668 0.31968644552779101886 
0.07101262044361944525 0.90934545208489980794 0.92490096182495795674 
0.02236828591558936985 0.63546636413816104394 0.93368535883805070519 
0.84981176595352159175 0.78976112379958496312 0.31420847501503645915 
0.08230046326164042192 0.54651105909377717396 0.82664864797536585783 
0.21340078659505734571 0.24557865217940877400 0.23428402278970428263 
0.22055042622337350799 0.78863830126325695780 0.79081690589608588660 
0.56944012914783392887 0.07661452193675311051 0.99199830498184327077 
0.51803849121613332329 0.67570913640043195336 0.12814167529329800743 
0.93644569966739021893 0.19461846315515662909 0.04722222987671642613 
0.70811149267261885853 0.52688350626294799817 0.55602925213820775241 
0.61620904052964364794 0.53628918640693634678 0.57914134943049577764 
0.70086346403361132751 0.74287813294072502224 0.79440117173952207175 
0.16126679252998998848 0.45382257205672438261 0.59721725266268799182 
0.31484427422992422585 0.12599524744831636092 0.61608468049118347842 
0.45163151514801791464 0.13203398574228319973 0.14586836738899311428 
0.13007464687777514634 0.57881594976590400314 0.94373863515447631301 
0.42961564377429528605 0.80860105606178711568 0.27090017718844938699 
0.15539489351670154882 0.70739408301713013749 0.78176488102064700669 
0.68928484067025319604 0.23831282120112651235 0.35538360473497387915 
0.43676362242054977969 0.65236821317705517842 0.42718193608987342635 
0.91565605284049778056 0.88792821637692176395 0.99187045174080745724 
0.00541238756493056528 0.55705091359715797061 0.66614844386335647641 
0.89937668024289596502 0.88388727653686238739 0.02068168178182649974 
0.31638665185521852585 0.41567890625691150674 0.25494819596991691313 
0.24068876454800514075 0.04746841624442388330 0.41090388272653388668 
0.54517502223066616196 0.25759417288712360694 0.46719342473222047474 
0.36757416699778810987 0.97441934323674295193 0.59580199575912762278 
0.15730580993858334082 0.06219101801417892261 0.64302739574888434504 
0.60241338898650376166 0.73555982243203299475 0.33731386412660602225 
0.12734070896245897053 0.60518394429235611298 0.81081173550841501019 
0.54119222327886062907 0.21373096032830907198 0.60217748976132368099 
0.55847483832203304033 0.54201715537263184252 0.03353481625370902108 
0.88635412393665280462 0.12467192217896894135 0.12821592200018705476 
0.20576582142140464882 0.04673091785428340472 0.08103570675345816987 
0.79618373599889169512 0.23518153851687917388 0.70826625183893354709 
0.54328649517355676046 0.93970923948275797422 0.71002256907014782428 
0.66984228706733195402 0.02500717140584929332 0.94113248368850044301 
0.53646516894539142406 0.86208647390822346068 0.18278962400785592202 
0.99140103456161110529 0.60628194953461500560 0.60022663467848014207 
0.53097168902820768288 0.18380146163316135599 0.23102377970055787415 
0.50462570467614664693 0.42542330925360172245 0.25901430060257379928 
0.51805565086709237654 0.06623452573750365779 0.79676312073669275371 
0.30461357666520472165 0.60648255521292049330 0.03452215912095124573 
0.70336422511099483401 0.07110761924487496444 0.74875862189679853742 
0.35667284317597314214 0.99022682590354316190 0.53788595910414938039 
0.16696471964132775234 0.25321152581921579916 0.98369547642187304959 
0.74499529589730162371 0.34947299650153196282 0.55005564582771393489 
0.32184471471129749709 0.27120764800853902621 0.95154909344602600640 
0.37135819847726692089 0.82339148458104749473 0.64011942880278360768 
0.29832194610052154005 0.56894307229715379570 0.34763528465702675518 
0.24439791853737258265 0.79632622585319667863 0.13010091768118203781 
0.71585027709699633469 0.21098400672680939216 0.61406593577423818076 
0.52984909639487631772 0.68242370231300775174 0.02533362851178155850 
0.70391726240939900272 0.01144213598277987742 0.87344655282709027233 
0.38509092954610779636 0.43664512413938250113 0.75428001694213242523 
0.92708168561315651424 0.63818894446637597362 0.72269201938097116233 
0.65398981143927503723 0.31273999909041294565 0.15706364497288860527 
0.03022883995627845266 0.89797887990456803919 0.26114283017985884250 
0.76295533247779467878 0.69459792073973303239 0.51074662176475138509 
0.00020803973596938974 0.06706321407582538363 0.56804593846705819793 
0.48948721237858494604 0.97341260932990802957 0.79872445713323569905 
0.05094652713012748357 0.89380152252375699717 0.80872778311104442928 
0.06973514478991549304 0.92160471462825044320 0.85572434680804487783 
0.37245505643355270031 0.74440168900485526038 0.18198380149594184374 
0.59075848621369542180 0.11703614081738655806 0.93770465910914535534 
0.33934026367456615603 0.95484548715483574810 0.02205029527561008784 
0.75556072776165383864 0.32368228509370799983 0.89447284530479165277 
0.61711725582724197281 0.42014565973055950643 0.69857011156645154593 
0.94143574114508288275 0.37634904057983975534 0.07371767875368995249 
0.66285020265124017236 0.62392751645952060358 0.97557621075802214428 
0.37446509021955542984 0.40103602753682587867 0.33025663291475471084 
0.09783371834585907756 0.50667157201636925379 0.11381105330438012757 
0.04647164135850223587 0.65430572857236857232 0.49782322140944401667 
0.29678384367620580520 0.07800190965923059494 0.82524150898159009948 
0.54385390409120604183 0.30183390256084807746 0.72697238702522604115 
0.53195754139182249709 0.52277286163948732955 0.17341688528982124318 
0.56234741295619206092 0.28335004177600398023 0.11556401546044403617 
0.74844054485718136682 0.36031587575309798055 0.91072582070539098709 
0.27166548345269836418 0.66279469187846506983 0.73879959040325182684 
0.10666588449645475478 0.16320408348895720785 0.46160350292768503877 
0.86060013765966303367 0.01916682788292267681 0.82597610775062846322 
0.54488042209431442053 0.85042550985680120945 0.54065793144783724777 
0.96339230580748469457 0.11870615284940488898 0.45004850311931599016 
0.97557743966543486458 0.68985119082476487051 0.63605548538486744725 
0.21807815524214735348 0.09305794893411900581 0.29027304105912365983 
0.62921403480479964898 0.86003461447368190207 0.62815584456636086585 
0.58692907630723434309 0.42184752230216981950 0.32341045396815948365 
0.35839511267023582697 0.19610691286961623447 0.57672376253209911567 
0.68380471592012659343 0.66532201746648889085 0.52023562341744389315 
0.69635365672290339134 0.85544734317527670875 0.02335030600814236301 
0.33120714326568823083 0.14542057865868507349 0.07673606745033079157 
0.60047084590813870619 0.15132576046713341889 0.05200195578398236762 
0.68457195126427339282 0.74163860522337765602 0.03874411293928337052 
0.13230886632050742335 0.18491439370080509086 0.67731460163931322960 
0.82048277624727639079 0.34738237036606478547 0.66146489404969210923 
0.24284234838007789925 0.47535750785950692254 0.28434586411986795262 
0.13650331633749934745 0.88379384581814424138 0.59641183735437142133 
0.57830425961283138392 0.38601587173350493387 0.17451617340651592869 
0.91289363438872483947 0.01169812186276408816 0.60501285275573879474 
0.42875216502637858440 0.00162062765733073100 0.25115168213620786553 
0.45199584426325500885 0.87017343377711786623 0.65384248675534339945 
0.79610962036211296855 0.34967029907424329593 0.90703401806229777549 
0.46687522144061843754 0.74477879290678128399 0.25497260867277127261 
0.70510608111322214953 0.15440297566964433784 0.30673892869712915399 
0.81142300003297718192 0.83856005592624671685 0.11857489226200135235 
0.53255334625508954360 0.38230464107109085603 0.13182515062358080016 
0.81319553573797476176 0.11462139338292320900 0.96892237597818176020 
0.15499200562593884456 0.43355345435542425037 0.89431791950586458917 
0.42895057509827094755 0.35755275209308967632 0.93311877257229980387 
0.09389634584207917634 0.88048609976192193649 0.08487655095717228093 
0.97643245005728362962 0.04938141949958252397 0.88665624344982862937 
0.42400368548250666478 0.91252561493219896960 0.68751203963944673703 
0.46335747493661583185 0.15637754638301104571 0.73108469198131720290 
0.82450952824818313225 0.06990692349682969819 0.01769489570397086986 
0.09603096223645701812 0.27701125383263436319 0.27698336895839648086 
0.01167956846906004209 0.12781071563947232761 0.74458610012003867418 
0.79837414423011687781 0.42477606521784005977 0.42162833233564889213 
0.40151120685036900682 0.10659276515487436932 0.37650998742190355806 
0.78622929156302667764 0.24687489681692653676 0.84921606064273857939 
0.20187512912616201177 0.13120089749914520816 0.58392399872727973609 
0.87141826568016811372 0.44993309587653329551 0.04806749668989485080 
0.95133339691746732214 0.16887835725143052201 0.00310435047342472181 
0.09944918290335680311 0.24537894614548649841 0.10143272542565551220 
0.40317921166879666650 0.85004133016448091276 0.53341244807339704970 
0.97942219162515287145 0.08233822804439228094 0.56345629515616746374 
0.50971711055508284183 0.64570742403126124564 0.16495979684294437284 
0.16298246482583644834 0.29253892111622237238 0.11114477715585313611 
0.14134292055785691034 0.13528618278329029856 0.18163871436537482040 
0.70711982252113991798 0.06938955181193495747 0.91443833348206471356 
0.93516952609604198088 0.70676293052765504221 0.22002651030485154138 
0.83803451881770962828 0.87249127738198817283 0.85642775424398820405 
0.58990865034847694837 0.50672392416334499643 0.44690160609874740594 
0.44622014459538439368 0.43751054107629117063 0.25599466521440183975 
0.04991171259688020889 0.03415916948115182983 0.23754812973756589400 
0.69216173374607947721 0.16014332955849952533 0.66245085543925452676 
0.16282848623681833722 0.77824680140508672999 0.45745408049316327315 
0.64824362358427167763 0.14340550164862797544 0.00634015257119369124 
0.67058788593973561731 0.25147273763198252361 0.07972489637148250097 
0.40268963228495047169 0.76340715465293018660 0.02599677774558695198 
0.70593220078854357347 0.53456318730880370005 0.88317541604806604205 
0.55225775423704392963 0.43546219785724904483 0.26536394161839393924 
0.46261520446090265146 0.61757991247954646674 0.14693024848652536107 
0.13619360211561071239 0.11046918451222365043 0.48925523241268131791 
0.04478433671653747616 0.67306594176092260362 0.65342637657525326489 
0.09813650041948807079 0.18528239220363662554 0.49307737516244731779 
0.82477681365188915130 0.19512956550265014855 0.06742444191374774576 
0.69719748162560435389 0.53025188907239639846 0.58592498883302845947 
0.73771382343003288895 0.32326534074169810395 0.10436603139575084676 
0.45450341558228846139 0.83764941417969329684 0.86990360778539677078 
0.08147809179800624690 0.67319971492074870412 0.34800445028829751770 
0.84587135274399938289 0.46196050485423101328 0.86665815552138281141 
0.68420644635803595790 0.09814943826752209333 0.89148500707205924343 
0.29002700754969201746 0.23655048285213697845 0.87151496461233501911 
0.05641034808638867304 0.43552779527559271067 0.60638062288285810020 
0.18624009388814832811 0.24906688543404609248 0.38715757693816610363 
0.55226801641261302755 0.68521695939307747381 0.89849533064807940441 
0.65422848431541558156 0.71199792868167177673 0.30909621156067168535 
0.52830838326614260048 0.61768131514052670994 0.43790536594273232751 
0.08034196909389845764 0.66369437998001146184 0.21887638215303240052 
0.34939158913798862294 0.24422486378012653319 0.63518068806317740105 
0.82354331164755900652 0.83561502313434776745 0.96797060495826259263 
0.54775936521108192778 0.50935412119473988390 0.64975810768822506169 
0.24829460316669993425 0.90801092212196765630 0.40771984811362393941 
0.28145648366309417021 0.94518294192549978661 0.61134736239279785508 
0.30724441005571234697 0.88190584999575438729 0.62873819475660064349 
0.84780124549592073002 0.70773902611436723120 0.31388416386023942906 
0.94662225897056129220 0.86354999571350243848 0.26314681490742852787 
0.36885160949105189054 0.79612309307583295492 0.29041676778169134288 
0.63263016088811463433 0.31154388705429747475 0.21643708623568791438 
0.83982872896511984173 0.72487052044498434533 0.88989958374921163120 
0.89589037937836657477 0.91610280537837773807 0.94026650147089330112 
0.74661869711805772809 0.68823003531849491488 0.51207717716529499441 
0.82950269117797970075 
generated randoms (0, 1]
0.92569219143727488053 0.12992777416535883361 0.65967652470254134478 
0.09431303362485787822 0.57435208316068742107 0.09418299265867524639 
0.25608565914180547729 0.73189119652453626941 0.39416605363505885506 
0.19086691744340855692 0.36381579365254035352 0.57583876101635533828 
0.11022746889687984329 0.04077838211538042934 0.73409595498991131457 
0.13756678845585690318 0.32903209840780522910 0.49282775097855968660 
0.56939327198642186723 0.01381380408551824424 0.84276585498430578447 
0.93623899897184825747 0.16890743761750792729 0.09757159514792856925 
0.02282540609995131753 0.14176806492516069724 0.38595624972513742357 
0.01269032795555680160 0.46604618392329366650 0.88895357366718186221 
0.95299992780146625115 0.11921813312517515193 0.89557585768951941674 
0.83419213074056863810 0.84632282113199974738 0.04419134695806614666 
0.29464754018971195393 0.86642619900223949436 0.95296930029886062208 
0.75460098564885602634 0.65917576642159914080 0.35626344513195506991 
0.71634350082781161895 0.32857644063306956639 0.81200646057843539616 
0.21239241739771808071 0.54349897197756025236 0.13211567754412212317 
0.26588892353436244242 0.61811311121995893281 0.83125979324508136870 
0.78696924764114362105 0.87104865248822660462 0.22511523958425372349 
0.79818094829256525102 0.62630491770775975624 0.42180850601445230019 
0.11749781122307290104 0.79699017946507666466 0.65339562364294456742 
0.41606588368779928722 0.23365082678378734649 0.32848373491406568370 
0.99791931947220624544 0.71785178091035861669 0.73848064852988515305 
0.35923596606586127855 0.03112002270914082658 0.59952080492152504121 
0.02990392629928706469 0.73285673294842545999 0.56115662015060263634 
0.90962853467086146608 0.73836636855443993355 0.41013421007226424919 
0.10748282077775406229 0.51705093577934890803 0.48266556423332085402 
0.56640199232414900621 0.39345566101911622070 0.36727897776931817120 
0.26041873997810638386 0.68867557029237946864 0.60619049379790035381 
0.17490155301792853493 0.71663099422464715538 0.92809172121658889409 
0.09394323212854627236 0.71407587541152328647 0.68165511304450632224 
0.99465201084279253330 0.02509636045116869774 0.42997954934917026470 
0.29836740713592213581 0.56778313125035251296 0.93513995246445702492 
0.72402894906112424955 0.24959006050796617160 0.56743476689435135007 
0.78544691744782180187 0.69350091061044727425 0.49844920334060205391 
0.08122194428043894021 0.90463487143191323447 0.87480197315608321240 
0.31405240360464170557 0.43584248553263726933 0.25818265221403757792 
0.86889046705340322596 0.50160640577423065700 0.78854500948522954218 
0.02191401294153960677 0.42885309686298800358 0.24740490674991355569 
0.21784641234020241107 0.30909800593166436578 0.63668501243357367159 
0.16049016548276706651 0.81301070254261920134 0.33458209731484522820 
0.56364098127531203630 0.02405656736257455464 0.48938360890285648175 
0.21705686359976694710 0.52785194443700866884 0.77947916431151176297 
0.69739973707288305249 0.54276823571800192347 0.34462559202013087756 
0.00905221473973361057 0.03071840472560594115 0.22769184168575939964 
0.78219179464846311234 0.81480970720419620967 0.49461772005283455300 
0.73213069448197742872 0.37148083414567856231 0.65175663524177673835 
0.64482681149423148881 0.47922474823869842808 0.32539940700530101125 
0.62946356330097796850 0.71657014297183341256 0.98004764933991173059 
0.68803355249011266537 0.37110367124333598632 0.87262030294396231156 
0.58669320303117333815 0.75548351493213261598 0.91735809051061423247 
0.80972321343022035656 0.87527086666174147567 0.52605353081901373713 
0.97401088093832277615 0.46629612807839992961 0.41842648740296040089 
0.26007370604250112933 0.24427522442587767948 0.02172934751907762418 
0.60315079391773629425 0.79667491568778681099 0.31694029440394078101 
0.32298965127873446868 0.42788626525448480997 0.71286939684462979905 
0.16058182453855374128 0.53978671119202226159 0.74510600546646843512 
0.81703509986525579833 0.25036960950694608918 0.49583589060429034134 
0.56955529312502051198 0.38450836488683104442 0.08291511422832553713 
0.16523338086057970386 0.67408626526596826523 0.30606999809821178182 
0.28223066080089487251 0.37308864771815675176 0.56837959726866249532 
0.40906371948832886964 0.45200297334904515623 0.23753150318234661498 
0.29083615181411515138 0.21342826322291275076 0.58285064210076531488 
0.62041235343174805372 0.56935770375885041972 0.24119035047186265786 
0.10203666491559659768 0.79081488852736581130 0.87714369985324491807 
0.14586608011762614012 0.26588792402002536797 0.46736382075823557081 
0.89456655750126246041 0.67711435597276969922 0.03951697796635134097 
0.13233594946315485608 0.70472731561228663111 0.79706299255338763921 
0.63083703241590960431 0.02061153816748340084 0.02279406650795046119 
0.28623911119283129700 0.23879776882192760290 0.93939178582430504783 
0.54378797032059100758 0.47473553856330763523 0.45885147168071571677 
0.71124840315253434753 0.33772324954093124738 0.43102991092000753071 
0.23215950881646563175 0.99347736818810039594 0.00509477077085618291 
0.54046012034805235302 0.67675091341829429759 0.58084773797608302282 
0.11637273681380699841 0.46539967264483173004 0.86212099664752361861 
0.84958485912894898817 0.39946835549128190124 0.67129942123751007443 
0.14901105779378354121 0.72348678449488468267 0.84722772432669546383 
0.32092934445280341116 0.44114892757058510320 0.22910323045064129310 
0.15065049280065268000 0.05505855879281185139 0.91789132960604780109 
0.10943700423233404528 0.39629388422016353921 0.72450662423331091411 
0.01964580805566962241 0.78312984156922693657 0.01061134267587071633 
0.09442781560389645890 0.83313569142190324612 0.56555269553227160984 
0.92556156509919551567 0.99735005560022038651 0.74785743891534361971 
0.96438603316530180365 0.71781970243933956866 0.19080267244426662998 
0.81522345936693940693 0.33686104431951502391 0.02382368285507951988 
0.70357414221094094486 0.48642715540020864395 0.35000334686026546294 
0.07790758277074250060 0.57238591975755803709 0.72076013242228076372 
0.28313107211289278986 0.84710731469124533888 0.33005256981553743323 
0.03665578430978722047 0.12755387097673476227 0.54202334449137290484 
0.09374311625325559838 0.42644776758183344789 0.43353770950924630512 
0.45565334349948716230 0.15234336215392496605 0.59394825373857429440 
0.18804761216523457890 0.28533233229606502768 0.68149937676597072134 
0.29837753600159788725 0.77695873921676672502 0.31722285307850794922 
0.12981269223478220098 0.99478693741418200425 0.05551049019993192779 
0.00324193471101108521 0.12958886254567358876 0.50072070788164957378 
0.49504349636999589457 0.50845717653809896497 0.98154918877936925270 
0.65105588969916938780 0.68643406671577222866 0.03572745331182325401 
0.39852416695930314994 0.33560307902277441983 0.91844023315536649221 
0.58547709972319306182 0.88460060735166057277 0.21050129634596426165 
0.21768498393473301178 0.39652768499624646559 0.97727583964778852454 
0.79641012671632704922 0.26343750893384942913 0.80063817356461153274 
0.24055498427936528039 0.71157259713973619597 0.66266935848943431253 
0.17084124223238372764 0.98811611960918455111 0.87645410038292559385 
0.43293089753661129215 0.13526452130001009877 0.00524998592728120883 
0.71242211317555814709 0.29188054972830101974 0.25213391452047750896 
0.89003178659572190767 0.44762057817705369622 0.21990223879342107871 
0.47962229342130591192 0.83672392588701760552 0.38197807587659937667 
0.84539584284946167614 0.13469454862274155005 0.44648991963589979015 
0.82009784349548642268 0.94502804208370805306 0.44665988577923165792 
0.20208188983213792866 0.63274204124030863916 0.65934763063378576398 
0.80598058060039767803 0.60324596478503078600 0.44395712873143655663 
0.15115889966662576782 0.07974613235246841292 0.89449674253519773082 
0.90115102524030787912 0.59222005326597138009 0.27784677976717042647 
0.86151611249301329742 0.92377024316713907126 0.40413641085110296736 
0.61528059620618691383 0.25035875227257053943 0.11744315436063224034 
0.26306183119345072363 0.11092860036985263683 0.41921741875220575047 
0.45867629011181709764 0.11416018985104203765 0.65482554165715334271 
0.57837049900265791180 0.52124585472589557433 0.15352768311918407740 
0.46135369236771683887 0.08548761133069171514 0.35260236001736511291 
0.21517409382598273737 0.55363428807015635513 0.03681551697069207485 
0.54863223188763332594 0.43748825042571959365 0.87060099527772805139 
0.46218757619188277630 0.96844763984185777694 0.02221126455767397090 
0.32868250494085771152 0.92087035818693041556 0.26330055452277467687 
0.57303056337180602320 0.79201149825621963707 0.04164675624753466643 
0.45886629467561079743 0.62154906537811460687 0.80233615063051599847 
0.57617859114672653753 0.82427277143414667826 0.40715817029027912000 
0.35628099659129808252 0.97811602670423214434 0.14334676836614934636 
0.42768906848263044118 0.84730708584533642735 0.91753109365376883666 
0.46270536996229072457 0.15452002122057129085 0.57095110606505627970 
0.09034555572326374850 0.00508813760489879030 0.66037077941875255149 
0.94737320385046430715 0.48886027567615286671 0.50469379926721158469 
0.11660963517767242159 0.12573415407082277895 0.54149262710813439448 
0.85292061837430077631 0.41194386384696768388 0.70913946892202872618 
0.74370997154037188359 0.73145433438569074092 0.22570798551867876647 
0.00142851981953784346 0.26779155770196960695 0.45223857271707101901 
0.63778543274325705248 0.89327582099009039673 0.71605626735476946010 
0.55833004176907374827 0.76122749180643167755 0.37063259183326202617 
0.81296710820410100773 0.42780486949295570831 0.83911208364741129984 
0.78397620463154060744 0.34509262708916033091 0.25929931058088651064 
0.57804121409891862093 0.13003486488286264411 0.72152589078421192070 
0.19848435072687498071 0.73539295317782760186 0.78155942316843129980 
0.34883409955742528119 0.41176692811854409548 0.56287640131710370284 
0.61060123745534355955 0.21331042401805411224 0.14542538120289383308 
0.42491375850321189134 0.66610744592947290776 0.46651767168493507576 
0.16761719046530076938 0.18771371691617289024 0.50255034998785075295 
0.99842598030071738613 0.11436504207491493545 0.17321180889207132836 
0.72171883633499978039 0.42165969682268800156 0.78052712570789695157 
0.47800454654022428436 0.01892836123429497697 0.08301522016209506027 
0.50871362381161344679 0.44909945203694090488 0.11677836857278212079 
0.05775873709730094951 0.18418199096698462114 0.26145600743115471332 
0.64877386361120259473 0.97716010330632374625 0.30097935475269355088 
0.28226844855171084880 0.08823257155051833500 0.56877835905497842184 
0.49798072390922887287 0.62218913611062998115 0.21635391936356906939 
0.61106747329452715256 0.81070278564294362411 0.01806912383651382292 
0.14821532793506042580 0.14283051683034031498 0.69667419695925825174 
0.59955361642729476657 0.57909457898428695621 0.82410914342460706017 
0.68852209707984513010 0.77246920429031784572 0.67305400125753633844 
0.28208605981534096152 0.95545400531714230752 0.41479809028943193105 
0.53691309130064301947 0.46171298823913908826 0.08927041019325221427 
0.40134197370724278287 0.30828920538799553519 0.18303417064737237396 
0.65841368048190984652 0.88046795116499088074 0.26175361755091031135 
0.35307370878858623797 0.78256807135638495332 0.68031355447220898114 
0.92898737955638055475 0.09065454791510019206 0.07509903817504204326 
0.97763171408441063015 0.36453363586183895606 0.06631464116194929481 
0.15018823404647840825 0.21023887620041503688 0.68579152498496354085 
0.91769953673835957808 0.45348894090622282604 0.17335135202463414217 
0.78659921340494265429 0.75442134782059122600 0.76571597721029571737 
0.77944957377662649201 0.21136169873674304220 0.20918309410391411340 
0.43055987085216607113 0.92338547806324688949 0.00800169501815672923 
0.48196150878386667671 0.32429086359956804664 0.87185832470670199257 
0.06355430033260978107 0.80538153684484337091 0.95277777012328357387 
0.29188850732738114147 0.47311649373705200183 0.44397074786179224759 
0.38379095947035635206 0.46371081359306365322 0.42085865056950422236 
0.29913653596638867249 0.25712186705927497776 0.20559882826047792825 
0.83873320747001001152 0.54617742794327561739 0.40278274733731200818 
0.68515572577007577415 0.87400475255168363908 0.38391531950881652158 
0.54836848485198208536 0.86796601425771680027 0.85413163261100688572 
0.86992535312222485366 0.42118405023409599686 0.05626136484552368699 
0.57038435622570471395 0.19139894393821288432 0.72909982281155061301 
0.84460510648329845118 0.29260591698286986251 0.21823511897935299331 
0.31071515932974680396 0.76168717879887348765 0.64461639526502612085 
0.56323637757945022031 0.34763178682294482158 0.57281806391012657365 
0.08434394715950221944 0.11207178362307823605 0.00812954825919254276 
0.99458761243506943472 0.44294908640284202939 0.33385155613664352359 
0.10062331975710403498 0.11611272346313761261 0.97931831821817350026 
0.68361334814478147415 0.58432109374308849326 0.74505180403008308687 
0.75931123545199485925 0.95253158375557611670 0.58909611727346611332 
0.45482497776933383804 0.74240582711287639306 0.53280657526777952526 
0.63242583300221189013 0.02558065676325704807 0.40419800424087237722 
0.84269419006141665918 0.93780898198582107739 0.35697260425111565496 
0.39758661101349623834 0.26444017756796700525 0.66268613587339397775 
0.87265929103754102947 0.39481605570764388702 0.18918826449158498981 
0.45880777672113937093 0.78626903967169092802 0.39782251023867631901 
0.44152516167796695967 0.45798284462736815748 0.96646518374629097892 
0.11364587606334719538 0.87532807782103105865 0.87178407799981294524 
0.79423417857859535118 0.95326908214571659528 0.91896429324654183013 
0.20381626400110830488 0.76481846148312082612 0.29173374816106645291 
0.45671350482644323954 0.06029076051724202578 0.28997743092985217572 
0.33015771293266804598 0.97499282859415070668 0.05886751631149955699 
0.46353483105460857594 0.13791352609177653932 0.81721037599214407798 
0.00859896543838889471 0.39371805046538499440 0.39977336532151985793 
0.46902831097179231712 0.81619853836683864401 0.76897622029944212585 
0.49537429532385335307 0.57457669074639827755 0.74098569939742620072 
0.48194434913290762346 0.93376547426249634221 0.20323687926330724629 
0.69538642333479527835 0.39351744478707950670 0.96547784087904875427 
0.29663577488900516599 0.92889238075512503556 0.25124137810320146258 
0.64332715682402685786 0.00977317409645683810 0.46211404089585061961 
0.83303528035867224766 0.74678847418078420084 0.01630452357812695041 
0.25500470410269837629 0.65052700349846803718 0.44994435417228606511 
0.67815528528870250291 0.72879235199146097379 0.04845090655397399360 
0.62864180152273307911 0.17660851541895250527 0.35988057119721639232 
0.70167805389947845995 0.43105692770284620430 0.65236471534297324482 
0.75560208146262741735 0.20367377414680332137 0.86989908231881796219 
0.28414972290300366531 0.78901599327319060784 0.38593406422576181924 
0.47015090360512368228 0.31757629768699224826 0.97466637148821844150 
0.29608273759060099728 0.98855786401722012258 0.12655344717290972767 
0.61490907045389220364 0.56335487586061749887 0.24571998305786757477 
0.07291831438684348576 0.36181105553362402638 0.27730798061902883767 
0.34601018856072496277 0.68726000090958705435 0.84293635502711139473 
0.96977116004372154734 0.10202112009543196081 0.73885716982014115750 
0.23704466752220532122 0.30540207926026696761 0.48925337823524861491 
0.99979196026403061026 0.93293678592417461637 0.43195406153294180207 
0.51051278762141505396 0.02658739067009197043 0.20127554286676430095 
0.94905347286987251643 0.10619847747624300283 0.19127221688895557072 
0.93026485521008450696 0.07839528537174955680 0.14427565319195512217 
0.62754494356644729969 0.25559831099514473962 0.81801619850405815626 
0.40924151378630457820 0.88296385918261344194 0.06229534089085464466 
0.66065973632543384397 0.04515451284516425190 0.97794970472438991216 
0.24443927223834616136 0.67631771490629200017 0.10552715469520834723 
0.38288274417275802719 0.57985434026944049357 0.30142988843354845407 
0.05856425885491711725 0.62365095942016024466 0.92628232124631004751 
0.33714979734875982764 0.37607248354047939642 0.02442378924197785572 
0.62553490978044457016 0.59896397246317412133 0.66974336708524528916 
0.90216628165414092244 0.49332842798363074621 0.88618894669561987243 
0.95352835864149776413 0.34569427142763142768 0.50217677859055598333 
0.70321615632379419480 0.92199809034076940506 0.17475849101840990052 
0.45614609590879395817 0.69816609743915192254 0.27302761297477395885 
0.46804245860817750291 0.47722713836051267045 0.82658311471017875682 
0.43765258704380793908 0.71664995822399601977 0.88443598453955596383 
0.25155945514281863318 0.63968412424690201945 0.08927417929460901291 
0.72833451654730163582 0.33720530812153493017 0.26120040959674817316 
0.89333411550354524522 0.83679591651104279215 0.53839649707231496123 
0.13939986234033696633 0.98083317211707732319 0.17402389224937153678 
0.45511957790568557947 0.14957449014319879055 0.45934206855216275223 
0.03660769419251530543 0.88129384715059511102 0.54995149688068400984 
0.02442256033456513542 0.31014880917523512949 0.36394451461513255275 
0.78192184475785264652 0.90694205106588099419 0.70972695894087634017 
0.37078596519520035102 0.13996538552631809793 0.37184415543363913415 
0.41307092369276565691 0.57815247769783018050 0.67658954603184051635 
0.64160488732976417303 0.80389308713038376553 0.42327623746790088433 
0.31619528407987340657 0.33467798253351110915 0.47976437658255610685 
0.30364634327709660866 0.14455265682472329125 0.97664969399185763699 
0.66879285673431176917 0.85457942134131492651 0.92326393254966920843 
0.39952915409186129381 0.84867423953286658111 0.94799804421601763238 
0.31542804873572660718 0.25836139477662234398 0.96125588706071662948 
0.86769113367949257665 0.81508560629919490914 0.32268539836068677040 
0.17951722375272360921 0.65261762963393521453 0.33853510595030789077 
0.75715765161992210075 0.52464249214049307746 0.71565413588013204738 
0.86349668366250065255 0.11620615418185575862 0.40358816264562857867 
0.42169574038716861608 0.61398412826649506613 0.82548382659348407131 
0.08710636561127516053 0.98830187813723591184 0.39498714724426120526 
0.57124783497362141560 0.99837937234266926900 0.74884831786379213447 
0.54800415573674499115 0.12982656622288213377 0.34615751324465660055 
0.20389037963788703145 0.65032970092575670407 0.09296598193770222451 
0.53312477855938156246 0.25522120709321871601 0.74502739132722872739 
0.29489391888677785047 0.84559702433035566216 0.69326107130287084601 
0.18857699996702281808 0.16143994407375328315 0.88142510773799864765 
0.46744665374491045640 0.61769535892890914397 0.86817484937641919984 
0.18680446426202523824 0.88537860661707679100 0.03107762402181823980 
0.84500799437406115544 0.56644654564457574963 0.10568208049413541083 
0.57104942490172905245 0.64244724790691032368 0.06688122742770019613 
0.90610365415792082366 0.11951390023807806351 0.91512344904282771907 
0.02356754994271637038 0.95061858050041747603 0.11334375655017137063 
0.57599631451749333522 0.08747438506780103040 0.31248796036055326297 
0.53664252506338416815 0.84362245361698895429 0.26891530801868279710 
0.17549047175181686775 0.93009307650317030181 0.98230510429602913014 
0.90396903776354298188 0.72298874616736563681 0.72301663104160351914 
0.98832043153093995791 0.87218928436052767239 0.25541389987996132582 
0.20162585576988312219 0.57522393478215994023 0.57837166766435110787 
0.59848879314963099318 0.89340723484512563068 0.62349001257809644194 
0.21377070843697332236 0.75312510318307346324 0.15078393935726142061 
0.79812487087383798823 0.86879910250085479184 0.41607600127272026391 
0.12858173431983188628 0.55006690412346670449 0.95193250331010514920 
0.04866660308253267786 0.83112164274856947799 0.99689564952657527819 
0.90055081709664319689 0.75462105385451350159 0.89856727457434448780 
0.59682078833120333350 0.14995866983551908724 0.46658755192660295030 
0.02057780837484712855 0.91766177195560771906 0.43654370484383253626 
0.49028288944491715817 0.35429257596873875436 0.83504020315705562716 
0.83701753517416355166 0.70746107888377762762 0.88885522284414686389 
0.85865707944214308966 0.86471381721670970144 0.81836128563462517960 
0.29288017747886008202 0.93061044818806504253 0.08556166651793528644 
0.06483047390395801912 0.29323706947234495779 0.77997348969514845862 
0.16196548118229037172 0.12750872261801182717 0.14357224575601179595 
0.41009134965152305163 0.49327607583665500357 0.55309839390125259406 
0.55377985540461560632 0.56248945892370882937 0.74400533478559816025 
0.95008828740311979111 0.96584083051884817017 0.76245187026243410600 
0.30783826625392052279 0.83985667044150047467 0.33754914456074547324 
0.83717151376318166278 0.22175319859491327001 0.54254591950683672685 
0.35175637641572832237 0.85659449835137202456 0.99365984742880630876 
0.32941211406026438269 0.74852726236801747639 0.92027510362851749903 
0.59731036771504952831 0.23659284534706981340 0.97400322225441304802 
0.29406779921145642653 0.46543681269119629995 0.11682458395193395795 
0.44774224576295607037 0.56453780214275095517 0.73463605838160606076 
0.53738479553909734854 0.38242008752045353326 0.85306975151347463893 
0.86380639788438928761 0.88953081548777634957 0.51074476758731868209 
0.95521566328346252384 0.32693405823907739638 0.34657362342474673511 
0.90186349958051192921 0.81471760779636337446 0.50692262483755268221 
0.17522318634811084870 0.80487043449734985145 0.93257555808625225424 
0.30280251837439564611 0.46974811092760360154 0.41407501116697154053 
0.26228617656996711105 0.67673465925830189605 0.89563396860424915324 
0.54549658441771153861 0.16235058582030670316 0.13009639221460322922 
0.91852190820199375310 0.32680028507925129588 0.65199554971170248230 
0.15412864725600061711 0.53803949514576898672 0.13334184447861718859 
0.31579355364196404210 0.90185056173247790667 0.10851499292794075657 
0.70997299245030798254 0.76344951714786302155 0.12848503538766498089 
0.94358965191361132696 0.56447220472440728933 0.39361937711714189980 
0.81375990611185167189 0.75093311456595390752 0.61284242306183389637 
0.44773198358738697245 0.31478304060692252619 0.10150466935192059559 
0.34577151568458441844 0.28800207131832822327 0.69090378843932831465 
0.47169161673385739952 0.38231868485947329006 0.56209463405726767249 
0.91965803090610154236 0.33630562001998853816 0.78112361784696759948 
0.65060841086201137706 0.75577513621987346681 0.36481931193682259895 
0.17645668835244099348 0.16438497686565223255 0.03202939504173740737 
0.45224063478891807222 0.49064587880526011610 0.35024189231177493831 
0.75170539683330006575 0.09198907787803234370 0.59228015188637606059 
0.71854351633690582979 0.05481705807450021339 0.38865263760720214492 
0.69275558994428765303 0.11809415000424561271 0.37126180524339935651 
0.15219875450407926998 0.29226097388563276880 0.68611583613976057094 
0.05337774102943870780 0.13645000428649756152 0.73685318509257147213 
0.63114839050894810946 0.20387690692416704508 0.70958323221830865712 
0.36736983911188536567 0.68845611294570252525 0.78356291376431208562 
0.16017127103488015827 0.27512947955501565467 0.11010041625078836880 
0.10410962062163342523 0.08389719462162226193 0.05973349852910669888 
0.25338130288194227191 0.31176996468150508512 0.48792282283470500559 
0.17049730882202029925 
generated randoms (0,1)
0.07430780856272511947 0.87007222583464138843 0.34032347529745865522 
0.90568696637514212178 0.42564791683931280097 0.90581700734132497566 
0.74391434085819452271 0.26810880347546395264 0.60583394636494136698 
0.80913308255659166512 0.63618420634745986852 0.42416123898364488376 
0.88977253110312015671 0.95922161788461957066 0.26590404501008868543 
0.86243321154414309682 0.67096790159219499294 0.50717224902144031340 
0.43060672801357813277 0.98618619591448175576 0.15723414501569421553 
0.06376100102815196458 0.83109256238249229476 0.90242840485207165280 
0.97717459390004868247 0.85823193507483952480 0.61404375027486257643 
0.98730967204444319840 0.53395381607670633350 0.11104642633281813779 
0.04700007219853374885 0.88078186687482484807 0.10442414231048080531 
0.16580786925943136190 0.15367717886800025262 0.95580865304193385334 
0.70535245981028826812 0.13357380099776050564 0.04703069970113937792 
0.24539901435114397366 0.34082423357840085920 0.64373655486804515213 
0.28365649917218838105 0.67142355936693065566 0.18799353942156460384 
0.78760758260228214134 0.45650102802243996969 0.86788432245587787683 
0.73411107646563755758 0.38188688878004106719 0.16874020675491885335 
0.21303075235885660099 0.12895134751177361743 0.77488476041574627651 
0.20181905170743497102 0.37369508229224046580 0.57819149398554769981 
0.88250218877692732100 0.20300982053492355739 0.34660437635705565462 
0.58393411631220071278 0.76634917321621265351 0.67151626508593431630 
0.00208068052779375456 0.28214821908964160535 0.26151935147011484695 
0.64076403393413872145 0.96887997729085939547 0.40047919507847518084 
0.97009607370071315735 0.26714326705157476205 0.43884337984939736366 
0.09037146532913875596 0.26163363144556028850 0.58986578992773597285 
0.89251717922224593771 0.48294906422065131402 0.51733443576667936803 
0.43359800767585121584 0.60654433898088400134 0.63272102223068205085 
0.73958126002189383819 0.31132442970762075340 0.39380950620209964619 
0.82509844698207168712 0.28336900577535284462 0.07190827878341132795 
0.90605676787145372764 0.28592412458847671353 0.31834488695549389980 
0.00534798915720746670 0.97490363954883130226 0.57002045065082973530 
0.70163259286407808624 0.43221686874964748704 0.06486004753554319713 
0.27597105093887575045 0.75040993949203405045 0.43256523310564864993 
0.21455308255217819813 0.30649908938955294779 0.50155079665939816813 
0.91877805571956128183 0.09536512856808676553 0.12519802684391678760 
0.68594759639535829443 0.56415751446736295271 0.74181734778596264412 
0.13110953294659677404 0.49839359422576934300 0.21145499051477067987 
0.97808598705846061527 0.57114690313701221847 0.75259509325008644431 
0.78215358765979758893 0.69090199406833563422 0.36331498756642655046 
0.83950983451723293349 0.18698929745738079866 0.66541790268515499385 
0.43635901872468818574 0.97594343263742566741 0.51061639109714351825 
0.78294313640023305290 0.47214805556299155320 0.22052083568848845907 
0.30260026292711716955 0.45723176428199807653 0.65537440797986934449 
0.99094778526026661147 0.96928159527439405885 0.77230815831424082241 
0.21780820535153710971 0.18519029279580379033 0.50538227994716566904 
0.26786930551802279332 0.62851916585432143769 0.34824336475822348369 
0.35517318850576873324 0.52077525176130179396 0.67460059299469921079 
0.37053643669902203150 0.28342985702816680949 0.01995235066008826941 
0.31196644750988755668 0.62889632875666401368 0.12737969705603791049 
0.41330679696882666185 0.24451648506786738402 0.08264190948938598957 
0.19027678656977964344 0.12472913333825874638 0.47394646918098648491 
0.02598911906167722385 0.53370387192160007039 0.58157351259703982116 
0.73992629395749909271 0.75572477557412232052 0.97827065248092259786 
0.39684920608226392780 0.20332508431221341105 0.68305970559605921899 
0.67701034872126553132 0.57211373474551519003 0.28713060315537020095 
0.83941817546144625872 0.46021328880797773841 0.25489399453353178693 
0.18296490013474442371 0.74963039049305391082 0.50416410939570988070 
0.43044470687497971007 0.61549163511316895558 0.91708488577167446287 
0.83476661913942051818 0.32591373473403195682 0.69393000190178821818 
0.71776933919910512749 0.62691135228184324824 0.43162040273133750468 
0.59093628051167113036 0.54799702665095506582 0.76246849681765360707 
0.70916384818588507066 0.78657173677708747128 0.41714935789923468512 
0.37958764656825194628 0.43064229624114980233 0.75880964952813756419 
0.89796333508440340232 0.20918511147263418870 0.12285630014675530397 
0.85413391988237408192 0.73411207597997463203 0.53263617924176442919 
0.10543344249873753959 0.32288564402723030078 0.96048302203364888108 
0.86766405053684514392 0.29527268438771359094 0.20293700744661236079 
0.36916296758409061773 0.97938846183251659916 0.97720593349204976086 
0.71376088880716870300 0.76120223117807239710 0.06060821417569495217 
0.45621202967940921447 0.52526446143669258682 0.54114852831928428323 
0.28875159684746587452 0.66227675045906875262 0.56897008907999269134 
0.76784049118353459029 0.00652263181189982610 0.99490522922914403914 
0.45953987965194786902 0.32324908658170570241 0.41915226202391697718 
0.88362726318619322363 0.53460032735516826996 0.13787900335247660344 
0.15041514087105123387 0.60053164450871832081 0.32870057876249014761 
0.85098894220621645879 0.27651321550511531733 0.15277227567330453617 
0.67907065554719658884 0.55885107242941489680 0.77089676954935870690 
0.84934950719934732000 0.94494144120718837065 0.08210867039395242095 
0.89056299576766595472 0.60370611577983646079 0.27549337576668908589 
0.98035419194433059964 0.21687015843077328547 0.98938865732412950571 
0.90557218439610376315 0.16686430857809697592 0.43444730446772861221 
0.07443843490080470637 0.00264994439977983554 0.25214256108465638029 
0.03561396683469841840 0.28218029756066065339 0.80919732755573359206 
0.18477654063306059307 0.66313895568048519813 0.97617631714492048012 
0.29642585778905927718 0.51357284459979157809 0.64999665313973475911 
0.92209241722925772144 0.42761408024244196291 0.27923986757771923628 
0.71686892788710721014 0.15289268530875488317 0.66994743018446256677 
0.96334421569021277953 0.87244612902326523773 0.45797665550862709516 
0.90625688374674440162 0.57355223241816655211 0.56646229049075391693 
0.54434665650051283770 0.84765663784607503395 0.40605174626142592764 
0.81195238783476564315 0.71466766770393497232 0.31850062323402927866 
0.70162246399840211275 0.22304126078323327498 0.68277714692149227282 
0.87018730776521802106 0.00521306258581799575 0.94448950980006807221 
0.99675806528898891479 0.87041113745432663329 0.49927929211835064827 
0.50495650363000410543 0.49154282346190103503 0.01845081122063096934 
0.34894411030083083425 0.31356593328422799338 0.96427254668817696803 
0.60147583304069685006 0.66439692097722580222 0.08155976684463372983 
0.41452290027680693818 0.11539939264833942723 0.78949870365403573835 
0.78231501606526721027 0.60347231500375353441 0.02272416035221147546 
0.20358987328367317282 0.73656249106615079292 0.19936182643538846726 
0.75944501572063471961 0.28842740286026402607 0.33733064151056590951 
0.82915875776761649441 0.01188388039081567094 0.12354589961707440615 
0.56706910246338870785 0.86473547869999012327 0.99475001407271901321 
0.28757788682444185291 0.70811945027169920230 0.74786608547952249104 
0.10996821340427831437 0.55237942182294630378 0.78009776120657892129 
0.52037770657869431012 0.16327607411298239448 0.61802192412340084537 
0.15460415715053854591 0.86530545137725867200 0.55351008036410020985 
0.17990215650451379936 0.05497195791629194694 0.55334011422076856412 
0.79791811016786229338 0.36725795875969136084 0.34065236936621423602 
0.19401941939960232197 0.39675403521496943604 0.55604287126856344337 
0.84884110033337445422 0.92025386764753158708 0.10550325746480226918 
0.09884897475969212088 0.40777994673402884196 0.72215322023282957353 
0.13848388750698670258 0.07622975683286115078 0.59586358914889703264 
0.38471940379381330821 0.74964124772742946057 0.88255684563936775966 
0.73693816880654927637 0.88907139963014736317 0.58078258124779424953 
0.54132370988818290236 0.88583981014895818440 0.34517445834284665729 
0.42162950099734231024 0.47875414527410442567 0.84647231688081592260 
0.53864630763228338317 0.91451238866930828486 0.64739763998263488709 
0.78482590617401748467 0.44636571192984386691 0.96318448302930792515 
0.45136776811236667406 0.56251174957428040635 0.12939900472227194861 
0.53781242380811744574 0.03155236015814222306 0.97778873544232625115 
0.67131749505914251053 0.07912964181306958444 0.73669944547722532313 
0.42696943662819397680 0.20798850174378036293 0.95835324375246533357 
0.54113370532438920257 0.37845093462188539313 0.19766384936948422357 
0.42382140885327346247 0.17572722856585332174 0.59284182970972110205 
0.64371900340870191748 0.02188397329576807770 0.85665323163385065364 
0.57231093151736955882 0.15269291415466379469 0.08246890634623116334 
0.53729463003770949747 0.84547997877942893119 0.42904889393494394234 
0.90965444427673625150 0.99491186239510143174 0.33962922058124767055 
0.05262679614953591489 0.51113972432384735534 0.49530620073278863735 
0.88339036482232757841 0.87426584592917744310 0.45850737289186560552 
0.14707938162569944573 0.58805613615303253816 0.29086053107797149586 
0.25629002845962811641 0.26854566561430925908 0.77429201448132123353 
0.99857148018046237858 0.73220844229803039305 0.54776142728292920303 
0.36221456725674294752 0.10672417900990960327 0.28394373264523076195 
0.44166995823092647377 0.23877250819356832245 0.62936740816673819587 
0.18703289179589899227 0.57219513050704429169 0.16088791635258892221 
0.21602379536845961461 0.65490737291083989113 0.74070068941911348936 
0.42195878590108137907 0.86996513511713735589 0.27847410921578830134 
0.80151564927312501929 0.26460704682217239814 0.21844057683156870020 
0.65116590044257471881 0.58823307188145590452 0.43712359868289651921 
0.38939876254465644045 0.78668957598194588776 0.85457461879710616692 
0.57508624149678833071 0.33389255407052709224 0.53348232831506492424 
0.83238280953469945267 0.81228628308382710976 0.49744965001214924705 
0.00157401969928261387 0.88563495792508528659 0.82678819110792889369 
0.27828116366500021961 0.57834030317731222048 0.21947287429210304843 
0.52199545345977571564 0.98107163876570502303 0.91698477983790493973 
0.49128637618838655321 0.55090054796305909512 0.88322163142721810125 
0.94224126290269905049 0.81581800903301560091 0.73854399256884550873 
0.35122613638879740527 0.02283989669367625375 0.69902064524730644912 
0.71773155144828915120 0.91176742844948166500 0.43122164094502157816 
0.50201927609077112713 0.37781086388937024090 0.78364608063643115266 
0.38893252670547284744 0.18929721435705659793 0.98193087616348617708 
0.85178467206493979624 0.85716948316965990706 0.30332580304074174826 
0.40044638357270545548 0.42090542101571304379 0.17589085657539293983 
0.31147790292015486990 0.22753079570968215428 0.32694599874246388360 
0.71791394018465903848 0.04454599468285791453 0.58520190971056806895 
0.46308690869935698053 0.53828701176086091174 0.91072958980674800777 
0.59865802629275743918 0.69171079461200446481 0.81696582935262784808 
0.34158631951809037552 0.11953204883500911926 0.73824638244908968865 
0.64692629121141398407 0.21743192864361504668 0.31968644552779124091 
0.07101262044361944525 0.90934545208490002999 0.92490096182495817878 
0.02236828591558936985 0.63546636413816126598 0.93368535883805070519 
0.84981176595352159175 0.78976112379958496312 0.31420847501503668120 
0.08230046326164042192 0.54651105909377739600 0.82664864797536607988 
0.21340078659505734571 0.24557865217940899605 0.23428402278970428263 
0.22055042622337350799 0.78863830126325695780 0.79081690589608588660 
0.56944012914783415091 0.07661452193675333255 0.99199830498184327077 
0.51803849121613354534 0.67570913640043195336 0.12814167529329822948 
0.93644569966739044098 0.19461846315515685113 0.04722222987671664818 
0.70811149267261908058 0.52688350626294799817 0.55602925213820797445 
0.61620904052964386999 0.53628918640693634678 0.57914134943049577764 
0.70086346403361132751 0.74287813294072502224 0.79440117173952207175 
0.16126679252999021053 0.45382257205672460465 0.59721725266268799182 
0.31484427422992422585 0.12599524744831636092 0.61608468049118347842 
0.45163151514801813668 0.13203398574228342177 0.14586836738899333632 
0.13007464687777514634 0.57881594976590400314 0.94373863515447653505 
0.42961564377429550809 0.80860105606178733773 0.27090017718844960903 
0.15539489351670154882 0.70739408301713013749 0.78176488102064722874 
0.68928484067025341808 0.23831282120112651235 0.35538360473497410119 
0.43676362242055000173 0.65236821317705540046 0.42718193608987342635 
0.91565605284049778056 0.88792821637692198600 0.99187045174080767929 
0.00541238756493078732 0.55705091359715797061 0.66614844386335669846 
0.89937668024289618707 0.88388727653686260943 0.02068168178182649974 
0.31638665185521852585 0.41567890625691172879 0.25494819596991713517 
0.24068876454800514075 0.04746841624442388330 0.41090388272653410873 
0.54517502223066638400 0.25759417288712360694 0.46719342473222069678 
0.36757416699778810987 0.97441934323674295193 0.59580199575912762278 
0.15730580993858356287 0.06219101801417914466 0.64302739574888456708 
0.60241338898650398370 0.73555982243203321680 0.33731386412660602225 
0.12734070896245897053 0.60518394429235633503 0.81081173550841501019 
0.54119222327886062907 0.21373096032830907198 0.60217748976132390304 
0.55847483832203326237 0.54201715537263184252 0.03353481625370924313 
0.88635412393665302666 0.12467192217896916340 0.12821592200018705476 
0.20576582142140487086 0.04673091785428362677 0.08103570675345816987 
0.79618373599889191716 0.23518153851687917388 0.70826625183893354709 
0.54328649517355676046 0.93970923948275797422 0.71002256907014804632 
0.66984228706733195402 0.02500717140584929332 0.94113248368850066505 
0.53646516894539142406 0.86208647390822368273 0.18278962400785592202 
0.99140103456161132733 0.60628194953461522765 0.60022663467848036412 
0.53097168902820768288 0.18380146163316157804 0.23102377970055809620 
0.50462570467614686898 0.42542330925360194449 0.25901430060257379928 
0.51805565086709237654 0.06623452573750365779 0.79676312073669275371 
0.30461357666520494369 0.60648255521292049330 0.03452215912095124573 
0.70336422511099505606 0.07110761924487518648 0.74875862189679875947 
0.35667284317597336418 0.99022682590354338394 0.53788595910414938039 
0.16696471964132775234 0.25321152581921579916 0.98369547642187327163 
0.74499529589730184576 0.34947299650153218487 0.55005564582771415694 
0.32184471471129749709 0.27120764800853902621 0.95154909344602622845 
0.37135819847726714293 0.82339148458104749473 0.64011942880278360768 
0.29832194610052176209 0.56894307229715379570 0.34763528465702697723 
0.24439791853737280469 0.79632622585319690067 0.13010091768118203781 
0.71585027709699633469 0.21098400672680939216 0.61406593577423840280 
0.52984909639487631772 0.68242370231300797379 0.02533362851178178055 
0.70391726240939900272 0.01144213598278009947 0.87344655282709049438 
0.38509092954610779636 0.43664512413938250113 0.75428001694213242523 
0.92708168561315651424 0.63818894446637597362 0.72269201938097116233 
0.65398981143927525927 0.31273999909041294565 0.15706364497288860527 
0.03022883995627867471 0.89797887990456826124 0.26114283017985884250 
0.76295533247779467878 0.69459792073973303239 0.51074662176475160713 
0.00020803973596961178 0.06706321407582538363 0.56804593846705819793 
0.48948721237858516808 0.97341260932990825161 0.79872445713323592109 
0.05094652713012748357 0.89380152252375721922 0.80872778311104442928 
0.06973514478991549304 0.92160471462825044320 0.85572434680804509988 
0.37245505643355270031 0.74440168900485548242 0.18198380149594206578 
0.59075848621369542180 0.11703614081738655806 0.93770465910914535534 
0.33934026367456637807 0.95484548715483597014 0.02205029527561008784 
0.75556072776165383864 0.32368228509370822188 0.89447284530479165277 
0.61711725582724219485 0.42014565973055950643 0.69857011156645154593 
0.94143574114508310480 0.37634904057983997738 0.07371767875369017453 
0.66285020265124017236 0.62392751645952082562 0.97557621075802214428 
0.37446509021955542984 0.40103602753682587867 0.33025663291475493288 
0.09783371834585907756 0.50667157201636947583 0.11381105330438034962 
0.04647164135850245792 0.65430572857236879436 0.49782322140944423872 
0.29678384367620602724 0.07800190965923081698 0.82524150898159009948 
0.54385390409120604183 0.30183390256084829950 0.72697238702522626319 
0.53195754139182249709 0.52277286163948732955 0.17341688528982124318 
0.56234741295619206092 0.28335004177600420228 0.11556401546044425821 
0.74844054485718136682 0.36031587575309820259 0.91072582070539120913 
0.27166548345269858622 0.66279469187846529188 0.73879959040325204889 
0.10666588449645497683 0.16320408348895720785 0.46160350292768526081 
0.86060013765966325572 0.01916682788292267681 0.82597610775062846322 
0.54488042209431442053 0.85042550985680143150 0.54065793144783724777 
0.96339230580748469457 0.11870615284940488898 0.45004850311931599016 
0.97557743966543486458 0.68985119082476509256 0.63605548538486744725 
0.21807815524214757552 0.09305794893411900581 0.29027304105912388188 
0.62921403480479987103 0.86003461447368212411 0.62815584456636108790 
0.58692907630723456514 0.42184752230216981950 0.32341045396815970570 
0.35839511267023582697 0.19610691286961645652 0.57672376253209933772 
0.68380471592012681548 0.66532201746648911289 0.52023562341744411519 
0.69635365672290361339 0.85544734317527670875 0.02335030600814236301 
0.33120714326568845287 0.14542057865868529554 0.07673606745033079157 
0.60047084590813892824 0.15132576046713341889 0.05200195578398258967 
0.68457195126427339282 0.74163860522337787806 0.03874411293928337052 
0.13230886632050764540 0.18491439370080509086 0.67731460163931322960 
0.82048277624727661284 0.34738237036606478547 0.66146489404969233128 
0.24284234838007789925 0.47535750785950692254 0.28434586411986795262 
0.13650331633749934745 0.88379384581814446342 0.59641183735437164337 
0.57830425961283160596 0.38601587173350515592 0.17451617340651615073 
0.91289363438872483947 0.01169812186276408816 0.60501285275573901679 
0.42875216502637880644 0.00162062765733073100 0.25115168213620786553 
0.45199584426325523090 0.87017343377711786623 0.65384248675534339945 
0.79610962036211296855 0.34967029907424351798 0.90703401806229799753 
0.46687522144061843754 0.74477879290678150603 0.25497260867277149465 
0.70510608111322237157 0.15440297566964455989 0.30673892869712937603 
0.81142300003297740396 0.83856005592624671685 0.11857489226200157439 
0.53255334625508976565 0.38230464107109107808 0.13182515062358102220 
0.81319553573797498380 0.11462139338292343105 0.96892237597818176020 
0.15499200562593906660 0.43355345435542447241 0.89431791950586458917 
0.42895057509827094755 0.35755275209308989837 0.93311877257230002591 
0.09389634584207917634 0.88048609976192193649 0.08487655095717250298 
0.97643245005728362962 0.04938141949958274601 0.88665624344982885141 
0.42400368548250688683 0.91252561493219919164 0.68751203963944695907 
0.46335747493661583185 0.15637754638301104571 0.73108469198131742495 
0.82450952824818313225 0.06990692349682992024 0.01769489570397086986 
0.09603096223645724017 0.27701125383263458524 0.27698336895839648086 
0.01167956846906004209 0.12781071563947254965 0.74458610012003867418 
0.79837414423011687781 0.42477606521784028182 0.42162833233564911417 
0.40151120685036922886 0.10659276515487436932 0.37650998742190355806 
0.78622929156302689968 0.24687489681692675880 0.84921606064273880143 
0.20187512912616223382 0.13120089749914520816 0.58392399872727973609 
0.87141826568016811372 0.44993309587653329551 0.04806749668989485080 
0.95133339691746754418 0.16887835725143074406 0.00310435047342472181 
0.09944918290335702515 0.24537894614548672045 0.10143272542565573424 
0.40317921166879666650 0.85004133016448091276 0.53341244807339704970 
0.97942219162515287145 0.08233822804439250298 0.56345629515616768579 
0.50971711055508284183 0.64570742403126124564 0.16495979684294437284 
0.16298246482583667039 0.29253892111622259442 0.11114477715585313611 
0.14134292055785713238 0.13528618278329029856 0.18163871436537504245 
0.70711982252113991798 0.06938955181193517951 0.91443833348206493561 
0.93516952609604220292 0.70676293052765504221 0.22002651030485176342 
0.83803451881770985032 0.87249127738198839488 0.85642775424398842610 
0.58990865034847694837 0.50672392416334521847 0.44690160609874740594 
0.44622014459538461573 0.43751054107629117063 0.25599466521440183975 
0.04991171259688020889 0.03415916948115182983 0.23754812973756611605 
0.69216173374607969926 0.16014332955849952533 0.66245085543925452676 
0.16282848623681833722 0.77824680140508672999 0.45745408049316327315 
0.64824362358427189967 0.14340550164862819749 0.00634015257119391329 
0.67058788593973583936 0.25147273763198252361 0.07972489637148272301 
0.40268963228495047169 0.76340715465293018660 0.02599677774558695198 
0.70593220078854357347 0.53456318730880370005 0.88317541604806604205 
0.55225775423704415168 0.43546219785724926687 0.26536394161839393924 
0.46261520446090265146 0.61757991247954646674 0.14693024848652558312 
0.13619360211561093443 0.11046918451222365043 0.48925523241268131791 
0.04478433671653747616 0.67306594176092260362 0.65342637657525348693 
0.09813650041948807079 0.18528239220363684758 0.49307737516244753984 
0.82477681365188915130 0.19512956550265037059 0.06742444191374796780 
0.69719748162560457594 0.53025188907239662051 0.58592498883302845947 
0.73771382343003311099 0.32326534074169832600 0.10436603139575084676 
0.45450341558228868344 0.83764941417969329684 0.86990360778539677078 
0.08147809179800646895 0.67319971492074892616 0.34800445028829751770 
0.84587135274399938289 0.46196050485423101328 0.86665815552138281141 
0.68420644635803617994 0.09814943826752231537 0.89148500707205946547 
0.29002700754969201746 0.23655048285213697845 0.87151496461233501911 
0.05641034808638889508 0.43552779527559271067 0.60638062288285810020 
0.18624009388814832811 0.24906688543404631453 0.38715757693816610363 
0.55226801641261302755 0.68521695939307769585 0.89849533064807940441 
0.65422848431541580361 0.71199792868167199877 0.30909621156067168535 
0.52830838326614260048 0.61768131514052693198 0.43790536594273254956 
0.08034196909389845764 0.66369437998001168388 0.21887638215303240052 
0.34939158913798862294 0.24422486378012675523 0.63518068806317740105 
0.82354331164755900652 0.83561502313434776745 0.96797060495826259263 
0.54775936521108214983 0.50935412119473988390 0.64975810768822506169 
0.24829460316669993425 0.90801092212196787834 0.40771984811362416146 
0.28145648366309417021 0.94518294192550000865 0.61134736239279807712 
0.30724441005571256902 0.88190584999575460934 0.62873819475660064349 
0.84780124549592073002 0.70773902611436745325 0.31388416386023965110 
0.94662225897056129220 0.86354999571350243848 0.26314681490742874992 
0.36885160949105189054 0.79612309307583317697 0.29041676778169134288 
0.63263016088811485638 0.31154388705429769679 0.21643708623568813643 
0.83982872896511984173 0.72487052044498434533 0.88989958374921163120 
0.89589037937836679681 0.91610280537837796011 0.94026650147089330112 
0.74661869711805795014 0.68823003531849491488 0.51207717716529521645 
0.82950269117797970075 
generated randoms [1, 2)
1.07430780856272511947 1.87007222583464116639 1.34032347529745865522 
1.90568696637514212178 1.42564791683931257893 1.90581700734132475361 
1.74391434085819452271 1.26810880347546373059 1.60583394636494114494 
1.80913308255659144308 1.63618420634745964648 1.42416123898364466172 
1.88977253110312015671 1.95922161788461957066 1.26590404501008868543 
1.86243321154414309682 1.67096790159219477090 1.50717224902144031340 
1.43060672801357813277 1.98618619591448175576 1.15723414501569421553 
1.06376100102815174253 1.83109256238249207271 1.90242840485207143075 
1.97717459390004868247 1.85823193507483930276 1.61404375027486257643 
1.98730967204444319840 1.53395381607670633350 1.11104642633281813779 
1.04700007219853374885 1.88078186687482484807 1.10442414231048058326 
1.16580786925943136190 1.15367717886800025262 1.95580865304193385334 
1.70535245981028804607 1.13357380099776050564 1.04703069970113937792 
1.24539901435114397366 1.34082423357840085920 1.64373655486804493009 
1.28365649917218838105 1.67142355936693043361 1.18799353942156460384 
1.78760758260228191929 1.45650102802243974764 1.86788432245587787683 
1.73411107646563755758 1.38188688878004106719 1.16874020675491863130 
1.21303075235885637895 1.12895134751177339538 1.77488476041574627651 
1.20181905170743474898 1.37369508229224024376 1.57819149398554769981 
1.88250218877692709896 1.20300982053492333534 1.34660437635705543258 
1.58393411631220071278 1.76634917321621265351 1.67151626508593431630 
1.00208068052779375456 1.28214821908964138331 1.26151935147011484695 
1.64076403393413872145 1.96887997729085917342 1.40047919507847495879 
1.97009607370071293531 1.26714326705157454001 1.43884337984939736366 
1.09037146532913853392 1.26163363144556006645 1.58986578992773575081 
1.89251717922224593771 1.48294906422065109197 1.51733443576667914598 
1.43359800767585099379 1.60654433898088377930 1.63272102223068182880 
1.73958126002189361614 1.31132442970762053136 1.39380950620209964619 
1.82509844698207146507 1.28336900577535284462 1.07190827878341110591 
1.90605676787145372764 1.28592412458847671353 1.31834488695549367776 
1.00534798915720746670 1.97490363954883130226 1.57002045065082973530 
1.70163259286407786419 1.43221686874964748704 1.06486004753554297508 
1.27597105093887575045 1.75040993949203382840 1.43256523310564864993 
1.21455308255217819813 1.30649908938955272575 1.50155079665939794609 
1.91877805571956105979 1.09536512856808676553 1.12519802684391678760 
1.68594759639535829443 1.56415751446736273067 1.74181734778596242208 
1.13110953294659677404 1.49839359422576934300 1.21145499051477045782 
1.97808598705846039323 1.57114690313701199642 1.75259509325008644431 
1.78215358765979758893 1.69090199406833563422 1.36331498756642632841 
1.83950983451723293349 1.18698929745738079866 1.66541790268515477180 
1.43635901872468796370 1.97594343263742544536 1.51061639109714351825 
1.78294313640023305290 1.47214805556299133116 1.22052083568848823703 
1.30260026292711694751 1.45723176428199807653 1.65537440797986912244 
1.99094778526026638943 1.96928159527439405885 1.77230815831424060036 
1.21780820535153688766 1.18519029279580379033 1.50538227994716544700 
1.26786930551802257128 1.62851916585432143769 1.34824336475822326165 
1.35517318850576851119 1.52077525176130157192 1.67460059299469898875 
1.37053643669902203150 1.28342985702816658744 1.01995235066008826941 
1.31196644750988733463 1.62889632875666401368 1.12737969705603768844 
1.41330679696882666185 1.24451648506786738402 1.08264190948938576753 
1.19027678656977964344 1.12472913333825852433 1.47394646918098626287 
1.02598911906167722385 1.53370387192160007039 1.58157351259703959911 
1.73992629395749887067 1.75572477557412232052 1.97827065248092237582 
1.39684920608226370575 1.20332508431221318901 1.68305970559605921899 
1.67701034872126553132 1.57211373474551519003 1.28713060315537020095 
1.83941817546144625872 1.46021328880797773841 1.25489399453353156488 
1.18296490013474420167 1.74963039049305391082 1.50416410939570965866 
1.43044470687497948802 1.61549163511316895558 1.91708488577167446287 
1.83476661913942029614 1.32591373473403173477 1.69393000190178821818 
1.71776933919910512749 1.62691135228184324824 1.43162040273133750468 
1.59093628051167113036 1.54799702665095484377 1.76246849681765338502 
1.70916384818588484862 1.78657173677708724924 1.41714935789923468512 
1.37958764656825194628 1.43064229624114958028 1.75880964952813734214 
1.89796333508440340232 1.20918511147263418870 1.12285630014675508193 
1.85413391988237385988 1.73411207597997463203 1.53263617924176442919 
1.10543344249873753959 1.32288564402723030078 1.96048302203364865903 
1.86766405053684514392 1.29527268438771336889 1.20293700744661236079 
1.36916296758409039569 1.97938846183251659916 1.97720593349204953881 
1.71376088880716870300 1.76120223117807239710 1.06060821417569495217 
1.45621202967940899242 1.52526446143669236477 1.54114852831928428323 
1.28875159684746565247 1.66227675045906875262 1.56897008907999246929 
1.76784049118353436825 1.00652263181189960406 1.99490522922914381709 
1.45953987965194764698 1.32324908658170570241 1.41915226202391697718 
1.88362726318619300159 1.53460032735516826996 1.13787900335247638139 
1.15041514087105101183 1.60053164450871809876 1.32870057876248992557 
1.85098894220621645879 1.27651321550511531733 1.15277227567330453617 
1.67907065554719658884 1.55885107242941489680 1.77089676954935870690 
1.84934950719934732000 1.94494144120718814861 1.08210867039395219891 
1.89056299576766595472 1.60370611577983646079 1.27549337576668908589 
1.98035419194433037759 1.21687015843077306343 1.98938865732412928367 
1.90557218439610354110 1.16686430857809675388 1.43444730446772839016 
1.07443843490080448433 1.00264994439977961349 1.25214256108465638029 
1.03561396683469819635 1.28218029756066043134 1.80919732755573337002 
1.18477654063306059307 1.66313895568048497609 1.97617631714492048012 
1.29642585778905905514 1.51357284459979135605 1.64999665313973453706 
1.92209241722925749940 1.42761408024244196291 1.27923986757771923628 
1.71686892788710721014 1.15289268530875466112 1.66994743018446256677 
1.96334421569021277953 1.87244612902326523773 1.45797665550862709516 
1.90625688374674440162 1.57355223241816655211 1.56646229049075369488 
1.54434665650051283770 1.84765663784607503395 1.40605174626142570560 
1.81195238783476542110 1.71466766770393497232 1.31850062323402927866 
1.70162246399840211275 1.22304126078323327498 1.68277714692149205078 
1.87018730776521779902 1.00521306258581799575 1.94448950980006807221 
1.99675806528898891479 1.87041113745432641124 1.49927929211835042622 
1.50495650363000410543 1.49154282346190103503 1.01845081122063074730 
1.34894411030083061220 1.31356593328422777134 1.96427254668817674599 
1.60147583304069685006 1.66439692097722558017 1.08155976684463350779 
1.41452290027680693818 1.11539939264833942723 1.78949870365403573835 
1.78231501606526698822 1.60347231500375353441 1.02272416035221147546 
1.20358987328367295078 1.73656249106615057087 1.19936182643538846726 
1.75944501572063471961 1.28842740286026380403 1.33733064151056568747 
1.82915875776761627236 1.01188388039081544889 1.12354589961707440615 
1.56706910246338870785 1.86473547869998990123 1.99475001407271879117 
1.28757788682444185291 1.70811945027169898026 1.74786608547952249104 
1.10996821340427809233 1.55237942182294630378 1.78009776120657892129 
1.52037770657869408808 1.16327607411298239448 1.61802192412340062333 
1.15460415715053832386 1.86530545137725844995 1.55351008036410020985 
1.17990215650451357732 1.05497195791629194694 1.55334011422076834208 
1.79791811016786207134 1.36725795875969136084 1.34065236936621423602 
1.19401941939960232197 1.39675403521496921400 1.55604287126856344337 
1.84884110033337423218 1.92025386764753158708 1.10550325746480226918 
1.09884897475969212088 1.40777994673402861991 1.72215322023282957353 
1.13848388750698670258 1.07622975683286092874 1.59586358914889703264 
1.38471940379381308617 1.74964124772742946057 1.88255684563936775966 
1.73693816880654927637 1.88907139963014736317 1.58078258124779424953 
1.54132370988818290236 1.88583981014895796235 1.34517445834284665729 
1.42162950099734208820 1.47875414527410442567 1.84647231688081592260 
1.53864630763228316113 1.91451238866930828486 1.64739763998263488709 
1.78482590617401726263 1.44636571192984364487 1.96318448302930792515 
1.45136776811236667406 1.56251174957428040635 1.12939900472227194861 
1.53781242380811722370 1.03155236015814222306 1.97778873544232602910 
1.67131749505914228848 1.07912964181306958444 1.73669944547722532313 
1.42696943662819397680 1.20798850174378036293 1.95835324375246533357 
1.54113370532438920257 1.37845093462188539313 1.19766384936948400153 
1.42382140885327346247 1.17572722856585332174 1.59284182970972088000 
1.64371900340870191748 1.02188397329576785566 1.85665323163385065364 
1.57231093151736955882 1.15269291415466357265 1.08246890634623116334 
1.53729463003770927543 1.84547997877942870915 1.42904889393494372030 
1.90965444427673625150 1.99491186239510120970 1.33962922058124744851 
1.05262679614953569285 1.51113972432384713329 1.49530620073278841531 
1.88339036482232757841 1.87426584592917722105 1.45850737289186560552 
1.14707938162569922369 1.58805613615303231612 1.29086053107797127382 
1.25629002845962811641 1.26854566561430925908 1.77429201448132123353 
1.99857148018046215654 1.73220844229803039305 1.54776142728292898099 
1.36221456725674294752 1.10672417900990960327 1.28394373264523053990 
1.44166995823092625173 1.23877250819356832245 1.62936740816673797383 
1.18703289179589899227 1.57219513050704429169 1.16088791635258870016 
1.21602379536845939256 1.65490737291083966909 1.74070068941911348936 
1.42195878590108137907 1.86996513511713735589 1.27847410921578807930 
1.80151564927312501929 1.26460704682217239814 1.21844057683156870020 
1.65116590044257471881 1.58823307188145590452 1.43712359868289629716 
1.38939876254465644045 1.78668957598194588776 1.85457461879710616692 
1.57508624149678810866 1.33389255407052709224 1.53348232831506492424 
1.83238280953469923062 1.81228628308382710976 1.49744965001214924705 
1.00157401969928261387 1.88563495792508506455 1.82678819110792867164 
1.27828116366500021961 1.57834030317731199844 1.21947287429210304843 
1.52199545345977571564 1.98107163876570502303 1.91698477983790493973 
1.49128637618838655321 1.55090054796305909512 1.88322163142721787921 
1.94224126290269905049 1.81581800903301537886 1.73854399256884528668 
1.35122613638879740527 1.02283989669367625375 1.69902064524730644912 
1.71773155144828915120 1.91176742844948166500 1.43122164094502157816 
1.50201927609077112713 1.37781086388937001885 1.78364608063643093061 
1.38893252670547284744 1.18929721435705637589 1.98193087616348617708 
1.85178467206493957420 1.85716948316965968502 1.30332580304074174826 
1.40044638357270523343 1.42090542101571304379 1.17589085657539293983 
1.31147790292015486990 1.22753079570968215428 1.32694599874246366156 
1.71791394018465903848 1.04454599468285769248 1.58520190971056806895 
1.46308690869935698053 1.53828701176086091174 1.91072958980674778573 
1.59865802629275721713 1.69171079461200446481 1.81696582935262762604 
1.34158631951809015348 1.11953204883500911926 1.73824638244908968865 
1.64692629121141376203 1.21743192864361504668 1.31968644552779101886 
1.07101262044361944525 1.90934545208489980794 1.92490096182495795674 
1.02236828591558936985 1.63546636413816104394 1.93368535883805070519 
1.84981176595352159175 1.78976112379958496312 1.31420847501503645915 
1.08230046326164042192 1.54651105909377717396 1.82664864797536585783 
1.21340078659505734571 1.24557865217940877400 1.23428402278970428263 
1.22055042622337350799 1.78863830126325695780 1.79081690589608588660 
1.56944012914783392887 1.07661452193675311051 1.99199830498184327077 
1.51803849121613332329 1.67570913640043195336 1.12814167529329800743 
1.93644569966739021893 1.19461846315515662909 1.04722222987671642613 
1.70811149267261885853 1.52688350626294799817 1.55602925213820775241 
1.61620904052964364794 1.53628918640693634678 1.57914134943049577764 
1.70086346403361132751 1.74287813294072502224 1.79440117173952207175 
1.16126679252998998848 1.45382257205672438261 1.59721725266268799182 
1.31484427422992422585 1.12599524744831636092 1.61608468049118347842 
1.45163151514801791464 1.13203398574228319973 1.14586836738899311428 
1.13007464687777514634 1.57881594976590400314 1.94373863515447631301 
1.42961564377429528605 1.80860105606178711568 1.27090017718844938699 
1.15539489351670154882 1.70739408301713013749 1.78176488102064700669 
1.68928484067025319604 1.23831282120112651235 1.35538360473497387915 
1.43676362242054977969 1.65236821317705517842 1.42718193608987342635 
1.91565605284049778056 1.88792821637692176395 1.99187045174080745724 
1.00541238756493056528 1.55705091359715797061 1.66614844386335647641 
1.89937668024289596502 1.88388727653686238739 1.02068168178182649974 
1.31638665185521852585 1.41567890625691150674 1.25494819596991691313 
1.24068876454800514075 1.04746841624442388330 1.41090388272653388668 
1.54517502223066616196 1.25759417288712360694 1.46719342473222047474 
1.36757416699778810987 1.97441934323674295193 1.59580199575912762278 
1.15730580993858334082 1.06219101801417892261 1.64302739574888434504 
1.60241338898650376166 1.73555982243203299475 1.33731386412660602225 
1.12734070896245897053 1.60518394429235611298 1.81081173550841501019 
1.54119222327886062907 1.21373096032830907198 1.60217748976132368099 
1.55847483832203304033 1.54201715537263184252 1.03353481625370902108 
1.88635412393665280462 1.12467192217896894135 1.12821592200018705476 
1.20576582142140464882 1.04673091785428340472 1.08103570675345816987 
1.79618373599889169512 1.23518153851687917388 1.70826625183893354709 
1.54328649517355676046 1.93970923948275797422 1.71002256907014782428 
1.66984228706733195402 1.02500717140584929332 1.94113248368850044301 
1.53646516894539142406 1.86208647390822346068 1.18278962400785592202 
1.99140103456161110529 1.60628194953461500560 1.60022663467848014207 
1.53097168902820768288 1.18380146163316135599 1.23102377970055787415 
1.50462570467614664693 1.42542330925360172245 1.25901430060257379928 
1.51805565086709237654 1.06623452573750365779 1.79676312073669275371 
1.30461357666520472165 1.60648255521292049330 1.03452215912095124573 
1.70336422511099483401 1.07110761924487496444 1.74875862189679853742 
1.35667284317597314214 1.99022682590354316190 1.53788595910414938039 
1.16696471964132775234 1.25321152581921579916 1.98369547642187304959 
1.74499529589730162371 1.34947299650153196282 1.55005564582771393489 
1.32184471471129749709 1.27120764800853902621 1.95154909344602600640 
1.37135819847726692089 1.82339148458104749473 1.64011942880278360768 
1.29832194610052154005 1.56894307229715379570 1.34763528465702675518 
1.24439791853737258265 1.79632622585319667863 1.13010091768118203781 
1.71585027709699633469 1.21098400672680939216 1.61406593577423818076 
1.52984909639487631772 1.68242370231300775174 1.02533362851178155850 
1.70391726240939900272 1.01144213598277987742 1.87344655282709027233 
1.38509092954610779636 1.43664512413938250113 1.75428001694213242523 
1.92708168561315651424 1.63818894446637597362 1.72269201938097116233 
1.65398981143927503723 1.31273999909041294565 1.15706364497288860527 
1.03022883995627845266 1.89797887990456803919 1.26114283017985884250 
1.76295533247779467878 1.69459792073973303239 1.51074662176475138509 
1.00020803973596938974 1.06706321407582538363 1.56804593846705819793 
1.48948721237858494604 1.97341260932990802957 1.79872445713323569905 
1.05094652713012748357 1.89380152252375699717 1.80872778311104442928 
1.06973514478991549304 1.92160471462825044320 1.85572434680804487783 
1.37245505643355270031 1.74440168900485526038 1.18198380149594184374 
1.59075848621369542180 1.11703614081738655806 1.93770465910914535534 
1.33934026367456615603 1.95484548715483574810 1.02205029527561008784 
1.75556072776165383864 1.32368228509370799983 1.89447284530479165277 
1.61711725582724197281 1.42014565973055950643 1.69857011156645154593 
1.94143574114508288275 1.37634904057983975534 1.07371767875368995249 
1.66285020265124017236 1.62392751645952060358 1.97557621075802214428 
1.37446509021955542984 1.40103602753682587867 1.33025663291475471084 
1.09783371834585907756 1.50667157201636925379 1.11381105330438012757 
1.04647164135850223587 1.65430572857236857232 1.49782322140944401667 
1.29678384367620580520 1.07800190965923059494 1.82524150898159009948 
1.54385390409120604183 1.30183390256084807746 1.72697238702522604115 
1.53195754139182249709 1.52277286163948732955 1.17341688528982124318 
1.56234741295619206092 1.28335004177600398023 1.11556401546044403617 
1.74844054485718136682 1.36031587575309798055 1.91072582070539098709 
1.27166548345269836418 1.66279469187846506983 1.73879959040325182684 
1.10666588449645475478 1.16320408348895720785 1.46160350292768503877 
1.86060013765966303367 1.01916682788292267681 1.82597610775062846322 
1.54488042209431442053 1.85042550985680120945 1.54065793144783724777 
1.96339230580748469457 1.11870615284940488898 1.45004850311931599016 
1.97557743966543486458 1.68985119082476487051 1.63605548538486744725 
1.21807815524214735348 1.09305794893411900581 1.29027304105912365983 
1.62921403480479964898 1.86003461447368190207 1.62815584456636086585 
1.58692907630723434309 1.42184752230216981950 1.32341045396815948365 
1.35839511267023582697 1.19610691286961623447 1.57672376253209911567 
1.68380471592012659343 1.66532201746648889085 1.52023562341744389315 
1.69635365672290339134 1.85544734317527670875 1.02335030600814236301 
1.33120714326568823083 1.14542057865868507349 1.07673606745033079157 
1.60047084590813870619 1.15132576046713341889 1.05200195578398236762 
1.68457195126427339282 1.74163860522337765602 1.03874411293928337052 
1.13230886632050742335 1.18491439370080509086 1.67731460163931322960 
1.82048277624727639079 1.34738237036606478547 1.66146489404969210923 
1.24284234838007789925 1.47535750785950692254 1.28434586411986795262 
1.13650331633749934745 1.88379384581814424138 1.59641183735437142133 
1.57830425961283138392 1.38601587173350493387 1.17451617340651592869 
1.91289363438872483947 1.01169812186276408816 1.60501285275573879474 
1.42875216502637858440 1.00162062765733073100 1.25115168213620786553 
1.45199584426325500885 1.87017343377711786623 1.65384248675534339945 
1.79610962036211296855 1.34967029907424329593 1.90703401806229777549 
1.46687522144061843754 1.74477879290678128399 1.25497260867277127261 
1.70510608111322214953 1.15440297566964433784 1.30673892869712915399 
1.81142300003297718192 1.83856005592624671685 1.11857489226200135235 
1.53255334625508954360 1.38230464107109085603 1.13182515062358080016 
1.81319553573797476176 1.11462139338292320900 1.96892237597818176020 
1.15499200562593884456 1.43355345435542425037 1.89431791950586458917 
1.42895057509827094755 1.35755275209308967632 1.93311877257229980387 
1.09389634584207917634 1.88048609976192193649 1.08487655095717228093 
1.97643245005728362962 1.04938141949958252397 1.88665624344982862937 
1.42400368548250666478 1.91252561493219896960 1.68751203963944673703 
1.46335747493661583185 1.15637754638301104571 1.73108469198131720290 
1.82450952824818313225 1.06990692349682969819 1.01769489570397086986 
1.09603096223645701812 1.27701125383263436319 1.27698336895839648086 
1.01167956846906004209 1.12781071563947232761 1.74458610012003867418 
1.79837414423011687781 1.42477606521784005977 1.42162833233564889213 
1.40151120685036900682 1.10659276515487436932 1.37650998742190355806 
1.78622929156302667764 1.24687489681692653676 1.84921606064273857939 
1.20187512912616201177 1.13120089749914520816 1.58392399872727973609 
1.87141826568016811372 1.44993309587653329551 1.04806749668989485080 
1.95133339691746732214 1.16887835725143052201 1.00310435047342472181 
1.09944918290335680311 1.24537894614548649841 1.10143272542565551220 
1.40317921166879666650 1.85004133016448091276 1.53341244807339704970 
1.97942219162515287145 1.08233822804439228094 1.56345629515616746374 
1.50971711055508284183 1.64570742403126124564 1.16495979684294437284 
1.16298246482583644834 1.29253892111622237238 1.11114477715585313611 
1.14134292055785691034 1.13528618278329029856 1.18163871436537482040 
1.70711982252113991798 1.06938955181193495747 1.91443833348206471356 
1.93516952609604198088 1.70676293052765504221 1.22002651030485154138 
1.83803451881770962828 1.87249127738198817283 1.85642775424398820405 
1.58990865034847694837 1.50672392416334499643 1.44690160609874740594 
1.44622014459538439368 1.43751054107629117063 1.25599466521440183975 
1.04991171259688020889 1.03415916948115182983 1.23754812973756589400 
1.69216173374607947721 1.16014332955849952533 1.66245085543925452676 
1.16282848623681833722 1.77824680140508672999 1.45745408049316327315 
1.64824362358427167763 1.14340550164862797544 1.00634015257119369124 
1.67058788593973561731 1.25147273763198252361 1.07972489637148250097 
1.40268963228495047169 1.76340715465293018660 1.02599677774558695198 
1.70593220078854357347 1.53456318730880370005 1.88317541604806604205 
1.55225775423704392963 1.43546219785724904483 1.26536394161839393924 
1.46261520446090265146 1.61757991247954646674 1.14693024848652536107 
1.13619360211561071239 1.11046918451222365043 1.48925523241268131791 
1.04478433671653747616 1.67306594176092260362 1.65342637657525326489 
1.09813650041948807079 1.18528239220363662554 1.49307737516244731779 
1.82477681365188915130 1.19512956550265014855 1.06742444191374774576 
1.69719748162560435389 1.53025188907239639846 1.58592498883302845947 
1.73771382343003288895 1.32326534074169810395 1.10436603139575084676 
1.45450341558228846139 1.83764941417969329684 1.86990360778539677078 
1.08147809179800624690 1.67319971492074870412 1.34800445028829751770 
1.84587135274399938289 1.46196050485423101328 1.86665815552138281141 
1.68420644635803595790 1.09814943826752209333 1.89148500707205924343 
1.29002700754969201746 1.23655048285213697845 1.87151496461233501911 
1.05641034808638867304 1.43552779527559271067 1.60638062288285810020 
1.18624009388814832811 1.24906688543404609248 1.38715757693816610363 
1.55226801641261302755 1.68521695939307747381 1.89849533064807940441 
1.65422848431541558156 1.71199792868167177673 1.30909621156067168535 
1.52830838326614260048 1.61768131514052670994 1.43790536594273232751 
1.08034196909389845764 1.66369437998001146184 1.21887638215303240052 
1.34939158913798862294 1.24422486378012653319 1.63518068806317740105 
1.82354331164755900652 1.83561502313434776745 1.96797060495826259263 
1.54775936521108192778 1.50935412119473988390 1.64975810768822506169 
1.24829460316669993425 1.90801092212196765630 1.40771984811362393941 
1.28145648366309417021 1.94518294192549978661 1.61134736239279785508 
1.30724441005571234697 1.88190584999575438729 1.62873819475660064349 
1.84780124549592073002 1.70773902611436723120 1.31388416386023942906 
1.94662225897056129220 1.86354999571350243848 1.26314681490742852787 
1.36885160949105189054 1.79612309307583295492 1.29041676778169134288 
1.63263016088811463433 1.31154388705429747475 1.21643708623568791438 
1.83982872896511984173 1.72487052044498434533 1.88989958374921163120 
1.89589037937836657477 1.91610280537837773807 1.94026650147089330112 
1.74661869711805772809 1.68823003531849491488 1.51207717716529499441 
1.82950269117797970075 
consumed time for generating 100000000 randoms.
BLOCK [0, 1) AVE:4485ms.
BLOCK (0, 1] AVE:4465ms.
BLOCK (0, 1) AVE:4499ms.
BLOCK [1, 2) AVE:3500ms.
SEQ [0, 1) 1 AVE:5555ms.
total = 500029555.962095
SEQ [0, 1) 2 AVE:5498ms.
total = 24943.452921
ADD   AVE: 530ms.
total = 50000.000000
SEQ (0, 1] 1 AVE:5482ms.
total = 500000163.071979
SEQ (0, 1] 2 AVE:5491ms.
total = 24941.552912
ADD   AVE: 532ms.
total = 50000.000000
SEQ (0, 1) 1 AVE:5051ms.
total = 500011671.554433
SEQ (0, 1) 2 AVE:6078ms.
total = 24968.436559
ADD   AVE: 558ms.
total = 50000.000000
SEQ [1, 2) 1 AVE:3838ms.
total = 1499994407.180408
SEQ [1, 2) 2 AVE:5605ms.
total = 74939.598541
ADD   AVE: 560ms.
total = 50000.000000
