generated randoms
0.7418237710 0.3015975462 0.1882678708 0.3666448336 0.7980474318 
0.8626391052 0.8898482856 0.5935828278 0.7423249716 0.8248639386 
0.9832152956 0.2095748301 0.2919669378 0.0286645131 0.0144148023 
0.0792459589 0.3715209326 0.0449171330 0.5603518849 0.1557731466 
0.7075450019 0.6571422279 0.0059307213 0.4167594935 0.9548960122 
0.4449558948 0.1506561052 0.5187242881 0.4717831251 0.6189843884 
0.9217404408 0.8541017926 0.9066041095 0.5837110356 0.4562012749 
0.9455931074 0.7688986932 0.4916561362 0.7886410643 0.8540743714 
0.6779055233 0.8015747664 0.5722239686 0.8011646235 0.9105821331 
0.9834215321 0.4561136592 0.5497249068 0.9501141203 0.5908846441 
0.8066431291 0.9659778477 0.8661039393 0.2736895332 0.2078016370 
0.0403153490 0.6579116632 0.9732292278 0.3733950964 0.2778251878 
0.7086532011 0.5592838513 0.9362621697 0.8123743706 0.8748833344 
0.7539918372 0.4910562417 0.1071100326 0.5197340853 0.4584096968 
0.2514975802 0.4498673030 0.9697050815 0.0088954411 0.4285894539 
0.4902999598 0.2282702208 0.9485825813 0.6481362259 0.2877134644 
0.3781622796 0.6795661144 0.3795754809 0.8862736688 0.0361270394 
0.4252260792 0.9200793441 0.4890988369 0.3301112837 0.6652736951 
0.9402929760 0.5875922058 0.9560663761 0.2988796522 0.8166168056 
0.0130256194 0.9975412885 0.7705744564 0.5209968076 0.1595407495 
0.1417264728 0.7348710074 0.3822383283 0.4868789710 0.4349969479 
0.8824951678 0.0371436447 0.3199011018 0.2479351927 0.9247529471 
0.8308268633 0.6899724919 0.5902545430 0.4486829904 0.9935866302 
0.7602858995 0.9331919417 0.3529206813 0.6006386828 0.9222645175 
0.1621673305 0.6781114781 0.8743669145 0.3969541968 0.6004846865 
0.9467494908 0.4814061025 0.6049544947 0.3196239288 0.3061006863 
0.7774658145 0.0315471143 0.1231571557 0.6215759186 0.7843935916 
0.0316829477 0.8316768423 0.7310079998 0.0211142868 0.4889162812 
0.4331148538 0.4106926052 0.9949218732 0.1948888124 0.9050948417 
0.3253570252 0.0366324059 0.6537175454 0.8146726497 0.0090602608 
0.4551884042 0.6354530791 0.0304944206 0.3827092375 0.0504823685 
0.1251405220 0.9592334952 0.4469447224 0.6072242320 0.1281477250 
0.0547128534 0.0606526720 0.1114433984 0.5392661405 0.1005378982 
0.9399378451 0.4355609976 0.8229809786 0.1316583109 0.2200619415 
0.4334704195 0.2733906165 0.8824746663 0.2661321280 0.1189726872 
0.1315551472 0.9825460481 0.2698822537 0.9954671238 0.3420193726 
0.2541558480 0.6182452258 0.5870926158 0.4941612350 0.8687988526 
0.3118484692 0.7543200514 0.1748547081 0.6188186937 0.7336070022 
0.4780296640 0.9141722011 0.2930082413 0.1488589271 0.0278732549 
0.4757819813 0.7203020589 0.3183263423 0.0498183248 0.0651516532 
0.6591762395 0.4848223828 0.5694609896 0.2100407371 0.3538304658 
0.8742097887 0.6853746120 0.8963005524 0.4721223499 0.2022185081 
0.6950668048 0.3039451872 0.1370856954 0.1984286816 0.7195641475 
0.8828692724 0.0420466581 0.1015959754 0.3415847571 0.1050730389 
0.6551874142 0.6441611092 0.9308809466 0.6384438461 0.7865253380 
0.1879251368 0.7981209268 0.9482804340 0.7615782207 0.8304567457 
0.4304838258 0.3143304801 0.0701557010 0.2183516649 0.8066685909 
0.1916774608 0.4573458545 0.6679671286 0.7675563176 0.3834921177 
0.1555462974 0.5571476127 0.9583095851 0.2284485288 0.5055567501 
0.8821884548 0.6369860091 0.9854969206 0.2852357155 0.3298322247 
0.5072366632 0.3406446343 0.2101002624 0.7395218146 0.3914342048 
0.6183157534 0.0893787708 0.6508362903 0.0023398880 0.3088032117 
0.2400742487 0.7776453740 0.8556989444 0.1292412240 0.2635168967 
0.4449053782 0.9152196440 0.7329702494 0.6420015401 0.0377292241 
0.1359682346 0.7099022778 0.3409772661 0.4399911442 0.3509424102 
0.5947859230 0.3638053317 0.6674702523 0.3047139620 0.3046775548 
0.6500475268 0.0861144669 0.4512485489 0.8890051268 0.2243391511 
0.6806210297 0.4567500098 0.6008852234 0.8115450087 0.3097613144 
0.1577505554 0.0694230020 0.9919094435 0.2031915139 0.8339272885 
0.6076325860 0.0319787182 0.9045621086 0.1568267285 0.4153208730 
0.1103297974 0.9677188456 0.7608120447 0.1418177952 0.9585798199 
0.5312878655 0.9535973629 0.6725130432 0.0900394976 0.7931112116 
0.1447770878 0.1903080214 0.3180175758 0.9548455735 0.4825499373 
0.8720858646 0.3201843907 0.6098370058 0.8908129020 0.5838468591 
0.1337822436 0.7033590532 0.3984501963 0.2868524695 0.8604355601 
0.9791926593 0.4015890704 0.0923531380 0.1164191359 0.7630665500 
0.8760856648 0.2869571400 0.9727990350 0.6950425752 0.8855419191 
0.5124783941 0.2682447957 0.8491063141 0.6043522574 0.2183947165 
0.9492247406 0.2690453339 0.8848310409 0.1130084503 0.1181038142 
0.8875364500 0.4933678096 0.7796341039 0.9555422113 0.9328589596 
0.7201025604 0.4097022607 0.4571368837 0.9548535428 0.4799568543 
0.2162317403 0.5552030100 0.1118736672 0.1307640272 0.9788638432 
0.9051136965 0.7167869762 0.6064440174 0.0287883345 0.4087600296 
0.5545380235 0.5411994035 0.7361511766 0.2436341437 0.3218529769 
0.3640884078 0.7961544082 0.3104530812 0.4092850777 0.7331023055 
0.9793436367 0.5214578737 0.8325895669 0.6244722123 0.8438136030 
0.4370458676 0.7217519526 0.5600134269 0.1791525389 0.7443682602 
0.0948533262 0.8153031009 0.0514899916 0.8930957038 0.0412488000 
0.5663886962 0.2140482989 0.1852104837 0.0706659567 0.1265594723 
0.8761507084 0.1452157371 0.9637968660 0.9638032630 0.1146812965 
0.3409185231 0.0305741340 0.1245240152 0.7958372116 0.6914125085 
0.0977080234 0.1872199826 0.7878130723 0.4169851598 0.7104670563 
0.2376287064 0.0030202630 0.8387292046 0.6310619350 0.3619900759 
0.5478777639 0.9163683345 0.0777285279 0.1300522058 0.6370231559 
0.6181358808 0.2872455700 0.2383568179 0.6481091893 0.7585152392 
0.2117526345 0.3526965630 0.2236664505 0.3314529454 0.2750159374 
0.9626185576 0.3888265429 0.8815471400 0.1197180409 0.2493463832 
0.9479632644 0.1509596118 0.4567869661 0.4287579194 0.4959095557 
0.3735009817 0.9190012843 0.4414061917 0.7912998032 0.6662226184 
0.0066299853 0.7241070745 0.4338902654 0.5874785553 0.0896324649 
0.5275650900 0.9942223673 0.3329584292 0.6547778366 0.1087350324 
0.6589381209 0.8040018200 0.7418923440 0.0955897724 0.8513705859 
0.6510810739 0.2572267623 0.0266189244 0.0971879475 0.0455862336 
0.8491382262 0.2171978385 0.2925927263 0.1299023367 0.2322618334 
0.7769114271 0.5149630112 0.6916377462 0.0820086564 0.4578359371 
0.6123115394 0.5197639878 0.4713156360 0.5113440071 0.9305874579 
0.2881076432 0.2776773659 0.1339121600 0.5934779380 0.0762497369 
0.3939759223 0.2392852010 0.0720032213 0.4437807758 0.0127965269 
0.9262492685 0.2182732571 0.3112271706 0.3958905936 0.0954117993 
0.8239366368 0.6506702487 0.3616449212 0.1039970485 0.2253582324 
0.0909938553 0.3877046682 0.8513083636 0.9951491000 0.4815709909 
0.1367577550 0.9757049012 0.7324037845 0.8389571441 0.3092082782 
0.4077242701 0.7754147090 0.7020247261 0.8078745789 0.7870067392 
0.8169967381 0.3979791003 0.3890233251 0.0425326595 0.7123033379 
0.6715079244 0.5129099231 0.1693617244 0.2575946038 0.7748500937 
0.7428209101 0.4543340997 0.7499400270 0.0706054354 0.6969456483 
0.2444376989 0.3690520825 0.7623349369 0.9616581117 0.2221792702 
0.6282652145 0.5639865064 0.7026994162 0.4612921644 0.6196959749 
0.1270274301 0.2199717221 0.4977413946 0.8036170035 0.7036462297 
0.9634856831 0.5549959522 0.8896527329 0.8772826753 0.8729514228 
0.5598244114 0.4691978727 0.3679676362 0.6954006325 0.2073600023 
0.2964446716 0.8024830526 0.0558524938 0.5125784354 0.2591804668 
0.9295168432 0.9802623575 0.4911840959 0.8016553033 0.0016639137 
0.3381083314 0.8454810434 0.1188116823 0.1214733105 0.1339569574 
0.3824976050 0.2295040211 0.6856064864 0.3142263915 0.7733397919 
0.8702722668 0.2670429746 0.4477906892 0.6000571304 0.4644640667 
0.4059427322 0.3360980223 0.2459859278 0.0053253585 0.4165292753 
0.9645028820 0.3651405101 0.3196964854 0.4601553967 0.7464410509 
0.2556701437 0.3014350862 0.1227443951 0.2186164249 0.8473218967 
0.4047895798 0.5140728746 0.5850407111 0.5542104847 0.6818614093 
0.2198977855 0.7959938968 0.3262857877 0.0237514434 0.9761297581 
0.0532339609 0.5230091020 0.9723124296 0.9288517706 0.1794920060 
0.5656647755 0.5464796746 0.0069611491 0.2256275889 0.8746455331 
0.9432338588 0.7205149767 0.6988660350 0.7522804790 0.9246473239 
0.5569728570 0.1738934593 0.1769280914 0.5292351821 0.6982683780 
0.5619389957 0.7519807401 0.9156909157 0.1559174353 0.2349495279 
0.9474241436 0.3977561870 0.5048486464 0.4096321991 0.0846541988 
0.5873290462 0.7887954666 0.1140910294 0.5743076736 0.0708443097 
0.1618248932 0.1559308603 0.9510701242 0.3043720409 0.7841856129 
0.0925870355 0.7453532674 0.2540675608 0.4291847993 0.2285379753 
0.8889184807 0.7163532494 0.2069625293 0.3472427033 0.1460088893 
0.7042520047 0.7854834836 0.3022804531 0.2101438604 0.2085121243 
0.9228745790 0.2935330017 0.6176268573 0.3335367673 0.0557929443 
0.0568688395 0.3376240534 0.3188331267 0.5215723655 0.6201423807 
0.8535878512 0.3385325143 0.3495149625 0.6427221670 0.4172069450 
0.2579220102 0.9617607238 0.7280407479 0.9524731976 0.9437672843 
0.6266475909 0.7708575298 0.3849562610 0.2124780938 0.3544768988 
0.2969606921 0.7347016201 0.9595649210 0.7329423169 0.1134557487 
0.3330755589 0.6666586629 0.0055142297 0.7175614064 0.2488114782 
0.5390391836 0.4574827980 0.1496496955 0.3498272671 0.9092308614 
0.1218181120 0.8838453155 0.8573764409 0.7305241288 0.1199533432 
0.5424345697 0.2316330739 0.4396771022 0.2699209762 0.2045963543 
0.5470004902 0.4289140320 0.7428601125 0.4078029541 0.5163225528 
0.6576108204 0.1325118434 0.8784277163 0.2405947923 0.5431146523 
0.8886969785 0.1245337129 0.5347658281 0.3174296922 0.4526274473 
0.8586720255 0.6917215689 0.4033862671 0.7897921180 0.4903524725 
0.2291494479 0.2199073750 0.2380430721 0.8054474700 0.1186527774 
0.8978317902 0.5843446363 0.0922915666 0.5751268725 0.6467543495 
0.9202113203 0.5928572642 0.2645764051 0.5367686437 0.6290545090 
0.7534517158 0.3726919672 0.9429064238 0.2817860686 0.2642328825 
0.0404449668 0.8386963855 0.6126153189 0.4326020167 0.5023103998 
0.9905776047 0.6668046477 0.9077957976 0.2208792177 0.6729870785 
0.0761637902 0.8738785598 0.8799640331 0.0283142185 0.0373597062 
0.3067219472 0.7962759774 0.2374147303 0.0817560825 0.3691493118 
0.8252876886 0.8690026312 0.6226670605 0.7095302380 0.9253189199 
0.6371360753 0.1903613158 0.2946090308 0.6364985335 0.9683599491 
0.5756264194 0.2002931950 0.0978927556 0.5089530456 0.2201690647 
0.1386797866 0.3492811029 0.8669457300 0.8140244997 0.7485088337 
0.0863652218 0.2562636051 0.2460122003 0.3260318046 0.6126996020 
0.7023722313 0.8251887509 0.6254841737 0.0600540869 0.7296094294 
0.2461861119 0.0302381738 0.4943007536 0.2283799066 0.9507373399 
0.5365888599 0.1798583792 0.1353871242 0.3542158190 0.1497760906 
0.0335256928 0.6268281879 0.5220109134 0.3087439258 0.0715859105 
0.5545835557 0.0250657745 0.1086208978 0.2034302471 0.5709534508 
0.9755042662 0.9018509150 0.0579032556 0.9454460130 0.6943906582 
0.9224723164 0.7592614997 0.5043305695 0.4602725539 0.0352107215 
0.5770488797 0.3523391988 0.6955999260 0.1200682993 0.4236531027 
0.3075417123 0.2196337315 0.3564723324 0.1464394093 0.6112638541 
0.0892236848 0.5097946140 0.9508098004 0.6034939194 0.3733652525 
0.4856774774 0.2074709073 0.3726210139 0.2753197350 0.3492597010 
0.3658567389 0.8704723485 0.9372064206 0.3276284460 0.9439505594 
0.4263765049 0.9508045731 0.4298479248 0.0469770822 0.1896462521 
0.1588754251 0.5792085802 0.9196730717 0.4377535329 0.8460061541 
0.2381514937 0.3598233449 0.0299690536 0.8358544522 0.4275219001 
0.8911170187 0.9716029350 0.6787672509 0.4879740799 0.9808072631 
0.6285284183 0.9474465291 0.7143757537 0.0188381226 0.2713695866 
0.5991606535 0.4058122597 0.9771628061 0.6257306862 0.7773731804 
0.0888474694 0.0397934665 0.2106408321 0.0635614437 0.2945357176 
0.8041690959 0.2441790306 0.7159789877 0.8718545331 0.5667417979 
0.7184373401 0.5560606794 0.3251785643 0.9299214861 0.2266214424 
0.7184075091 0.4516535482 0.7227833588 0.6202669653 0.3084393958 
0.0370705131 0.2786602484 0.7816464383 0.5722451541 0.3042986305 
0.8768928050 0.6091954894 0.5990286205 0.3375581735 0.1444804967 
0.7894728306 0.1429342964 0.8700322490 0.1535659123 0.5631234212 
0.6172163873 0.7660167530 0.7760462065 0.4761260734 0.4180308623 
0.9377674877 0.3969715946 0.0241789928 0.9609907022 0.5036746011 
0.7569861456 0.1033830809 0.9078386725 0.3791089478 0.6081274879 
0.6545729153 0.4132937066 0.5643462628 0.9678564987 0.0306805977 
0.8814809394 0.5218256413 0.1670500707 0.4068851282 0.9327471408 
0.1397102936 0.3730235537 0.8645325596 0.7901238106 0.9069096528 
0.8210038850 0.8669829914 0.7848964603 0.7247231635 0.9839884211 
0.8432460318 0.5773181199 0.2664606251 0.7429903187 0.0671772618 
0.3275974400 0.4797235848 0.0639389933 0.3113500778 0.1541344366 
0.1418253156 0.9383784239 0.2442219009 0.2308994601 0.9297360506 
0.1572549743 0.6166534610 0.5924720292 0.9260968462 0.2655055978 
0.6791960764 0.1932694843 0.4513500736 0.4653878628 0.3720748189 
0.8503409447 0.2499244295 0.5818993530 0.8768720987 0.9117520586 
0.0231654752 0.3144733393 0.1958736722 0.6607886238 0.8795894809 
0.7654229148 0.1883196173 0.3966847461 0.3037425007 0.9574480495 
0.4346859375 0.3273889731 0.3697137008 0.1051629009 0.8594882298 
consumed time for generating 100000000 randoms.
BLOCK MIN:1620ms.
      AVE:1647ms.
SEQUE MIN:3780ms.
      AVE:3782ms.
total = 500013601.274244
ADD   MIN: 370ms.
      AVE: 376ms.
total = 1000000000.000000
