generated randoms [0,1)
0.62964490895906966017 0.08832263660017791729 0.71484082950776084431 
0.34723448664590428336 0.08670820471739615343 0.54502234309602903828 
0.80837249203499617067 0.89491832289893324948 0.28735056396450397997 
0.94561878761499817969 0.47009014399927040451 0.87652339776093568524 
0.94013870585172409911 0.42641486146137697055 0.05505504025341445562 
0.80813570611012686129 0.53620654250242294481 0.01740087889619212902 
0.97209223938796651687 0.16785083009760604078 0.96371788081758857913 
0.12760452285570633713 0.94174563886645445976 0.44347327996967078612 
0.03348998024457761069 0.85921513162510909645 0.59748828078487981053 
0.18444814536626741308 0.58786096386052011376 0.45676282262048784055 
0.16938472276241611780 0.63664006230851644119 0.10324973381043278664 
0.70488579061995704222 0.76782369224692637033 0.19378011353195190303 
0.96853966723972040320 0.26493352823786464612 0.79913643013726876063 
0.93041285094716497106 0.02794003165425684720 0.16720492648359308596 
0.37886496641001943253 0.90790329491479782043 0.10410153856095383240 
0.13537004214815073766 0.51186892026279751100 0.10563707125738619474 
0.71903791665115179832 0.20361871691804567241 0.69138752208328368987 
0.33268670542735234719 0.37497235194602662745 0.36299920524087370133 
0.85807447252557178530 0.93333773645463979918 0.40625208556854475184 
0.76710246155537809010 0.26811704816087855718 0.38609050453514104362 
0.82961781832943470860 0.46222467086084551013 0.28180456417566968064 
0.11069263265952122843 0.85689707905354595141 0.27294973720384896332 
0.62075830952485477887 0.73979742279313254194 0.00105748161504548577 
0.73010433355972814695 0.62092859308484782410 0.11189687590003538631 
0.14029317790100570562 0.68670686259168567389 0.81022506482485678880 
0.81621393082809245989 0.99480404645380082762 0.89735621921214137053 
0.81401766425582300357 0.63324339092148029806 0.80337767079875632703 
0.92752000858807726047 0.31163044261092309739 0.05709118398866985800 
0.57869281782233716882 0.14733972082094548561 0.40104086179089426523 
0.83612049210912542385 0.30072102969069613998 0.76436969979364866035 
0.86231760602989493414 0.06900183344755195236 0.82139676085030988162 
0.23709946198421150143 0.74687108811688851517 0.69410746681056156859 
0.31601455443039272453 0.80018691755999382664 0.95386448115325284114 
0.64682575073746040317 0.24204526486876987157 0.93839045131005516254 
0.60311134534308386002 0.34725209951178470646 0.40120153292578364379 
0.45622217960077104948 0.94550598934378693450 0.80840514127746776474 
0.56508589943707820957 0.65410229108970785461 0.87815639382534782520 
0.85999307423288451346 0.09844480497083041293 0.48406570049244224130 
0.07177282890018399364 0.64206655659672251524 0.51616265891862944670 
0.05306667826720401493 0.34355371941379875267 0.94850809909381750273 
0.82623455347354513023 0.01904085062057458977 0.95109442729329618516 
0.51859127775623203860 0.01710359330406774347 0.69668097521875460565 
0.26465467940082820775 0.59674364730104212384 0.78963042748193035258 
0.99844047055628903919 0.65162667318016831430 0.60878842916557296405 
0.90761194129216393733 0.14186071999439153757 0.66105122145226347108 
0.09515665055173716524 0.41803683103108157937 0.55729830239545075088 
0.98504525395315445380 0.35151690068518437471 0.23980789466076091188 
0.57642533296941045329 0.38032422054160308633 0.85849084369699713015 
0.49091214793046034082 0.00769039452470510199 0.48018420690984253696 
0.99739821334378064854 0.29905147424498879083 0.19074631612767922739 
0.37382418106569592631 0.08422859661512882568 0.45981955027602849917 
0.10984251912755849112 0.61592643415930137252 0.91068134188748683933 
0.14379411712163303605 0.48110127025704230164 0.21957266114913420729 
0.34603412994623572452 0.66560647807416506438 0.10810908651276029957 
0.58487947834531595070 0.47462565992914029778 0.16847246482853805993 
0.52764702455826606453 0.59072054692147490940 0.38077479266010549885 
0.05063505243129595712 0.84540686876753712298 0.61433111837286058510 
0.43482505531986892500 0.13347981865573776972 0.00284523734661390471 
0.38254695742182853735 0.66907926608209256081 0.59491150501110823257 
0.14612660489095441463 0.19941515148916000300 0.76784015368399161083 
0.39403914007760110216 0.55545799934819606314 0.01839301942050175498 
0.68945068764652139848 0.19665579537544219946 0.34392649359985982827 
0.36767024794272717969 0.31867532238411278023 0.95110507397688870412 
0.76261637648315705462 0.69021470011952001933 0.91885973986559177362 
0.26182891240034233959 0.90412133485396317667 0.44899531068664089162 
0.56900798456361156852 0.88742016273293855555 0.33848148596194604920 
0.47603422568945852333 0.80492961534144913394 0.45807219498479834208 
0.29395446742016906327 0.92178395209477925754 0.27298354035722072197 
0.57344043005763944976 0.19969050479117722574 0.50858804861563533528 
0.84756803584067319512 0.20949251756992248730 0.31499805258992785717 
0.38187352213119574174 0.49666870787404149290 0.62502214969669389610 
0.55144882105272596817 0.41523182365620381340 0.61641284799377138448 
0.92593334890236911328 0.46164448021133153155 0.31007870459869812940 
0.26757893841231994436 0.25170601239475320909 0.85831836645208636760 
0.52970529023475987351 0.98817594063510694191 0.00433361615537886102 
0.31875703968249324838 0.87901207514959756040 0.15984592736793290513 
0.07918771515322808874 0.17264324842324052511 0.68247537437031491336 
0.35086421239639786762 0.78170611471299333850 0.58423050672121634719 
0.49623649261485569539 0.36868571399653204956 0.41665185122741377199 
0.57562189636115834723 0.55702517061604872595 0.71410385106829332713 
0.98958187499603722515 0.40383081281127308770 0.46489877458248374253 
0.16333579302534761979 0.86566712034037451851 0.95834646838234394117 
0.81269455436935333914 0.39750557698549648933 0.26845806503629021655 
0.46901806906845422418 0.85239558401629578199 0.55959219486286904122 
0.27731640099094434504 0.71243696349761465036 0.64939732820734930030 
0.44040074694257724808 0.34312962688466441818 0.97563437410138798001 
0.26920787707732340976 0.42737190435687200107 0.63021556007229317942 
0.58785892248590165821 0.82168937708009459620 0.79975433055748856859 
0.77368122720932364089 0.12512130061846304940 0.57809665729488535213 
0.67753000030136512066 0.56650964557016725287 0.20658847368193344884 
0.94103105441074852422 0.24187286273160002459 0.17112254319585096241 
0.90014370933814635833 0.17286111307675722237 0.51685200325607727478 
0.20654167741077600340 0.41471418534253201571 0.51078371855888615727 
0.83611837646063791318 0.84507568144083289319 0.95817499299805430901 
0.26961272330223873261 0.55085574650178381617 0.49366184112080202517 
0.88841980873257586637 0.19987237215210806873 0.84279165406556488804 
0.97050328308650946063 0.88842331459896373147 0.13952079737036493512 
0.51411836837956914614 0.54632394139556716972 0.68670252189644154228 
0.68048454924811019318 0.00579478704892499863 0.12182929312854984261 
0.59571650047793234251 0.63470129649840312247 0.02445413252307337970 
0.19993121060101404218 0.97681426769144885647 0.39856799594330682979 
0.52449206196878539465 0.29862281016983982518 0.58478311592499698790 
0.42299418582403136568 0.49324602143861873138 0.66934235206506587090 
0.57515038606607982175 0.07988199265564843721 0.18225009102435052455 
0.42065767738965198497 0.99263494035912658298 0.33963795426770504449 
0.43227248511420945931 0.92543237723581350807 0.56948266845939277125 
0.02034608483804167811 0.44656448027099160392 0.72664443199489947567 
0.86462854690320178896 0.34028499363342468165 0.63880506583514828911 
0.08494969144284270079 0.68756775013743287595 0.01388666272083671771 
0.92699300426506558992 0.40524203205616027290 0.55307311737871933666 
0.12398861082439260883 0.91211391860181034730 0.29055252817212262606 
0.09375976604913138779 0.32212627648781966272 0.11572686961243472403 
0.51970521367216626629 0.73090083106667358415 0.32561020588679734367 
0.09158482080806362724 0.71630481767126608084 0.51760638828487537388 
0.33492038855545303022 0.06408549955023068456 0.57540973756236568626 
0.92473991889779427744 0.86235896091513342121 0.06344649674441993348 
0.35240703948192586559 0.09301656327563700977 0.91749588161321127266 
0.07905414637295615776 0.23662159513004898947 0.80748595444884263550 
0.36460001566089816905 0.58729623200726588372 0.62779342879942290345 
0.81527439869235984737 0.05300788529198063870 0.87447296176695510361 
0.01089642537638257913 0.81795797469360342902 0.53496071951487955687 
0.70941570973665957212 0.99412439492312931755 0.03975784294907591665 
0.25983650899154953073 0.47251833659794928444 0.61122911451158734586 
0.60837921933881999870 0.09699497486565555882 0.14458513451471732836 
0.47501706850772174029 0.70613613438981470694 0.61589108826149230325 
0.57488629009206260179 0.40482466646870540750 0.72246002603898484828 
0.97950394903974324912 0.51845914651644720017 0.63888690059105357477 
0.21615059784012835564 0.82039526927500605602 0.05842971413576814044 
0.20022631308765226343 0.30053075170857512788 0.68777036833965143892 
0.77845389267635156649 0.69316287384256147774 0.51721399575361082235 
0.64960490713440544042 0.33038150041002056767 0.82454496803182664166 
0.81365617620334451665 0.99448547449817104038 0.78411189023033567302 
0.08199408051575485246 0.74995650033570293580 0.03314395521967727909 
0.92459192014887525701 0.26203363614831687300 0.11237048860224074787 
0.27433089998853166236 0.76098405475851871316 0.28788745521536207583 
0.28457487400546366274 0.77219479734416496264 0.06815104785919690045 
0.59389856410910324414 0.67565961987991407511 0.87417609890627545610 
0.97183205117029403119 0.88714553139033824891 0.49167269890694265122 
0.56383872117835531768 0.89156972247482180194 0.59152404670421376842 
0.52738592492057190242 0.19263543991761533647 0.50150534102021948613 
0.14837111360503052460 0.29795077818612014653 0.45674453159450267847 
0.69431711511343530141 0.23808653851300376481 0.55875210817209985947 
0.11467782966777395615 0.85863851558522985563 0.83809075069317162665 
0.36061398630671326337 0.40845200346294108229 0.93390941211663269783 
0.43811483017877228541 0.93004011403569153416 0.98734196407372976090 
0.62185470352637617353 0.12020775836247521440 0.87971716918001319208 
0.60894694887258848937 0.69372605440810808375 0.23381056984847714553 
0.06361082446144616931 0.49879765912659324023 0.99149867017746862174 
0.12708150053278477465 0.66993357276181764171 0.30999416575212657143 
0.58479137843759243509 0.98268495436489677886 0.74998345568912916370 
0.46631752624348443703 0.75371100002422353192 0.50030243465287882465 
0.21776804119265191773 0.20280822725328762068 0.35069567650769850609 
0.13039863897536707604 0.74436347403625546804 0.16983011809230919020 
0.26113483955616678678 0.19714624245494061228 0.36482253582239110301 
0.39875360729555331396 0.70766179713075172408 0.25623920523299870133 
0.46420440157169706730 0.61343189475655024445 0.99765643204702558755 
0.81447144876541166525 0.96458647169759137441 0.49482289670833701223 
0.41182516005715430474 0.42531305456120538366 0.42112071889475233277 
0.16517416498393111546 0.65148193678850785382 0.04426034775205178740 
0.50294522736525859585 0.29127681857092957429 0.95281572479032994316 
0.57233272639652255087 0.76234486360955688866 0.15510618554596300456 
0.85607347794691412979 0.97165372112890269207 0.08379297097233617819 
0.75917800896272003008 0.23529005438220873536 0.75056292417245007442 
0.45852799723656123554 0.43212319939891719045 0.35128541061604390272 
0.91910273730480529508 0.18848752982530503353 0.37203627330721555921 
0.39638435168802343966 0.33666120480858241493 0.35456883193563104584 
0.65498849731402986052 0.90184502917695086310 0.99756516030450992361 
0.22270498901602064912 0.17081773392846621995 0.28631619114706219342 
0.14514894982833959070 0.42924887883201034988 0.71325212405747540068 
0.51503993167296480138 0.25977220208328910545 0.01075995875723223527 
0.72500857413718189370 0.79313704068850721107 0.88210686774135260713 
0.96603328305408053822 0.28332768009265052456 0.71353955418995429483 
0.60215115294152266046 0.95635873438838125971 0.27588365223870070508 
0.36603169167780480464 0.81687046671127006015 0.61815335217022160386 
0.66802820100545656778 0.93781647376676402494 0.09548090449907276067 
0.11750753498863897306 0.68889201778586706126 0.80185563536257742356 
0.38738219500193560307 0.53867182314029360413 0.29765537779875805846 
0.14718842400025700101 0.06016371929778419059 0.40821624180180737795 
0.59516155741881737740 0.51745631515812329226 0.69876642552184020651 
0.10979628929700457896 0.27020299417611570725 0.64945862140124654971 
0.20697081621924184880 0.27962172239614480063 0.94369592921589040557 
0.56896311609421590383 0.59532132244039770441 0.77689207430069573412 
0.49078535238904019700 0.48665870954150403094 0.03986942434910867306 
0.73209757260258068179 0.94642407593884847472 0.25149381222576638883 
0.88100515753261143814 0.01398179545035205251 0.85274211359047646930 
0.19956863597908713892 0.46951952908739813530 0.27127980214543345738 
0.50638949249053433199 0.22391383184205504442 0.66655490365452640944 
0.36668647000332632580 0.45849776556376786729 0.50050525163936843143 
0.65378418028933582562 0.52209326824181312432 0.73026064266477308529 
0.63056156094418214231 0.37494184434604149736 0.75552503286218497536 
0.53568317762574513274 0.91506620944134642315 0.29019681767993366073 
0.04387507995881056999 0.84412901451047051005 0.03188141425284629626 
0.00659218785548287833 0.47574726606703054976 0.18932835716971574413 
0.44929444096762405358 0.36301442051014753964 0.57797507743609832787 
0.68936457119284577644 0.19300839059772534334 0.88963051012742511148 
0.57483611023797043238 0.31917977730117930157 0.99647885497156996060 
0.52949404541354527787 0.05326809885662275867 0.05809572462920686853 
0.31626758216497630194 0.83812906035861778342 0.77401858513310517473 
0.74457763564150236668 0.68214936885717447623 0.63750773686871986534 
0.89274981122276320100 0.31328351142948451802 0.80549011105862322601 
0.37713216922029024758 0.60977908367537070333 0.59176670196132863389 
0.36207769276527290714 0.21260017470485537139 0.99220593876902341002 
0.29165753308317610148 0.54648192250561233863 0.67043648450919968163 
0.61032690831939584442 0.84362801777894613764 0.39250039315941731566 
0.10192755088456295631 0.40073261474428156781 0.93539430680356905334 
0.31845110247554564431 0.64237332184679352132 0.09827188194816449673 
0.71784782310519990034 0.41610767281020999420 0.44495540779419973099 
0.97422718759643922581 0.31344441264484568244 0.44349774542416176004 
0.85958924842515993525 0.09369684776524556113 0.15924593412076237797 
0.32091841558110068000 0.21400146760813631985 0.49192566677354876425 
0.27804142749311089311 0.52555222999555373242 0.11960452580469893569 
0.88110026038278776994 0.89666183638705576620 0.93338056988211004494 
0.81921625651317664385 0.76207279454747700598 0.73310605380995363944 
0.10458266109424241286 0.91781873801908187005 0.99497102071114995603 
0.23955002677516445964 0.33193182720724290213 0.40668587986501147924 
0.71160223948801260008 0.52135641706374014070 0.50495141545783073234 
0.24368917291020775195 0.03029526703465035276 0.48049499741427004196 
0.96187432690300478377 0.37359643291970967560 0.92807368570529380492 
0.68533134947864704500 0.08531561640267648627 0.07509717721019071313 
0.23035480378903239185 0.72892196772401773863 0.21652227902725518227 
0.61609019795849251366 0.80488499696333248856 0.53697553764983085856 
0.39582185295103466949 0.55419073350164538283 0.86063688125247272964 
0.33228540879889645332 0.05110015692965119705 0.87381884900371398217 
0.80102099073130927920 0.35827840090482099278 0.34384755056103233350 
0.55629052222303476682 0.11163460272474767798 0.64660625220998646512 
0.34580974013953058588 0.42960334526962373758 0.74819261769398237583 
0.27367985034069475248 0.00442805071882790280 0.99390965419822285831 
0.13831845278320575865 0.15692531016409638767 0.78211728969456739691 
0.97018545109569109819 0.25703769707039403336 0.20015600426567781156 
0.29466590495007327632 0.98811868333857888480 0.20656096166103843359 
0.54912072494111296983 0.05687812171818462659 0.72148435589058057538 
0.49108708156724700800 0.30780336539270591878 0.02858735484685848149 
0.52481108935775289126 0.55727667714765227736 0.32562402213305641219 
0.10038833629679078108 0.57600478876894301017 0.02986918114112868672 
0.61006417257859424375 0.10530216960779381630 0.08400708211068397269 
0.69270990138712451589 0.74085901083129157563 0.06514323913193131865 
0.08645397017925127159 0.71368485089005662125 0.44554819294512948424 
0.55821351727556844935 0.06160558346827182952 0.43268404119826819887 
0.43828230222910780078 0.82565552372659323233 0.28522016722023213475 
0.02482011064373867981 0.57792617983864924547 0.49483471988269589481 
0.35415969197684060710 0.98441780771368048164 0.59395864052543512202 
0.13575288443801158955 0.82335737791609853176 0.87486939044732880966 
0.33034088210359935367 0.19687669621445524903 0.49660705243383995722 
0.45309283897543672914 0.92308810135603169833 0.10883990992658709729 
0.67943670884891327333 0.15434819884573114379 0.92270064838203236235 
0.81437618400911282457 0.18386707234049515236 0.71403734493430759400 
0.40670925624807208187 0.72719460533848279127 0.59182151139371685922 
0.08889009502752842629 0.77110208298188553933 0.67411192162293520624 
0.38079889563835900290 0.02369644995954844902 0.50261219566780468426 
0.84956416658568323363 0.60689353359956665912 0.35650009083821099232 
0.71510874674702762377 0.06497776802989485567 0.91086483138723228770 
0.64519300759365938447 0.60301345172384634985 0.09979205931682777475 
0.67969365798267267209 0.94557313687688338000 0.53525448822859811315 
0.99332088981215149737 0.13830501456475752242 0.45449508282602790743 
0.25568836398846772617 0.70443890834819389291 0.89061184134001658563 
0.25816340395716719236 0.56107595412689681424 0.81169147528047691509 
0.54056116940808740523 0.60380809189931872183 0.40860080527619668800 
0.24949916486437140328 0.99804195335009127099 0.43102421322764405964 
0.25934858823362105795 0.62535153894163331145 0.34786804491637512982 
0.66019470316897033157 0.88614146006738403472 0.29315400698811067137 
0.87127143273577023486 0.59152480615764524430 0.02760716378496619328 
0.18164625155325198058 0.22302192238111473443 0.27841356341353851178 
0.38149976687877251713 0.75516749665522242552 0.99064101193286213665 
0.21890441559799467264 0.39676232155852431127 0.71217555331200865787 
0.24241583609025685320 0.89173556147714605480 0.06522570604237576397 
0.74441073188683892781 0.67585220763686515433 0.48283755275720174893 
0.91710864873236497274 0.68227011456341069007 0.46783868231260905546 
0.62571635949462600657 0.83107794341507412739 0.39391337051993002838 
0.81573450372748657067 0.44944367823543873719 0.13870804455384488918 
0.63802670500078018101 0.79061029240425217957 0.00415607625241398715 
0.59542833450951460073 0.31618138146683238965 0.18182058523730160182 
0.72576914775921896883 0.56890831648268935794 0.97003638311755602253 
0.86837576155431550617 0.23677077373818011807 0.30634456567706536134 
0.41593208893491362410 0.36421576847619774320 0.76530318059859436808 
0.98953059224169770403 0.56172227714639033636 0.94136209325235831180 
0.61285428625132642999 0.96265462290748615715 0.49114136427471910551 
0.23514902181036134721 0.69841745240562969066 0.33816340136314848586 
0.19137013766205090981 0.05375912918555725284 0.96015754220678584119 
0.16593979682076187565 0.93598996539205470135 0.64164481790882255119 
0.33164355322054017705 0.89860401227500674715 0.91555343931046739847 
0.88925154455129118425 0.06238413745154947065 0.06685376332962089663 
0.42376932724518612261 0.08774043483003546307 0.83057286562221044335 
0.32658731791608008876 0.13127054720613373640 0.82198381263096131910 
0.71958960702546104216 0.88573750609997992100 0.35271505128648805716 
0.05636917665241458764 0.46384334543036720433 0.36027041652597890931 
0.93780576170528973101 0.69371122890781689030 0.60452349950328665429 
0.89672967363528544027 0.43989534865975743472 0.85329359493616996346 
0.14728146941645614554 0.20972327140466950901 0.51667547945326353087 
0.79653277274021916377 0.99923391874914568866 0.10263704559828967788 
0.37772894480733909539 0.90499264959536063202 0.43531851278317712506 
0.58423754086942580876 0.79346469019208520912 0.66617934743742246440 
0.51736571339992898366 0.60364863721448913658 0.33628574392704568830 
0.96497320394158769830 0.31846773867738309427 0.23850944475489299634 
0.94067286776373659762 0.59921693045569957015 0.04817832203627148147 
0.32163883432291373587 0.39973486529666901745 0.59928003123446904610 
0.22632202826531311324 0.55755585242286187508 0.79166383798788841908 
0.17344111667837669444 0.80963829464137004877 0.08845997125685101103 
0.68263883439107719830 0.24236540814434759383 0.69585596802523697058 
0.35249107467897000667 0.75732635773056844464 0.30471442977206608660 
0.26085487720580968762 0.99274763712412861238 0.76899630375124483628 
0.68683615526806862661 0.45031573980039052429 0.61163868017965494772 
0.56633188370793541289 0.20189897222597630311 0.10104135175458850426 
0.52801643718061042065 0.55608030043809342224 0.01582117271708871620 
0.64953288357474070480 0.71056901578603515190 0.89819830361896935145 
0.00396441877523034947 0.14144385510773949122 0.17244912669036516206 
0.90079585940918738274 0.14650638656306758101 0.80560731097841054016 
0.63301291820082217221 0.44211781930773530469 0.75291241013910958912 
0.32446592413497343799 0.10225490245285806523 0.65328518586835837567 
0.67834997827533705106 0.47295367291278034294 0.57806824356877184456 
0.61782440954243544873 0.32746322265767724424 0.26129997215167177771 
0.48254010491791676785 0.10541413228087037623 0.60394584229347780813 
0.47900050138893091045 0.05933816003136138661 0.74862616694940631312 
0.05975639131966259399 0.13503614197028368515 0.23180001060582933192 
0.70333563190778636276 0.14376516435424768758 0.56002180290812564323 
0.23719569374203430812 0.52993368390010364699 0.68810636783111100989 
0.70322640313133688572 0.41263621761413893374 0.77231909724305602971 
0.74978531498231548724 0.43454129114429784764 0.73250590338449583783 
0.16395546652817349909 0.42106274336759530463 0.90605364704359381278 
0.24764635792360145672 0.88026441881930250766 0.33486706928049381204 
0.02036918821462130325 0.44983543073887122254 0.89139243265238499170 
0.55714862574332646439 0.16372719759067022594 0.02952774088876486402 
0.40736292619373437596 0.84431091262663038322 0.76333804169863372913 
0.72168326952090144921 0.70388572041550556690 0.62859864139920862414 
0.59042675050942672321 0.38793255298930362507 0.89768049582635889294 
0.61989388634455266924 0.11847061010002346571 0.80848862855921055370 
0.63012204743271915675 0.39217692378776591866 0.81127525837520475527 
0.81480090207344568753 0.40960859079426170659 0.28506349888075477317 
0.35248523901287809323 0.03735259911254229515 0.25533097879194599500 
0.15292222524982745924 0.78998128313786275534 0.45948634299097323996 
0.67436859528516079898 0.29235131277353643142 0.24776887466017050166 
0.05717723986988376694 0.63431377145802581019 0.70090979158639954427 
0.18198820475724830636 0.21527074608219853857 0.74823704924326905896 
0.79108534711375866344 0.15162528324297475102 0.33874277970840593888 
0.25451161854959258868 
generated randoms (0, 1]
0.37035509104093033983 0.91167736339982208271 0.28515917049223915569 
0.65276551335409571664 0.91329179528260384657 0.45497765690397096172 
0.19162750796500382933 0.10508167710106675052 0.71264943603549602003 
0.05438121238500182031 0.52990985600072959549 0.12347660223906431476 
0.05986129414827590089 0.57358513853862302945 0.94494495974658554438 
0.19186429388987313871 0.46379345749757705519 0.98259912110380787098 
0.02790776061203348313 0.83214916990239395922 0.03628211918241142087 
0.87239547714429366287 0.05825436113354554024 0.55652672003032921388 
0.96651001975542238931 0.14078486837489090355 0.40251171921512018947 
0.81555185463373258692 0.41213903613947988624 0.54323717737951215945 
0.83061527723758388220 0.36335993769148355881 0.89675026618956721336 
0.29511420938004295778 0.23217630775307362967 0.80621988646804809697 
0.03146033276027959680 0.73506647176213535388 0.20086356986273123937 
0.06958714905283502894 0.97205996834574315280 0.83279507351640691404 
0.62113503358998056747 0.09209670508520217957 0.89589846143904616760 
0.86462995785184926234 0.48813107973720248900 0.89436292874261380526 
0.28096208334884820168 0.79638128308195432759 0.30861247791671631013 
0.66731329457264765281 0.62502764805397337255 0.63700079475912629867 
0.14192552747442821470 0.06666226354536020082 0.59374791443145524816 
0.23289753844462190990 0.73188295183912144282 0.61390949546485895638 
0.17038218167056529140 0.53777532913915448987 0.71819543582433031936 
0.88930736734047877157 0.14310292094645404859 0.72705026279615103668 
0.37924169047514522113 0.26020257720686745806 0.99894251838495451423 
0.26989566644027185305 0.37907140691515217590 0.88810312409996461369 
0.85970682209899429438 0.31329313740831432611 0.18977493517514321120 
0.18378606917190754011 0.00519595354619917238 0.10264378078785862947 
0.18598233574417699643 0.36675660907851970194 0.19662232920124367297 
0.07247999141192273953 0.68836955738907690261 0.94290881601133014200 
0.42130718217766283118 0.85266027917905451439 0.59895913820910573477 
0.16387950789087457615 0.69927897030930386002 0.23563030020635133965 
0.13768239397010506586 0.93099816655244804764 0.17860323914969011838 
0.76290053801578849857 0.25312891188311148483 0.30589253318943843141 
0.68398544556960727547 0.19981308244000617336 0.04613551884674715886 
0.35317424926253959683 0.75795473513123012843 0.06160954868994483746 
0.39688865465691613998 0.65274790048821529354 0.59879846707421635621 
0.54377782039922895052 0.05449401065621306550 0.19159485872253223526 
0.43491410056292179043 0.34589770891029214539 0.12184360617465217480 
0.14000692576711548654 0.90155519502916958707 0.51593429950755775870 
0.92822717109981600636 0.35793344340327748476 0.48383734108137055330 
0.94693332173279598507 0.65644628058620124733 0.05149190090618249727 
0.17376544652645486977 0.98095914937942541023 0.04890557270670381484 
0.48140872224376796140 0.98289640669593225653 0.30331902478124539435 
0.73534532059917179225 0.40325635269895787616 0.21036957251806964742 
0.00155952944371096081 0.34837332681983168570 0.39121157083442703595 
0.09238805870783606267 0.85813928000560846243 0.33894877854773652892 
0.90484334944826283476 0.58196316896891842063 0.44270169760454924912 
0.01495474604684554620 0.64848309931481562529 0.76019210533923908812 
0.42357466703058954671 0.61967577945839691367 0.14150915630300286985 
0.50908785206953965918 0.99230960547529489801 0.51981579309015746304 
0.00260178665621935146 0.70094852575501120917 0.80925368387232077261 
0.62617581893430407369 0.91577140338487117432 0.54018044972397150083 
0.89015748087244150888 0.38407356584069862748 0.08931865811251316067 
0.85620588287836696395 0.51889872974295769836 0.78042733885086579271 
0.65396587005376427548 0.33439352192583493562 0.89189091348723970043 
0.41512052165468404930 0.52537434007085970222 0.83152753517146194007 
0.47235297544173393547 0.40927945307852509060 0.61922520733989450115 
0.94936494756870404288 0.15459313123246287702 0.38566888162713941490 
0.56517494468013107500 0.86652018134426223028 0.99715476265338609529 
0.61745304257817146265 0.33092073391790743919 0.40508849498889176743 
0.85387339510904558537 0.80058484851083999700 0.23215984631600838917 
0.60596085992239889784 0.44454200065180393686 0.98160698057949824502 
0.31054931235347860152 0.80334420462455780054 0.65607350640014017173 
0.63232975205727282031 0.68132467761588721977 0.04889492602311129588 
0.23738362351684294538 0.30978529988047998067 0.08114026013440822638 
0.73817108759965766041 0.09587866514603682333 0.55100468931335910838 
0.43099201543638843148 0.11257983726706144445 0.66151851403805395080 
0.52396577431054147667 0.19507038465855086606 0.54192780501520165792 
0.70604553257983093673 0.07821604790522074246 0.72701645964277927803 
0.42655956994236055024 0.80030949520882277426 0.49141195138436466472 
0.15243196415932680488 0.79050748243007751270 0.68500194741007214283 
0.61812647786880425826 0.50333129212595850710 0.37497785030330610390 
0.44855117894727403183 0.58476817634379618660 0.38358715200622861552 
0.07406665109763088672 0.53835551978866846845 0.68992129540130187060 
0.73242106158768005564 0.74829398760524679091 0.14168163354791363240 
0.47029470976524012649 0.01182405936489305809 0.99566638384462113898 
0.68124296031750675162 0.12098792485040243960 0.84015407263206709487 
0.92081228484677191126 0.82735675157675947489 0.31752462562968508664 
0.64913578760360213238 0.21829388528700666150 0.41576949327878365281 
0.50376350738514430461 0.63131428600346795044 0.58334814877258622801 
0.42437810363884165277 0.44297482938395127405 0.28589614893170667287 
0.01041812500396277485 0.59616918718872691230 0.53510122541751625747 
0.83666420697465238021 0.13433287965962548149 0.04165353161765605883 
0.18730544563064666086 0.60249442301450351067 0.73154193496370978345 
0.53098193093154577582 0.14760441598370421801 0.44040780513713095878 
0.72268359900905565496 0.28756303650238534964 0.35060267179265069970 
0.55959925305742275192 0.65687037311533558182 0.02436562589861201999 
0.73079212292267659024 0.57262809564312799893 0.36978443992770682058 
0.41214107751409834179 0.17831062291990540380 0.20024566944251143141 
0.22631877279067635911 0.87487869938153695060 0.42190334270511464787 
0.32246999969863487934 0.43349035442983274713 0.79341152631806655116 
0.05896894558925147578 0.75812713726839997541 0.82887745680414903759 
0.09985629066185364167 0.82713888692324277763 0.48314799674392272522 
0.79345832258922399660 0.58528581465746798429 0.48921628144111384273 
0.16388162353936208682 0.15492431855916710681 0.04182500700194569099 
0.73038727669776126739 0.44914425349821618383 0.50633815887919797483 
0.11158019126742413363 0.80012762784789193127 0.15720834593443511196 
0.02949671691349053937 0.11157668540103626853 0.86047920262963506488 
0.48588163162043085386 0.45367605860443283028 0.31329747810355845772 
0.31951545075188980682 0.99420521295107500137 0.87817070687145015739 
0.40428349952206765749 0.36529870350159687753 0.97554586747692662030 
0.80006878939898595782 0.02318573230855114353 0.60143200405669317021 
0.47550793803121460535 0.70137718983016017482 0.41521688407500301210 
0.57700581417596863432 0.50675397856138126862 0.33065764793493412910 
0.42484961393392017825 0.92011800734435156279 0.81774990897564947545 
0.57934232261034801503 0.00736505964087341702 0.66036204573229495551 
0.56772751488579054069 0.07456762276418649193 0.43051733154060722875 
0.97965391516195832189 0.55343551972900839608 0.27335556800510052433 
0.13537145309679821104 0.65971500636657531835 0.36119493416485171089 
0.91505030855715729921 0.31243224986256712405 0.98611333727916328229 
0.07300699573493441008 0.59475796794383972710 0.44692688262128066334 
0.87601138917560739117 0.08788608139818965270 0.70944747182787737394 
0.90624023395086861221 0.67787372351218033728 0.88427313038756527597 
0.48029478632783373371 0.26909916893332641585 0.67438979411320265633 
0.90841517919193637276 0.28369518232873391916 0.48239361171512462612 
0.66507961144454696978 0.93591450044976931544 0.42459026243763431374 
0.07526008110220572256 0.13764103908486657879 0.93655350325558006652 
0.64759296051807413441 0.90698343672436299023 0.08250411838678872734 
0.92094585362704384224 0.76337840486995101053 0.19251404555115736450 
0.63539998433910183095 0.41270376799273411628 0.37220657120057709655 
0.18472560130764015263 0.94699211470801936130 0.12552703823304489639 
0.98910357462361742087 0.18204202530639657098 0.46503928048512044313 
0.29058429026334042788 0.00587560507687068245 0.96024215705092408335 
0.74016349100845046927 0.52748166340205071556 0.38877088548841265414 
0.39162078066118000130 0.90300502513434444118 0.85541486548528267164 
0.52498293149227825971 0.29386386561018529306 0.38410891173850769675 
0.42511370990793739821 0.59517533353129459250 0.27753997396101515172 
0.02049605096025675088 0.48154085348355279983 0.36111309940894642523 
0.78384940215987164436 0.17960473072499394398 0.94157028586423185956 
0.79977368691234773657 0.69946924829142487212 0.31222963166034856108 
0.22154610732364843351 0.30683712615743852226 0.48278600424638917765 
0.35039509286559455958 0.66961849958997943233 0.17545503196817335834 
0.18634382379665548335 0.00551452550182895962 0.21588810976966432698 
0.91800591948424514754 0.25004349966429706420 0.96685604478032272091 
0.07540807985112474299 0.73796636385168312700 0.88762951139775925213 
0.72566910001146833764 0.23901594524148128684 0.71211254478463792417 
0.71542512599453633726 0.22780520265583503736 0.93184895214080309955 
0.40610143589089675586 0.32434038012008592489 0.12582390109372454390 
0.02816794882970596881 0.11285446860966175109 0.50832730109305734878 
0.43616127882164468232 0.10843027752517819806 0.40847595329578623158 
0.47261407507942809758 0.80736456008238466353 0.49849465897978051387 
0.85162888639496947540 0.70204922181387985347 0.54325546840549732153 
0.30568288488656469859 0.76191346148699623519 0.44124789182790014053 
0.88532217033222604385 0.14136148441477014437 0.16190924930682837335 
0.63938601369328673663 0.59154799653705891771 0.06609058788336730217 
0.56188516982122771459 0.06995988596430846584 0.01265803592627023910 
0.37814529647362382647 0.87979224163752478560 0.12028283081998680792 
0.39105305112741151063 0.30627394559189191625 0.76618943015152285447 
0.93638917553855383069 0.50120234087340675977 0.00850132982253137826 
0.87291849946721522535 0.33006642723818235829 0.69000583424787342857 
0.41520862156240756491 0.01731504563510322114 0.25001654431087083630 
0.53368247375651556297 0.24628899997577646808 0.49969756534712117535 
0.78223195880734808227 0.79719177274671237932 0.64930432349230149391 
0.86960136102463292396 0.25563652596374453196 0.83016988190769080980 
0.73886516044383321322 0.80285375754505938772 0.63517746417760889699 
0.60124639270444668604 0.29233820286924827592 0.74376079476700129867 
0.53579559842830293270 0.38656810524344975555 0.00234356795297441245 
0.18552855123458833475 0.03541352830240862559 0.50517710329166298777 
0.58817483994284569526 0.57468694543879461634 0.57887928110524766723 
0.83482583501606888454 0.34851806321149214618 0.95573965224794821260 
0.49705477263474140415 0.70872318142907042571 0.04718427520967005684 
0.42766727360347744913 0.23765513639044311134 0.84489381445403699544 
0.14392652205308587021 0.02834627887109730793 0.91620702902766382181 
0.24082199103727996992 0.76470994561779126464 0.24943707582754992558 
0.54147200276343876446 0.56787680060108280955 0.64871458938395609728 
0.08089726269519470492 0.81151247017469496647 0.62796372669278444079 
0.60361564831197656034 0.66333879519141758507 0.64543116806436895416 
0.34501150268597013948 0.09815497082304913690 0.00243483969549007639 
0.77729501098397935088 0.82918226607153378005 0.71368380885293780658 
0.85485105017166040930 0.57075112116798965012 0.28674787594252459932 
0.48496006832703519862 0.74022779791671089455 0.98924004124276776473 
0.27499142586281810630 0.20686295931149278893 0.11789313225864739287 
0.03396671694591946178 0.71667231990734947544 0.28646044581004570517 
0.39784884705847733954 0.04364126561161874029 0.72411634776129929492 
0.63396830832219519536 0.18312953328872993985 0.38184664782977839614 
0.33197179899454343222 0.06218352623323597506 0.90451909550092723933 
0.88249246501136102694 0.31110798221413293874 0.19814436463742257644 
0.61261780499806439693 0.46132817685970639587 0.70234462220124194154 
0.85281157599974299899 0.93983628070221580941 0.59178375819819262205 
0.40483844258118262260 0.48254368484187670774 0.30123357447815979349 
0.89020371070299542104 0.72979700582388429275 0.35054137859875345029 
0.79302918378075815120 0.72037827760385519937 0.05630407078410959443 
0.43103688390578409617 0.40467867755960229559 0.22310792569930426588 
0.50921464761095980300 0.51334129045849596906 0.96013057565089132694 
0.26790242739741931821 0.05357592406115152528 0.74850618777423361117 
0.11899484246738856186 0.98601820454964794749 0.14725788640952353070 
0.80043136402091286108 0.53048047091260186470 0.72872019785456654262 
0.49361050750946566801 0.77608616815794495558 0.33344509634547359056 
0.63331352999667367420 0.54150223443623213271 0.49949474836063156857 
0.34621581971066417438 0.47790673175818687568 0.26973935733522691471 
0.36943843905581785769 0.62505815565395850264 0.24447496713781502464 
0.46431682237425486726 0.08493379055865357685 0.70980318232006633927 
0.95612492004118943001 0.15587098548952948995 0.96811858574715370374 
0.99340781214451712167 0.52425273393296945024 0.81067164283028425587 
0.55070555903237594642 0.63698557948985246036 0.42202492256390167213 
0.31063542880715422356 0.80699160940227465666 0.11036948987257488852 
0.42516388976202956762 0.68082022269882069843 0.00352114502843003940 
0.47050595458645472213 0.94673190114337724133 0.94190427537079313147 
0.68373241783502369806 0.16187093964138221658 0.22598141486689482527 
0.25542236435849763332 0.31785063114282552377 0.36249226313128013466 
0.10725018877723679900 0.68671648857051548198 0.19450988894137677399 
0.62286783077970975242 0.39022091632462929667 0.40823329803867136611 
0.63792230723472709286 0.78739982529514462861 0.00779406123097658998 
0.70834246691682389852 0.45351807749438766137 0.32956351549080031837 
0.38967309168060415558 0.15637198222105386236 0.60749960684058268434 
0.89807244911543704369 0.59926738525571843219 0.06460569319643094666 
0.68154889752445435569 0.35762667815320647868 0.90172811805183550327 
0.28215217689480009966 0.58389232718979000580 0.55504459220580026901 
0.02577281240356077419 0.68655558735515431756 0.55650225457583823996 
0.14041075157484006475 0.90630315223475443887 0.84075406587923762203 
0.67908158441889932000 0.78599853239186368015 0.50807433322645123575 
0.72195857250688910689 0.47444777000444626758 0.88039547419530106431 
0.11889973961721223006 0.10333816361294423380 0.06661943011788995506 
0.18078374348682335615 0.23792720545252299402 0.26689394619004636056 
0.89541733890575758714 0.08218126198091812995 0.00502897928885004397 
0.76044997322483554036 0.66806817279275709787 0.59331412013498852076 
0.28839776051198739992 0.47864358293625985930 0.49504858454216926766 
0.75631082708979224805 0.96970473296534964724 0.51950500258572995804 
0.03812567309699521623 0.62640356708029032440 0.07192631429470619508 
0.31466865052135295500 0.91468438359732351373 0.92490282278980928687 
0.76964519621096760815 0.27107803227598226137 0.78347772097274481773 
0.38390980204150748634 0.19511500303666751144 0.46302446235016914144 
0.60417814704896533051 0.44580926649835461717 0.13936311874752727036 
0.66771459120110354668 0.94889984307034880295 0.12618115099628601783 
0.19897900926869072080 0.64172159909517900722 0.65615244943896766650 
0.44370947777696523318 0.88836539727525232202 0.35339374779001353488 
0.65419025986046941412 0.57039665473037626242 0.25180738230601762417 
0.72632014965930524752 0.99557194928117209720 0.00609034580177714169 
0.86168154721679424135 0.84307468983590361233 0.21788271030543260309 
0.02981454890430890181 0.74296230292960596664 0.79984399573432218844 
0.70533409504992672368 0.01188131666142111520 0.79343903833896156641 
0.45087927505888703017 0.94312187828181537341 0.27851564410941942462 
0.50891291843275299200 0.69219663460729408122 0.97141264515314151851 
0.47518891064224710874 0.44272332285234772264 0.67437597786694358781 
0.89961166370320921892 0.42399521123105698983 0.97013081885887131328 
0.38993582742140575625 0.89469783039220618370 0.91599291788931602731 
0.30729009861287548411 0.25914098916870842437 0.93485676086806868135 
0.91354602982074872841 0.28631514910994337875 0.55445180705487051576 
0.44178648272443155065 0.93839441653172817048 0.56731595880173180113 
0.56171769777089219922 0.17434447627340676767 0.71477983277976786525 
0.97517988935626132019 0.42207382016135075453 0.50516528011730410519 
0.64584030802315939290 0.01558219228631951836 0.40604135947456487798 
0.86424711556198841045 0.17664262208390146824 0.12513060955267119034 
0.66965911789640064633 0.80312330378554475097 0.50339294756616004278 
0.54690716102456327086 0.07691189864396830167 0.89116009007341290271 
0.32056329115108672667 0.84565180115426885621 0.07729935161796763765 
0.18562381599088717543 0.81613292765950484764 0.28596265506569240600 
0.59329074375192791813 0.27280539466151720873 0.40817848860628314078 
0.91110990497247157371 0.22889791701811446067 0.32588807837706479376 
0.61920110436164099710 0.97630355004045155098 0.49738780433219531574 
0.15043583341431676637 0.39310646640043334088 0.64349990916178900768 
0.28489125325297237623 0.93502223197010514433 0.08913516861276771230 
0.35480699240634061553 0.39698654827615365015 0.90020794068317222525 
0.32030634201732732791 0.05442686312311662000 0.46474551177140188685 
0.00667911018784850263 0.86169498543524247758 0.54550491717397209257 
0.74431163601153227383 0.29556109165180610709 0.10938815865998341437 
0.74183659604283280764 0.43892404587310318576 0.18830852471952308491 
0.45943883059191259477 0.39619190810068127817 0.59139919472380331200 
0.75050083513562859672 0.00195804664990872901 0.56897578677235594036 
0.74065141176637894205 0.37464846105836668855 0.65213195508362487018 
0.33980529683102966843 0.11385853993261596528 0.70684599301188932863 
0.12872856726422976514 0.40847519384235475570 0.97239283621503380672 
0.81835374844674801942 0.77697807761888526557 0.72158643658646148822 
0.61850023312122748287 0.24483250334477757448 0.00935898806713786335 
0.78109558440200532736 0.60323767844147568873 0.28782444668799134213 
0.75758416390974314680 0.10826443852285394520 0.93477429395762423603 
0.25558926811316107219 0.32414779236313484567 0.51716244724279825107 
0.08289135126763502726 0.31772988543658930993 0.53216131768739094454 
0.37428364050537399343 0.16892205658492587261 0.60608662948006997162 
0.18426549627251342933 0.55055632176456126281 0.86129195544615511082 
0.36197329499921981899 0.20938970759574782043 0.99584392374758601285 
0.40457166549048539927 0.68381861853316761035 0.81817941476269839818 
0.27423085224078103117 0.43109168351731064206 0.02996361688244397747 
0.13162423844568449383 0.76322922626181988193 0.69365543432293463866 
0.58406791106508637590 0.63578423152380225680 0.23469681940140563192 
0.01046940775830229597 0.43827772285360966364 0.05863790674764168820 
0.38714571374867357001 0.03734537709251384285 0.50885863572528089449 
0.76485097818963865279 0.30158254759437030934 0.66183659863685151414 
0.80862986233794909019 0.94624087081444274716 0.03984245779321415881 
0.83406020317923812435 0.06401003460794529865 0.35835518209117744881 
0.66835644677945982295 0.10139598772499325285 0.08444656068953260153 
0.11074845544870881575 0.93761586254845052935 0.93314623667037910337 
0.57623067275481387739 0.91225956516996453693 0.16942713437778955665 
0.67341268208391991124 0.86872945279386626360 0.17801618736903868090 
0.28041039297453895784 0.11426249390002007900 0.64728494871351194284 
0.94363082334758541236 0.53615665456963279567 0.63972958347402109069 
0.06219423829471026899 0.30628877109218310970 0.39547650049671334571 
0.10327032636471455973 0.56010465134024256528 0.14670640506383003654 
0.85271853058354385446 0.79027672859533049099 0.48332452054673646913 
0.20346722725978083623 0.00076608125085431134 0.89736295440171032212 
0.62227105519266090461 0.09500735040463936798 0.56468148721682287494 
0.41576245913057419124 0.20653530980791479088 0.33382065256257753560 
0.48263428660007101634 0.39635136278551086342 0.66371425607295431170 
0.03502679605841230170 0.68153226132261690573 0.76149055524510700366 
0.05932713223626340238 0.40078306954430042985 0.95182167796372851853 
0.67836116567708626413 0.60026513470333098255 0.40071996876553095390 
0.77367797173468688676 0.44244414757713812492 0.20833616201211158092 
0.82655888332162330556 0.19036170535862995123 0.91154002874314898897 
0.31736116560892280170 0.75763459185565240617 0.30414403197476302942 
0.64750892532102999333 0.24267364226943155536 0.69528557022793391340 
0.73914512279419031238 0.00725236287587138762 0.23100369624875516372 
0.31316384473193137339 0.54968426019960947571 0.38836131982034505228 
0.43366811629206458711 0.79810102777402369689 0.89895864824541149574 
0.47198356281938957935 0.44391969956190657776 0.98417882728291128380 
0.35046711642525929520 0.28943098421396484810 0.10180169638103064855 
0.99603558122476965053 0.85855614489226050878 0.82755087330963483794 
0.09920414059081261726 0.85349361343693241899 0.19439268902158945984 
0.36698708179917782779 0.55788218069226469531 0.24708758986089041088 
0.67553407586502656201 0.89774509754714193477 0.34671481413164162433 
0.32165002172466294894 0.52704632708721965706 0.42193175643122815544 
0.38217559045756455127 0.67253677734232275576 0.73870002784832822229 
0.51745989508208323215 0.89458586771912962377 0.39605415770652219187 
0.52099949861106908955 0.94066183996863861339 0.25137383305059368688 
0.94024360868033740601 0.86496385802971631485 0.76819998939417066808 
0.29666436809221363724 0.85623483564575231242 0.43997819709187435677 
0.76280430625796569188 0.47006631609989635301 0.31189363216888899011 
0.29677359686866311428 0.58736378238586106626 0.22768090275694397029 
0.25021468501768451276 0.56545870885570215236 0.26749409661550416217 
0.83604453347182650091 0.57893725663240469537 0.09394635295640618722 
0.75235364207639854328 0.11973558118069749234 0.66513293071950618796 
0.97963081178537869675 0.55016456926112877746 0.10860756734761500830 
0.44285137425667353561 0.83627280240932977406 0.97047225911123513598 
0.59263707380626562404 0.15568908737336961678 0.23666195830136627087 
0.27831673047909855079 0.29611427958449443310 0.37140135860079137586 
0.40957324949057327679 0.61206744701069637493 0.10231950417364110706 
0.38010611365544733076 0.88152938989997653429 0.19151137144078944630 
0.36987795256728084325 0.60782307621223408134 0.18872474162479524473 
0.18519909792655431247 0.59039140920573829341 0.71493650111924522683 
0.64751476098712190677 0.96264740088745770485 0.74466902120805400500 
0.84707777475017254076 0.21001871686213724466 0.54051365700902676004 
0.32563140471483920102 0.70764868722646356858 0.75223112533982949834 
0.94282276013011623306 0.36568622854197418981 0.29909020841360045573 
0.81801179524275169364 0.78472925391780146143 0.25176295075673094104 
0.20891465288624133656 0.84837471675702524898 0.66125722029159406112 
0.74548838145040741132 
generated randoms (0,1)
0.62964490895906988221 0.08832263660017791729 0.71484082950776106635 
0.34723448664590450541 0.08670820471739637547 0.54502234309602903828 
0.80837249203499639272 0.89491832289893324948 0.28735056396450420202 
0.94561878761499840174 0.47009014399927040451 0.87652339776093568524 
0.94013870585172409911 0.42641486146137697055 0.05505504025341445562 
0.80813570611012708333 0.53620654250242316685 0.01740087889619235106 
0.97209223938796651687 0.16785083009760604078 0.96371788081758880118 
0.12760452285570633713 0.94174563886645468180 0.44347327996967078612 
0.03348998024457761069 0.85921513162510909645 0.59748828078487981053 
0.18444814536626741308 0.58786096386052011376 0.45676282262048784055 
0.16938472276241633985 0.63664006230851666324 0.10324973381043300868 
0.70488579061995726427 0.76782369224692659238 0.19378011353195190303 
0.96853966723972040320 0.26493352823786486816 0.79913643013726898268 
0.93041285094716497106 0.02794003165425684720 0.16720492648359308596 
0.37886496641001943253 0.90790329491479782043 0.10410153856095383240 
0.13537004214815095970 0.51186892026279751100 0.10563707125738619474 
0.71903791665115179832 0.20361871691804567241 0.69138752208328368987 
0.33268670542735256923 0.37497235194602684949 0.36299920524087370133 
0.85807447252557200734 0.93333773645464002122 0.40625208556854475184 
0.76710246155537809010 0.26811704816087877923 0.38609050453514126566 
0.82961781832943493065 0.46222467086084573218 0.28180456417566968064 
0.11069263265952122843 0.85689707905354617345 0.27294973720384896332 
0.62075830952485477887 0.73979742279313254194 0.00105748161504570781 
0.73010433355972836900 0.62092859308484782410 0.11189687590003560835 
0.14029317790100592767 0.68670686259168589594 0.81022506482485678880 
0.81621393082809245989 0.99480404645380082762 0.89735621921214137053 
0.81401766425582322562 0.63324339092148052011 0.80337767079875654908 
0.92752000858807748251 0.31163044261092331944 0.05709118398867008004 
0.57869281782233739087 0.14733972082094548561 0.40104086179089448727 
0.83612049210912542385 0.30072102969069613998 0.76436969979364888239 
0.86231760602989493414 0.06900183344755217441 0.82139676085031010366 
0.23709946198421172348 0.74687108811688873722 0.69410746681056179064 
0.31601455443039294657 0.80018691755999404869 0.95386448115325284114 
0.64682575073746062522 0.24204526486876987157 0.93839045131005538458 
0.60311134534308386002 0.34725209951178492851 0.40120153292578364379 
0.45622217960077127152 0.94550598934378693450 0.80840514127746776474 
0.56508589943707820957 0.65410229108970807665 0.87815639382534782520 
0.85999307423288473551 0.09844480497083041293 0.48406570049244224130 
0.07177282890018399364 0.64206655659672251524 0.51616265891862966875 
0.05306667826720423697 0.34355371941379897471 0.94850809909381772478 
0.82623455347354535228 0.01904085062057458977 0.95109442729329640720 
0.51859127775623226064 0.01710359330406796552 0.69668097521875460565 
0.26465467940082842979 0.59674364730104234589 0.78963042748193035258 
0.99844047055628926124 0.65162667318016853635 0.60878842916557318610 
0.90761194129216415938 0.14186071999439175961 0.66105122145226347108 
0.09515665055173738729 0.41803683103108180141 0.55729830239545097292 
0.98504525395315467584 0.35151690068518459675 0.23980789466076113392 
0.57642533296941045329 0.38032422054160330838 0.85849084369699713015 
0.49091214793046034082 0.00769039452470532403 0.48018420690984275900 
0.99739821334378064854 0.29905147424498879083 0.19074631612767922739 
0.37382418106569592631 0.08422859661512904772 0.45981955027602849917 
0.10984251912755849112 0.61592643415930159456 0.91068134188748683933 
0.14379411712163325809 0.48110127025704252368 0.21957266114913420729 
0.34603412994623572452 0.66560647807416528643 0.10810908651276052161 
0.58487947834531595070 0.47462565992914051982 0.16847246482853805993 
0.52764702455826628658 0.59072054692147513144 0.38077479266010549885 
0.05063505243129617917 0.84540686876753734502 0.61433111837286058510 
0.43482505531986892500 0.13347981865573799176 0.00284523734661390471 
0.38254695742182875939 0.66907926608209256081 0.59491150501110845461 
0.14612660489095463667 0.19941515148916022504 0.76784015368399161083 
0.39403914007760110216 0.55545799934819606314 0.01839301942050197702 
0.68945068764652162052 0.19665579537544242150 0.34392649359986005031 
0.36767024794272740174 0.31867532238411278023 0.95110507397688892617 
0.76261637648315727667 0.69021470011952001933 0.91885973986559199567 
0.26182891240034256164 0.90412133485396339871 0.44899531068664111366 
0.56900798456361179056 0.88742016273293855555 0.33848148596194627125 
0.47603422568945874538 0.80492961534144913394 0.45807219498479834208 
0.29395446742016928532 0.92178395209477925754 0.27298354035722094402 
0.57344043005763967180 0.19969050479117744779 0.50858804861563533528 
0.84756803584067319512 0.20949251756992270934 0.31499805258992785717 
0.38187352213119596378 0.49666870787404149290 0.62502214969669389610 
0.55144882105272619022 0.41523182365620381340 0.61641284799377138448 
0.92593334890236911328 0.46164448021133153155 0.31007870459869812940 
0.26757893841231994436 0.25170601239475343114 0.85831836645208636760 
0.52970529023475987351 0.98817594063510694191 0.00433361615537886102 
0.31875703968249324838 0.87901207514959778244 0.15984592736793312717 
0.07918771515322808874 0.17264324842324074716 0.68247537437031513541 
0.35086421239639808967 0.78170611471299333850 0.58423050672121656923 
0.49623649261485591744 0.36868571399653204956 0.41665185122741399404 
0.57562189636115834723 0.55702517061604894799 0.71410385106829354918 
0.98958187499603744719 0.40383081281127330975 0.46489877458248396458 
0.16333579302534784183 0.86566712034037451851 0.95834646838234394117 
0.81269455436935333914 0.39750557698549671137 0.26845806503629021655 
0.46901806906845444622 0.85239558401629600404 0.55959219486286904122 
0.27731640099094456708 0.71243696349761465036 0.64939732820734952234 
0.44040074694257724808 0.34312962688466464023 0.97563437410138820205 
0.26920787707732363181 0.42737190435687222312 0.63021556007229340146 
0.58785892248590188025 0.82168937708009459620 0.79975433055748879063 
0.77368122720932386294 0.12512130061846327145 0.57809665729488535213 
0.67753000030136534271 0.56650964557016725287 0.20658847368193344884 
0.94103105441074874626 0.24187286273160002459 0.17112254319585118445 
0.90014370933814658038 0.17286111307675722237 0.51685200325607749683 
0.20654167741077622544 0.41471418534253223775 0.51078371855888637931 
0.83611837646063791318 0.84507568144083289319 0.95817499299805430901 
0.26961272330223873261 0.55085574650178403822 0.49366184112080202517 
0.88841980873257608842 0.19987237215210806873 0.84279165406556511009 
0.97050328308650946063 0.88842331459896395351 0.13952079737036515716 
0.51411836837956914614 0.54632394139556716972 0.68670252189644176433 
0.68048454924811019318 0.00579478704892522067 0.12182929312855006465 
0.59571650047793256455 0.63470129649840312247 0.02445413252307360175 
0.19993121060101404218 0.97681426769144885647 0.39856799594330705183 
0.52449206196878539465 0.29862281016983982518 0.58478311592499720994 
0.42299418582403158773 0.49324602143861873138 0.66934235206506609295 
0.57515038606608004379 0.07988199265564843721 0.18225009102435074659 
0.42065767738965198497 0.99263494035912658298 0.33963795426770526653 
0.43227248511420968136 0.92543237723581373011 0.56948266845939277125 
0.02034608483804167811 0.44656448027099160392 0.72664443199489947567 
0.86462854690320178896 0.34028499363342468165 0.63880506583514828911 
0.08494969144284270079 0.68756775013743287595 0.01388666272083693976 
0.92699300426506581196 0.40524203205616049495 0.55307311737871933666 
0.12398861082439283088 0.91211391860181056934 0.29055252817212262606 
0.09375976604913138779 0.32212627648781988476 0.11572686961243472403 
0.51970521367216648834 0.73090083106667358415 0.32561020588679734367 
0.09158482080806362724 0.71630481767126608084 0.51760638828487537388 
0.33492038855545325227 0.06408549955023068456 0.57540973756236568626 
0.92473991889779427744 0.86235896091513342121 0.06344649674441993348 
0.35240703948192586559 0.09301656327563700977 0.91749588161321127266 
0.07905414637295637981 0.23662159513004898947 0.80748595444884263550 
0.36460001566089839109 0.58729623200726588372 0.62779342879942290345 
0.81527439869235984737 0.05300788529198086074 0.87447296176695510361 
0.01089642537638257913 0.81795797469360365106 0.53496071951487977891 
0.70941570973665979416 0.99412439492312931755 0.03975784294907591665 
0.25983650899154953073 0.47251833659794928444 0.61122911451158734586 
0.60837921933881999870 0.09699497486565555882 0.14458513451471755040 
0.47501706850772174029 0.70613613438981492898 0.61589108826149252529 
0.57488629009206282383 0.40482466646870540750 0.72246002603898484828 
0.97950394903974324912 0.51845914651644720017 0.63888690059105379682 
0.21615059784012857769 0.82039526927500605602 0.05842971413576836248 
0.20022631308765226343 0.30053075170857534992 0.68777036833965143892 
0.77845389267635156649 0.69316287384256169979 0.51721399575361082235 
0.64960490713440566246 0.33038150041002078972 0.82454496803182686371 
0.81365617620334451665 0.99448547449817126243 0.78411189023033567302 
0.08199408051575507450 0.74995650033570293580 0.03314395521967727909 
0.92459192014887547906 0.26203363614831709505 0.11237048860224096991 
0.27433089998853188440 0.76098405475851893520 0.28788745521536207583 
0.28457487400546388479 0.77219479734416496264 0.06815104785919712249 
0.59389856410910346618 0.67565961987991429716 0.87417609890627567815 
0.97183205117029403119 0.88714553139033847096 0.49167269890694265122 
0.56383872117835553972 0.89156972247482202398 0.59152404670421376842 
0.52738592492057212446 0.19263543991761555851 0.50150534102021970817 
0.14837111360503052460 0.29795077818612036857 0.45674453159450290052 
0.69431711511343530141 0.23808653851300376481 0.55875210817210008152 
0.11467782966777417819 0.85863851558522985563 0.83809075069317162665 
0.36061398630671326337 0.40845200346294130433 0.93390941211663291988 
0.43811483017877228541 0.93004011403569175620 0.98734196407372976090 
0.62185470352637639557 0.12020775836247543644 0.87971716918001319208 
0.60894694887258871141 0.69372605440810830579 0.23381056984847714553 
0.06361082446144616931 0.49879765912659324023 0.99149867017746884379 
0.12708150053278477465 0.66993357276181764171 0.30999416575212657143 
0.58479137843759265714 0.98268495436489700090 0.74998345568912916370 
0.46631752624348465908 0.75371100002422353192 0.50030243465287882465 
0.21776804119265213977 0.20280822725328762068 0.35069567650769850609 
0.13039863897536707604 0.74436347403625569008 0.16983011809230919020 
0.26113483955616678678 0.19714624245494083432 0.36482253582239132506 
0.39875360729555331396 0.70766179713075172408 0.25623920523299870133 
0.46420440157169706730 0.61343189475655024445 0.99765643204702558755 
0.81447144876541188729 0.96458647169759159645 0.49482289670833723427 
0.41182516005715430474 0.42531305456120560571 0.42112071889475255482 
0.16517416498393111546 0.65148193678850785382 0.04426034775205178740 
0.50294522736525881790 0.29127681857092979634 0.95281572479032994316 
0.57233272639652255087 0.76234486360955711071 0.15510618554596322660 
0.85607347794691412979 0.97165372112890291412 0.08379297097233640024 
0.75917800896272003008 0.23529005438220873536 0.75056292417245029647 
0.45852799723656123554 0.43212319939891741249 0.35128541061604390272 
0.91910273730480551713 0.18848752982530503353 0.37203627330721578126 
0.39638435168802366171 0.33666120480858263697 0.35456883193563126788 
0.65498849731403008256 0.90184502917695108515 0.99756516030451014565 
0.22270498901602064912 0.17081773392846621995 0.28631619114706219342 
0.14514894982833959070 0.42924887883201034988 0.71325212405747540068 
0.51503993167296502342 0.25977220208328932749 0.01075995875723223527 
0.72500857413718189370 0.79313704068850721107 0.88210686774135260713 
0.96603328305408076027 0.28332768009265074660 0.71353955418995451687 
0.60215115294152288250 0.95635873438838125971 0.27588365223870092713 
0.36603169167780502669 0.81687046671127006015 0.61815335217022160386 
0.66802820100545656778 0.93781647376676402494 0.09548090449907298272 
0.11750753498863919511 0.68889201778586728331 0.80185563536257764561 
0.38738219500193582512 0.53867182314029382617 0.29765537779875805846 
0.14718842400025722306 0.06016371929778441263 0.40821624180180760000 
0.59516155741881759944 0.51745631515812351431 0.69876642552184020651 
0.10979628929700457896 0.27020299417611570725 0.64945862140124677175 
0.20697081621924184880 0.27962172239614502267 0.94369592921589062762 
0.56896311609421590383 0.59532132244039792646 0.77689207430069573412 
0.49078535238904019700 0.48665870954150425298 0.03986942434910889510 
0.73209757260258068179 0.94642407593884869677 0.25149381222576638883 
0.88100515753261166019 0.01398179545035227456 0.85274211359047646930 
0.19956863597908713892 0.46951952908739813530 0.27127980214543367943 
0.50638949249053433199 0.22391383184205504442 0.66655490365452663148 
0.36668647000332632580 0.45849776556376808934 0.50050525163936865347 
0.65378418028933604766 0.52209326824181334636 0.73026064266477308529 
0.63056156094418214231 0.37494184434604149736 0.75552503286218519740 
0.53568317762574513274 0.91506620944134664519 0.29019681767993366073 
0.04387507995881079204 0.84412901451047051005 0.03188141425284629626 
0.00659218785548287833 0.47574726606703054976 0.18932835716971596618 
0.44929444096762405358 0.36301442051014753964 0.57797507743609854991 
0.68936457119284599848 0.19300839059772534334 0.88963051012742533352 
0.57483611023797043238 0.31917977730117930157 0.99647885497156996060 
0.52949404541354527787 0.05326809885662275867 0.05809572462920686853 
0.31626758216497630194 0.83812906035861778342 0.77401858513310517473 
0.74457763564150236668 0.68214936885717469828 0.63750773686871986534 
0.89274981122276320100 0.31328351142948451802 0.80549011105862322601 
0.37713216922029046962 0.60977908367537092538 0.59176670196132863389 
0.36207769276527312918 0.21260017470485537139 0.99220593876902341002 
0.29165753308317632353 0.54648192250561256067 0.67043648450919968163 
0.61032690831939606646 0.84362801777894635968 0.39250039315941731566 
0.10192755088456295631 0.40073261474428156781 0.93539430680356905334 
0.31845110247554564431 0.64237332184679352132 0.09827188194816449673 
0.71784782310520012238 0.41610767281021021624 0.44495540779419973099 
0.97422718759643944786 0.31344441264484568244 0.44349774542416198209 
0.85958924842515993525 0.09369684776524578318 0.15924593412076260002 
0.32091841558110068000 0.21400146760813654190 0.49192566677354876425 
0.27804142749311089311 0.52555222999555373242 0.11960452580469893569 
0.88110026038278799199 0.89666183638705576620 0.93338056988211026699 
0.81921625651317664385 0.76207279454747722802 0.73310605380995386149 
0.10458266109424241286 0.91781873801908209209 0.99497102071114995603 
0.23955002677516445964 0.33193182720724290213 0.40668587986501170128 
0.71160223948801282212 0.52135641706374014070 0.50495141545783073234 
0.24368917291020797400 0.03029526703465035276 0.48049499741427026400 
0.96187432690300478377 0.37359643291970967560 0.92807368570529402696 
0.68533134947864726705 0.08531561640267670832 0.07509717721019071313 
0.23035480378903261389 0.72892196772401773863 0.21652227902725518227 
0.61609019795849273571 0.80488499696333248856 0.53697553764983108060 
0.39582185295103466949 0.55419073350164560487 0.86063688125247295169 
0.33228540879889645332 0.05110015692965119705 0.87381884900371420422 
0.80102099073130950124 0.35827840090482099278 0.34384755056103233350 
0.55629052222303498887 0.11163460272474767798 0.64660625220998668716 
0.34580974013953080792 0.42960334526962395962 0.74819261769398237583 
0.27367985034069497452 0.00442805071882790280 0.99390965419822285831 
0.13831845278320575865 0.15692531016409660971 0.78211728969456761895 
0.97018545109569109819 0.25703769707039403336 0.20015600426567803360 
0.29466590495007349837 0.98811868333857888480 0.20656096166103865563 
0.54912072494111296983 0.05687812171818484863 0.72148435589058057538 
0.49108708156724723004 0.30780336539270591878 0.02858735484685870354 
0.52481108935775311330 0.55727667714765227736 0.32562402213305641219 
0.10038833629679078108 0.57600478876894301017 0.02986918114112868672 
0.61006417257859424375 0.10530216960779381630 0.08400708211068397269 
0.69270990138712451589 0.74085901083129157563 0.06514323913193131865 
0.08645397017925149363 0.71368485089005662125 0.44554819294512948424 
0.55821351727556867139 0.06160558346827182952 0.43268404119826819887 
0.43828230222910780078 0.82565552372659323233 0.28522016722023235680 
0.02482011064373890186 0.57792617983864924547 0.49483471988269589481 
0.35415969197684060710 0.98441780771368070369 0.59395864052543534406 
0.13575288443801158955 0.82335737791609875380 0.87486939044732880966 
0.33034088210359935367 0.19687669621445524903 0.49660705243384017926 
0.45309283897543672914 0.92308810135603169833 0.10883990992658731933 
0.67943670884891349537 0.15434819884573136584 0.92270064838203258439 
0.81437618400911282457 0.18386707234049537441 0.71403734493430781605 
0.40670925624807208187 0.72719460533848301331 0.59182151139371685922 
0.08889009502752842629 0.77110208298188553933 0.67411192162293542829 
0.38079889563835922495 0.02369644995954867106 0.50261219566780490631 
0.84956416658568323363 0.60689353359956688116 0.35650009083821099232 
0.71510874674702784581 0.06497776802989485567 0.91086483138723228770 
0.64519300759365960651 0.60301345172384634985 0.09979205931682799680 
0.67969365798267289414 0.94557313687688338000 0.53525448822859833520 
0.99332088981215149737 0.13830501456475752242 0.45449508282602812947 
0.25568836398846772617 0.70443890834819389291 0.89061184134001680768 
0.25816340395716719236 0.56107595412689703629 0.81169147528047713713 
0.54056116940808762727 0.60380809189931894387 0.40860080527619691004 
0.24949916486437140328 0.99804195335009127099 0.43102421322764405964 
0.25934858823362128000 0.62535153894163353350 0.34786804491637535186 
0.66019470316897055362 0.88614146006738425676 0.29315400698811067137 
0.87127143273577023486 0.59152480615764546634 0.02760716378496641532 
0.18164625155325198058 0.22302192238111495648 0.27841356341353873383 
0.38149976687877251713 0.75516749665522264756 0.99064101193286213665 
0.21890441559799467264 0.39676232155852431127 0.71217555331200865787 
0.24241583609025707524 0.89173556147714605480 0.06522570604237576397 
0.74441073188683914985 0.67585220763686515433 0.48283755275720197098 
0.91710864873236519479 0.68227011456341091211 0.46783868231260927750 
0.62571635949462600657 0.83107794341507434943 0.39391337051993002838 
0.81573450372748657067 0.44944367823543873719 0.13870804455384511122 
0.63802670500078018101 0.79061029240425217957 0.00415607625241398715 
0.59542833450951460073 0.31618138146683238965 0.18182058523730160182 
0.72576914775921896883 0.56890831648268957998 0.97003638311755602253 
0.86837576155431572822 0.23677077373818034012 0.30634456567706558339 
0.41593208893491362410 0.36421576847619774320 0.76530318059859436808 
0.98953059224169792607 0.56172227714639055840 0.94136209325235831180 
0.61285428625132642999 0.96265462290748637919 0.49114136427471932755 
0.23514902181036156925 0.69841745240562969066 0.33816340136314848586 
0.19137013766205090981 0.05375912918555747488 0.96015754220678606323 
0.16593979682076187565 0.93598996539205470135 0.64164481790882255119 
0.33164355322054039910 0.89860401227500674715 0.91555343931046739847 
0.88925154455129118425 0.06238413745154969270 0.06685376332962111867 
0.42376932724518634465 0.08774043483003546307 0.83057286562221066539 
0.32658731791608031081 0.13127054720613373640 0.82198381263096131910 
0.71958960702546126420 0.88573750609998014305 0.35271505128648805716 
0.05636917665241480968 0.46384334543036742637 0.36027041652597913135 
0.93780576170528973101 0.69371122890781689030 0.60452349950328687633 
0.89672967363528566231 0.43989534865975765676 0.85329359493617018551 
0.14728146941645614554 0.20972327140466950901 0.51667547945326375292 
0.79653277274021916377 0.99923391874914568866 0.10263704559828989993 
0.37772894480733909539 0.90499264959536085406 0.43531851278317712506 
0.58423754086942580876 0.79346469019208520912 0.66617934743742268644 
0.51736571339992898366 0.60364863721448913658 0.33628574392704568830 
0.96497320394158792034 0.31846773867738309427 0.23850944475489321839 
0.94067286776373681967 0.59921693045569957015 0.04817832203627170351 
0.32163883432291373587 0.39973486529666923950 0.59928003123446926814 
0.22632202826531311324 0.55755585242286209713 0.79166383798788841908 
0.17344111667837691648 0.80963829464137027081 0.08845997125685101103 
0.68263883439107719830 0.24236540814434781588 0.69585596802523697058 
0.35249107467897000667 0.75732635773056844464 0.30471442977206630864 
0.26085487720580968762 0.99274763712412883443 0.76899630375124483628 
0.68683615526806884866 0.45031573980039074634 0.61163868017965516977 
0.56633188370793541289 0.20189897222597630311 0.10104135175458872631 
0.52801643718061064270 0.55608030043809342224 0.01582117271708871620 
0.64953288357474092685 0.71056901578603537395 0.89819830361896957349 
0.00396441877523057151 0.14144385510773971326 0.17244912669036538411 
0.90079585940918760478 0.14650638656306758101 0.80560731097841054016 
0.63301291820082217221 0.44211781930773530469 0.75291241013910981117 
0.32446592413497366003 0.10225490245285828728 0.65328518586835859772 
0.67834997827533727310 0.47295367291278034294 0.57806824356877206661 
0.61782440954243544873 0.32746322265767724424 0.26129997215167199975 
0.48254010491791698989 0.10541413228087059828 0.60394584229347780813 
0.47900050138893113250 0.05933816003136160866 0.74862616694940631312 
0.05975639131966281603 0.13503614197028368515 0.23180001060582955397 
0.70333563190778636276 0.14376516435424790963 0.56002180290812586527 
0.23719569374203453016 0.52993368390010364699 0.68810636783111100989 
0.70322640313133688572 0.41263621761413893374 0.77231909724305602971 
0.74978531498231570929 0.43454129114429806968 0.73250590338449605987 
0.16395546652817372113 0.42106274336759530463 0.90605364704359403483 
0.24764635792360167876 0.88026441881930250766 0.33486706928049403409 
0.02036918821462152529 0.44983543073887122254 0.89139243265238499170 
0.55714862574332646439 0.16372719759067044798 0.02952774088876508607 
0.40736292619373437596 0.84431091262663060526 0.76333804169863372913 
0.72168326952090144921 0.70388572041550578895 0.62859864139920884618 
0.59042675050942672321 0.38793255298930362507 0.89768049582635911499 
0.61989388634455289129 0.11847061010002346571 0.80848862855921077575 
0.63012204743271937879 0.39217692378776614071 0.81127525837520475527 
0.81480090207344590958 0.40960859079426170659 0.28506349888075477317 
0.35248523901287831528 0.03735259911254229515 0.25533097879194621704 
0.15292222524982768128 0.78998128313786275534 0.45948634299097323996 
0.67436859528516079898 0.29235131277353665347 0.24776887466017050166 
0.05717723986988398899 0.63431377145802581019 0.70090979158639954427 
0.18198820475724830636 0.21527074608219876062 0.74823704924326928101 
0.79108534711375866344 0.15162528324297475102 0.33874277970840593888 
0.25451161854959258868 
generated randoms [1, 2)
1.62964490895906966017 1.08832263660017791729 1.71484082950776084431 
1.34723448664590428336 1.08670820471739615343 1.54502234309602903828 
1.80837249203499617067 1.89491832289893324948 1.28735056396450397997 
1.94561878761499817969 1.47009014399927040451 1.87652339776093568524 
1.94013870585172409911 1.42641486146137697055 1.05505504025341445562 
1.80813570611012686129 1.53620654250242294481 1.01740087889619212902 
1.97209223938796651687 1.16785083009760604078 1.96371788081758857913 
1.12760452285570633713 1.94174563886645445976 1.44347327996967078612 
1.03348998024457761069 1.85921513162510909645 1.59748828078487981053 
1.18444814536626741308 1.58786096386052011376 1.45676282262048784055 
1.16938472276241611780 1.63664006230851644119 1.10324973381043278664 
1.70488579061995704222 1.76782369224692637033 1.19378011353195190303 
1.96853966723972040320 1.26493352823786464612 1.79913643013726876063 
1.93041285094716497106 1.02794003165425684720 1.16720492648359308596 
1.37886496641001943253 1.90790329491479782043 1.10410153856095383240 
1.13537004214815073766 1.51186892026279751100 1.10563707125738619474 
1.71903791665115179832 1.20361871691804567241 1.69138752208328368987 
1.33268670542735234719 1.37497235194602662745 1.36299920524087370133 
1.85807447252557178530 1.93333773645463979918 1.40625208556854475184 
1.76710246155537809010 1.26811704816087855718 1.38609050453514104362 
1.82961781832943470860 1.46222467086084551013 1.28180456417566968064 
1.11069263265952122843 1.85689707905354595141 1.27294973720384896332 
1.62075830952485477887 1.73979742279313254194 1.00105748161504548577 
1.73010433355972814695 1.62092859308484782410 1.11189687590003538631 
1.14029317790100570562 1.68670686259168567389 1.81022506482485678880 
1.81621393082809245989 1.99480404645380082762 1.89735621921214137053 
1.81401766425582300357 1.63324339092148029806 1.80337767079875632703 
1.92752000858807726047 1.31163044261092309739 1.05709118398866985800 
1.57869281782233716882 1.14733972082094548561 1.40104086179089426523 
1.83612049210912542385 1.30072102969069613998 1.76436969979364866035 
1.86231760602989493414 1.06900183344755195236 1.82139676085030988162 
1.23709946198421150143 1.74687108811688851517 1.69410746681056156859 
1.31601455443039272453 1.80018691755999382664 1.95386448115325284114 
1.64682575073746040317 1.24204526486876987157 1.93839045131005516254 
1.60311134534308386002 1.34725209951178470646 1.40120153292578364379 
1.45622217960077104948 1.94550598934378693450 1.80840514127746776474 
1.56508589943707820957 1.65410229108970785461 1.87815639382534782520 
1.85999307423288451346 1.09844480497083041293 1.48406570049244224130 
1.07177282890018399364 1.64206655659672251524 1.51616265891862944670 
1.05306667826720401493 1.34355371941379875267 1.94850809909381750273 
1.82623455347354513023 1.01904085062057458977 1.95109442729329618516 
1.51859127775623203860 1.01710359330406774347 1.69668097521875460565 
1.26465467940082820775 1.59674364730104212384 1.78963042748193035258 
1.99844047055628903919 1.65162667318016831430 1.60878842916557296405 
1.90761194129216393733 1.14186071999439153757 1.66105122145226347108 
1.09515665055173716524 1.41803683103108157937 1.55729830239545075088 
1.98504525395315445380 1.35151690068518437471 1.23980789466076091188 
1.57642533296941045329 1.38032422054160308633 1.85849084369699713015 
1.49091214793046034082 1.00769039452470510199 1.48018420690984253696 
1.99739821334378064854 1.29905147424498879083 1.19074631612767922739 
1.37382418106569592631 1.08422859661512882568 1.45981955027602849917 
1.10984251912755849112 1.61592643415930137252 1.91068134188748683933 
1.14379411712163303605 1.48110127025704230164 1.21957266114913420729 
1.34603412994623572452 1.66560647807416506438 1.10810908651276029957 
1.58487947834531595070 1.47462565992914029778 1.16847246482853805993 
1.52764702455826606453 1.59072054692147490940 1.38077479266010549885 
1.05063505243129595712 1.84540686876753712298 1.61433111837286058510 
1.43482505531986892500 1.13347981865573776972 1.00284523734661390471 
1.38254695742182853735 1.66907926608209256081 1.59491150501110823257 
1.14612660489095441463 1.19941515148916000300 1.76784015368399161083 
1.39403914007760110216 1.55545799934819606314 1.01839301942050175498 
1.68945068764652139848 1.19665579537544219946 1.34392649359985982827 
1.36767024794272717969 1.31867532238411278023 1.95110507397688870412 
1.76261637648315705462 1.69021470011952001933 1.91885973986559177362 
1.26182891240034233959 1.90412133485396317667 1.44899531068664089162 
1.56900798456361156852 1.88742016273293855555 1.33848148596194604920 
1.47603422568945852333 1.80492961534144913394 1.45807219498479834208 
1.29395446742016906327 1.92178395209477925754 1.27298354035722072197 
1.57344043005763944976 1.19969050479117722574 1.50858804861563533528 
1.84756803584067319512 1.20949251756992248730 1.31499805258992785717 
1.38187352213119574174 1.49666870787404149290 1.62502214969669389610 
1.55144882105272596817 1.41523182365620381340 1.61641284799377138448 
1.92593334890236911328 1.46164448021133153155 1.31007870459869812940 
1.26757893841231994436 1.25170601239475320909 1.85831836645208636760 
1.52970529023475987351 1.98817594063510694191 1.00433361615537886102 
1.31875703968249324838 1.87901207514959756040 1.15984592736793290513 
1.07918771515322808874 1.17264324842324052511 1.68247537437031491336 
1.35086421239639786762 1.78170611471299333850 1.58423050672121634719 
1.49623649261485569539 1.36868571399653204956 1.41665185122741377199 
1.57562189636115834723 1.55702517061604872595 1.71410385106829332713 
1.98958187499603722515 1.40383081281127308770 1.46489877458248374253 
1.16333579302534761979 1.86566712034037451851 1.95834646838234394117 
1.81269455436935333914 1.39750557698549648933 1.26845806503629021655 
1.46901806906845422418 1.85239558401629578199 1.55959219486286904122 
1.27731640099094434504 1.71243696349761465036 1.64939732820734930030 
1.44040074694257724808 1.34312962688466441818 1.97563437410138798001 
1.26920787707732340976 1.42737190435687200107 1.63021556007229317942 
1.58785892248590165821 1.82168937708009459620 1.79975433055748856859 
1.77368122720932364089 1.12512130061846304940 1.57809665729488535213 
1.67753000030136512066 1.56650964557016725287 1.20658847368193344884 
1.94103105441074852422 1.24187286273160002459 1.17112254319585096241 
1.90014370933814635833 1.17286111307675722237 1.51685200325607727478 
1.20654167741077600340 1.41471418534253201571 1.51078371855888615727 
1.83611837646063791318 1.84507568144083289319 1.95817499299805430901 
1.26961272330223873261 1.55085574650178381617 1.49366184112080202517 
1.88841980873257586637 1.19987237215210806873 1.84279165406556488804 
1.97050328308650946063 1.88842331459896373147 1.13952079737036493512 
1.51411836837956914614 1.54632394139556716972 1.68670252189644154228 
1.68048454924811019318 1.00579478704892499863 1.12182929312854984261 
1.59571650047793234251 1.63470129649840312247 1.02445413252307337970 
1.19993121060101404218 1.97681426769144885647 1.39856799594330682979 
1.52449206196878539465 1.29862281016983982518 1.58478311592499698790 
1.42299418582403136568 1.49324602143861873138 1.66934235206506587090 
1.57515038606607982175 1.07988199265564843721 1.18225009102435052455 
1.42065767738965198497 1.99263494035912658298 1.33963795426770504449 
1.43227248511420945931 1.92543237723581350807 1.56948266845939277125 
1.02034608483804167811 1.44656448027099160392 1.72664443199489947567 
1.86462854690320178896 1.34028499363342468165 1.63880506583514828911 
1.08494969144284270079 1.68756775013743287595 1.01388666272083671771 
1.92699300426506558992 1.40524203205616027290 1.55307311737871933666 
1.12398861082439260883 1.91211391860181034730 1.29055252817212262606 
1.09375976604913138779 1.32212627648781966272 1.11572686961243472403 
1.51970521367216626629 1.73090083106667358415 1.32561020588679734367 
1.09158482080806362724 1.71630481767126608084 1.51760638828487537388 
1.33492038855545303022 1.06408549955023068456 1.57540973756236568626 
1.92473991889779427744 1.86235896091513342121 1.06344649674441993348 
1.35240703948192586559 1.09301656327563700977 1.91749588161321127266 
1.07905414637295615776 1.23662159513004898947 1.80748595444884263550 
1.36460001566089816905 1.58729623200726588372 1.62779342879942290345 
1.81527439869235984737 1.05300788529198063870 1.87447296176695510361 
1.01089642537638257913 1.81795797469360342902 1.53496071951487955687 
1.70941570973665957212 1.99412439492312931755 1.03975784294907591665 
1.25983650899154953073 1.47251833659794928444 1.61122911451158734586 
1.60837921933881999870 1.09699497486565555882 1.14458513451471732836 
1.47501706850772174029 1.70613613438981470694 1.61589108826149230325 
1.57488629009206260179 1.40482466646870540750 1.72246002603898484828 
1.97950394903974324912 1.51845914651644720017 1.63888690059105357477 
1.21615059784012835564 1.82039526927500605602 1.05842971413576814044 
1.20022631308765226343 1.30053075170857512788 1.68777036833965143892 
1.77845389267635156649 1.69316287384256147774 1.51721399575361082235 
1.64960490713440544042 1.33038150041002056767 1.82454496803182664166 
1.81365617620334451665 1.99448547449817104038 1.78411189023033567302 
1.08199408051575485246 1.74995650033570293580 1.03314395521967727909 
1.92459192014887525701 1.26203363614831687300 1.11237048860224074787 
1.27433089998853166236 1.76098405475851871316 1.28788745521536207583 
1.28457487400546366274 1.77219479734416496264 1.06815104785919690045 
1.59389856410910324414 1.67565961987991407511 1.87417609890627545610 
1.97183205117029403119 1.88714553139033824891 1.49167269890694265122 
1.56383872117835531768 1.89156972247482180194 1.59152404670421376842 
1.52738592492057190242 1.19263543991761533647 1.50150534102021948613 
1.14837111360503052460 1.29795077818612014653 1.45674453159450267847 
1.69431711511343530141 1.23808653851300376481 1.55875210817209985947 
1.11467782966777395615 1.85863851558522985563 1.83809075069317162665 
1.36061398630671326337 1.40845200346294108229 1.93390941211663269783 
1.43811483017877228541 1.93004011403569153416 1.98734196407372976090 
1.62185470352637617353 1.12020775836247521440 1.87971716918001319208 
1.60894694887258848937 1.69372605440810808375 1.23381056984847714553 
1.06361082446144616931 1.49879765912659324023 1.99149867017746862174 
1.12708150053278477465 1.66993357276181764171 1.30999416575212657143 
1.58479137843759243509 1.98268495436489677886 1.74998345568912916370 
1.46631752624348443703 1.75371100002422353192 1.50030243465287882465 
1.21776804119265191773 1.20280822725328762068 1.35069567650769850609 
1.13039863897536707604 1.74436347403625546804 1.16983011809230919020 
1.26113483955616678678 1.19714624245494061228 1.36482253582239110301 
1.39875360729555331396 1.70766179713075172408 1.25623920523299870133 
1.46420440157169706730 1.61343189475655024445 1.99765643204702558755 
1.81447144876541166525 1.96458647169759137441 1.49482289670833701223 
1.41182516005715430474 1.42531305456120538366 1.42112071889475233277 
1.16517416498393111546 1.65148193678850785382 1.04426034775205178740 
1.50294522736525859585 1.29127681857092957429 1.95281572479032994316 
1.57233272639652255087 1.76234486360955688866 1.15510618554596300456 
1.85607347794691412979 1.97165372112890269207 1.08379297097233617819 
1.75917800896272003008 1.23529005438220873536 1.75056292417245007442 
1.45852799723656123554 1.43212319939891719045 1.35128541061604390272 
1.91910273730480529508 1.18848752982530503353 1.37203627330721555921 
1.39638435168802343966 1.33666120480858241493 1.35456883193563104584 
1.65498849731402986052 1.90184502917695086310 1.99756516030450992361 
1.22270498901602064912 1.17081773392846621995 1.28631619114706219342 
1.14514894982833959070 1.42924887883201034988 1.71325212405747540068 
1.51503993167296480138 1.25977220208328910545 1.01075995875723223527 
1.72500857413718189370 1.79313704068850721107 1.88210686774135260713 
1.96603328305408053822 1.28332768009265052456 1.71353955418995429483 
1.60215115294152266046 1.95635873438838125971 1.27588365223870070508 
1.36603169167780480464 1.81687046671127006015 1.61815335217022160386 
1.66802820100545656778 1.93781647376676402494 1.09548090449907276067 
1.11750753498863897306 1.68889201778586706126 1.80185563536257742356 
1.38738219500193560307 1.53867182314029360413 1.29765537779875805846 
1.14718842400025700101 1.06016371929778419059 1.40821624180180737795 
1.59516155741881737740 1.51745631515812329226 1.69876642552184020651 
1.10979628929700457896 1.27020299417611570725 1.64945862140124654971 
1.20697081621924184880 1.27962172239614480063 1.94369592921589040557 
1.56896311609421590383 1.59532132244039770441 1.77689207430069573412 
1.49078535238904019700 1.48665870954150403094 1.03986942434910867306 
1.73209757260258068179 1.94642407593884847472 1.25149381222576638883 
1.88100515753261143814 1.01398179545035205251 1.85274211359047646930 
1.19956863597908713892 1.46951952908739813530 1.27127980214543345738 
1.50638949249053433199 1.22391383184205504442 1.66655490365452640944 
1.36668647000332632580 1.45849776556376786729 1.50050525163936843143 
1.65378418028933582562 1.52209326824181312432 1.73026064266477308529 
1.63056156094418214231 1.37494184434604149736 1.75552503286218497536 
1.53568317762574513274 1.91506620944134642315 1.29019681767993366073 
1.04387507995881056999 1.84412901451047051005 1.03188141425284629626 
1.00659218785548287833 1.47574726606703054976 1.18932835716971574413 
1.44929444096762405358 1.36301442051014753964 1.57797507743609832787 
1.68936457119284577644 1.19300839059772534334 1.88963051012742511148 
1.57483611023797043238 1.31917977730117930157 1.99647885497156996060 
1.52949404541354527787 1.05326809885662275867 1.05809572462920686853 
1.31626758216497630194 1.83812906035861778342 1.77401858513310517473 
1.74457763564150236668 1.68214936885717447623 1.63750773686871986534 
1.89274981122276320100 1.31328351142948451802 1.80549011105862322601 
1.37713216922029024758 1.60977908367537070333 1.59176670196132863389 
1.36207769276527290714 1.21260017470485537139 1.99220593876902341002 
1.29165753308317610148 1.54648192250561233863 1.67043648450919968163 
1.61032690831939584442 1.84362801777894613764 1.39250039315941731566 
1.10192755088456295631 1.40073261474428156781 1.93539430680356905334 
1.31845110247554564431 1.64237332184679352132 1.09827188194816449673 
1.71784782310519990034 1.41610767281020999420 1.44495540779419973099 
1.97422718759643922581 1.31344441264484568244 1.44349774542416176004 
1.85958924842515993525 1.09369684776524556113 1.15924593412076237797 
1.32091841558110068000 1.21400146760813631985 1.49192566677354876425 
1.27804142749311089311 1.52555222999555373242 1.11960452580469893569 
1.88110026038278776994 1.89666183638705576620 1.93338056988211004494 
1.81921625651317664385 1.76207279454747700598 1.73310605380995363944 
1.10458266109424241286 1.91781873801908187005 1.99497102071114995603 
1.23955002677516445964 1.33193182720724290213 1.40668587986501147924 
1.71160223948801260008 1.52135641706374014070 1.50495141545783073234 
1.24368917291020775195 1.03029526703465035276 1.48049499741427004196 
1.96187432690300478377 1.37359643291970967560 1.92807368570529380492 
1.68533134947864704500 1.08531561640267648627 1.07509717721019071313 
1.23035480378903239185 1.72892196772401773863 1.21652227902725518227 
1.61609019795849251366 1.80488499696333248856 1.53697553764983085856 
1.39582185295103466949 1.55419073350164538283 1.86063688125247272964 
1.33228540879889645332 1.05110015692965119705 1.87381884900371398217 
1.80102099073130927920 1.35827840090482099278 1.34384755056103233350 
1.55629052222303476682 1.11163460272474767798 1.64660625220998646512 
1.34580974013953058588 1.42960334526962373758 1.74819261769398237583 
1.27367985034069475248 1.00442805071882790280 1.99390965419822285831 
1.13831845278320575865 1.15692531016409638767 1.78211728969456739691 
1.97018545109569109819 1.25703769707039403336 1.20015600426567781156 
1.29466590495007327632 1.98811868333857888480 1.20656096166103843359 
1.54912072494111296983 1.05687812171818462659 1.72148435589058057538 
1.49108708156724700800 1.30780336539270591878 1.02858735484685848149 
1.52481108935775289126 1.55727667714765227736 1.32562402213305641219 
1.10038833629679078108 1.57600478876894301017 1.02986918114112868672 
1.61006417257859424375 1.10530216960779381630 1.08400708211068397269 
1.69270990138712451589 1.74085901083129157563 1.06514323913193131865 
1.08645397017925127159 1.71368485089005662125 1.44554819294512948424 
1.55821351727556844935 1.06160558346827182952 1.43268404119826819887 
1.43828230222910780078 1.82565552372659323233 1.28522016722023213475 
1.02482011064373867981 1.57792617983864924547 1.49483471988269589481 
1.35415969197684060710 1.98441780771368048164 1.59395864052543512202 
1.13575288443801158955 1.82335737791609853176 1.87486939044732880966 
1.33034088210359935367 1.19687669621445524903 1.49660705243383995722 
1.45309283897543672914 1.92308810135603169833 1.10883990992658709729 
1.67943670884891327333 1.15434819884573114379 1.92270064838203236235 
1.81437618400911282457 1.18386707234049515236 1.71403734493430759400 
1.40670925624807208187 1.72719460533848279127 1.59182151139371685922 
1.08889009502752842629 1.77110208298188553933 1.67411192162293520624 
1.38079889563835900290 1.02369644995954844902 1.50261219566780468426 
1.84956416658568323363 1.60689353359956665912 1.35650009083821099232 
1.71510874674702762377 1.06497776802989485567 1.91086483138723228770 
1.64519300759365938447 1.60301345172384634985 1.09979205931682777475 
1.67969365798267267209 1.94557313687688338000 1.53525448822859811315 
1.99332088981215149737 1.13830501456475752242 1.45449508282602790743 
1.25568836398846772617 1.70443890834819389291 1.89061184134001658563 
1.25816340395716719236 1.56107595412689681424 1.81169147528047691509 
1.54056116940808740523 1.60380809189931872183 1.40860080527619668800 
1.24949916486437140328 1.99804195335009127099 1.43102421322764405964 
1.25934858823362105795 1.62535153894163331145 1.34786804491637512982 
1.66019470316897033157 1.88614146006738403472 1.29315400698811067137 
1.87127143273577023486 1.59152480615764524430 1.02760716378496619328 
1.18164625155325198058 1.22302192238111473443 1.27841356341353851178 
1.38149976687877251713 1.75516749665522242552 1.99064101193286213665 
1.21890441559799467264 1.39676232155852431127 1.71217555331200865787 
1.24241583609025685320 1.89173556147714605480 1.06522570604237576397 
1.74441073188683892781 1.67585220763686515433 1.48283755275720174893 
1.91710864873236497274 1.68227011456341069007 1.46783868231260905546 
1.62571635949462600657 1.83107794341507412739 1.39391337051993002838 
1.81573450372748657067 1.44944367823543873719 1.13870804455384488918 
1.63802670500078018101 1.79061029240425217957 1.00415607625241398715 
1.59542833450951460073 1.31618138146683238965 1.18182058523730160182 
1.72576914775921896883 1.56890831648268935794 1.97003638311755602253 
1.86837576155431550617 1.23677077373818011807 1.30634456567706536134 
1.41593208893491362410 1.36421576847619774320 1.76530318059859436808 
1.98953059224169770403 1.56172227714639033636 1.94136209325235831180 
1.61285428625132642999 1.96265462290748615715 1.49114136427471910551 
1.23514902181036134721 1.69841745240562969066 1.33816340136314848586 
1.19137013766205090981 1.05375912918555725284 1.96015754220678584119 
1.16593979682076187565 1.93598996539205470135 1.64164481790882255119 
1.33164355322054017705 1.89860401227500674715 1.91555343931046739847 
1.88925154455129118425 1.06238413745154947065 1.06685376332962089663 
1.42376932724518612261 1.08774043483003546307 1.83057286562221044335 
1.32658731791608008876 1.13127054720613373640 1.82198381263096131910 
1.71958960702546104216 1.88573750609997992100 1.35271505128648805716 
1.05636917665241458764 1.46384334543036720433 1.36027041652597890931 
1.93780576170528973101 1.69371122890781689030 1.60452349950328665429 
1.89672967363528544027 1.43989534865975743472 1.85329359493616996346 
1.14728146941645614554 1.20972327140466950901 1.51667547945326353087 
1.79653277274021916377 1.99923391874914568866 1.10263704559828967788 
1.37772894480733909539 1.90499264959536063202 1.43531851278317712506 
1.58423754086942580876 1.79346469019208520912 1.66617934743742246440 
1.51736571339992898366 1.60364863721448913658 1.33628574392704568830 
1.96497320394158769830 1.31846773867738309427 1.23850944475489299634 
1.94067286776373659762 1.59921693045569957015 1.04817832203627148147 
1.32163883432291373587 1.39973486529666901745 1.59928003123446904610 
1.22632202826531311324 1.55755585242286187508 1.79166383798788841908 
1.17344111667837669444 1.80963829464137004877 1.08845997125685101103 
1.68263883439107719830 1.24236540814434759383 1.69585596802523697058 
1.35249107467897000667 1.75732635773056844464 1.30471442977206608660 
1.26085487720580968762 1.99274763712412861238 1.76899630375124483628 
1.68683615526806862661 1.45031573980039052429 1.61163868017965494772 
1.56633188370793541289 1.20189897222597630311 1.10104135175458850426 
1.52801643718061042065 1.55608030043809342224 1.01582117271708871620 
1.64953288357474070480 1.71056901578603515190 1.89819830361896935145 
1.00396441877523034947 1.14144385510773949122 1.17244912669036516206 
1.90079585940918738274 1.14650638656306758101 1.80560731097841054016 
1.63301291820082217221 1.44211781930773530469 1.75291241013910958912 
1.32446592413497343799 1.10225490245285806523 1.65328518586835837567 
1.67834997827533705106 1.47295367291278034294 1.57806824356877184456 
1.61782440954243544873 1.32746322265767724424 1.26129997215167177771 
1.48254010491791676785 1.10541413228087037623 1.60394584229347780813 
1.47900050138893091045 1.05933816003136138661 1.74862616694940631312 
1.05975639131966259399 1.13503614197028368515 1.23180001060582933192 
1.70333563190778636276 1.14376516435424768758 1.56002180290812564323 
1.23719569374203430812 1.52993368390010364699 1.68810636783111100989 
1.70322640313133688572 1.41263621761413893374 1.77231909724305602971 
1.74978531498231548724 1.43454129114429784764 1.73250590338449583783 
1.16395546652817349909 1.42106274336759530463 1.90605364704359381278 
1.24764635792360145672 1.88026441881930250766 1.33486706928049381204 
1.02036918821462130325 1.44983543073887122254 1.89139243265238499170 
1.55714862574332646439 1.16372719759067022594 1.02952774088876486402 
1.40736292619373437596 1.84431091262663038322 1.76333804169863372913 
1.72168326952090144921 1.70388572041550556690 1.62859864139920862414 
1.59042675050942672321 1.38793255298930362507 1.89768049582635889294 
1.61989388634455266924 1.11847061010002346571 1.80848862855921055370 
1.63012204743271915675 1.39217692378776591866 1.81127525837520475527 
1.81480090207344568753 1.40960859079426170659 1.28506349888075477317 
1.35248523901287809323 1.03735259911254229515 1.25533097879194599500 
1.15292222524982745924 1.78998128313786275534 1.45948634299097323996 
1.67436859528516079898 1.29235131277353643142 1.24776887466017050166 
1.05717723986988376694 1.63431377145802581019 1.70090979158639954427 
1.18198820475724830636 1.21527074608219853857 1.74823704924326905896 
1.79108534711375866344 1.15162528324297475102 1.33874277970840593888 
1.25451161854959258868 
consumed time for generating 100000000 randoms.
BLOCK [0, 1) AVE: 623ms.
BLOCK (0, 1] AVE: 641ms.
BLOCK (0, 1) AVE: 646ms.
BLOCK [1, 2) AVE: 514ms.
SEQ [0, 1) 1 AVE: 910ms.
total = 500007156.848812
SEQ [0, 1) 2 AVE: 763ms.
total = 25086.674016
ADD   AVE: 188ms.
total = 50000.000000
SEQ (0, 1] 1 AVE: 926ms.
total = 499998429.484727
SEQ (0, 1] 2 AVE: 808ms.
total = 25053.298483
ADD   AVE: 188ms.
total = 50000.000000
SEQ (0, 1) 1 AVE: 910ms.
total = 500020000.680797
SEQ (0, 1) 2 AVE: 762ms.
total = 24999.784871
ADD   AVE: 188ms.
total = 50000.000000
SEQ [1, 2) 1 AVE: 835ms.
total = 1500003992.295066
SEQ [1, 2) 2 AVE: 757ms.
total = 75018.384345
ADD   AVE: 189ms.
total = 50000.000000
