generated randoms [0,1)
0.62964490895906966000 0.08832263660017791700 0.71484082950776084000 
0.34723448664590428000 0.08670820471739615300 0.54502234309602904000 
0.80837249203499617000 0.89491832289893325000 0.28735056396450398000 
0.94561878761499818000 0.47009014399927040000 0.87652339776093569000 
0.94013870585172410000 0.42641486146137697000 0.05505504025341445600 
0.80813570611012686000 0.53620654250242294000 0.01740087889619212900 
0.97209223938796652000 0.16785083009760604000 0.96371788081758858000 
0.12760452285570634000 0.94174563886645446000 0.44347327996967079000 
0.03348998024457761100 0.85921513162510910000 0.59748828078487981000 
0.18444814536626741000 0.58786096386052011000 0.45676282262048784000 
0.16938472276241612000 0.63664006230851644000 0.10324973381043279000 
0.70488579061995704000 0.76782369224692637000 0.19378011353195190000 
0.96853966723972040000 0.26493352823786465000 0.79913643013726876000 
0.93041285094716497000 0.02794003165425684700 0.16720492648359309000 
0.37886496641001943000 0.90790329491479782000 0.10410153856095383000 
0.13537004214815074000 0.51186892026279751000 0.10563707125738619000 
0.71903791665115180000 0.20361871691804567000 0.69138752208328369000 
0.33268670542735235000 0.37497235194602663000 0.36299920524087370000 
0.85807447252557179000 0.93333773645463980000 0.40625208556854475000 
0.76710246155537809000 0.26811704816087856000 0.38609050453514104000 
0.82961781832943471000 0.46222467086084551000 0.28180456417566968000 
0.11069263265952123000 0.85689707905354595000 0.27294973720384896000 
0.62075830952485478000 0.73979742279313254000 0.00105748161504548580 
0.73010433355972815000 0.62092859308484782000 0.11189687590003539000 
0.14029317790100571000 0.68670686259168567000 0.81022506482485679000 
0.81621393082809246000 0.99480404645380083000 0.89735621921214137000 
0.81401766425582300000 0.63324339092148030000 0.80337767079875633000 
0.92752000858807726000 0.31163044261092310000 0.05709118398866985800 
0.57869281782233717000 0.14733972082094549000 0.40104086179089427000 
0.83612049210912542000 0.30072102969069614000 0.76436969979364866000 
0.86231760602989493000 0.06900183344755195200 0.82139676085030988000 
0.23709946198421150000 0.74687108811688852000 0.69410746681056157000 
0.31601455443039272000 0.80018691755999383000 0.95386448115325284000 
0.64682575073746040000 0.24204526486876987000 0.93839045131005516000 
0.60311134534308386000 0.34725209951178471000 0.40120153292578364000 
0.45622217960077105000 0.94550598934378693000 0.80840514127746776000 
0.56508589943707821000 0.65410229108970785000 0.87815639382534783000 
0.85999307423288451000 0.09844480497083041300 0.48406570049244224000 
0.07177282890018399400 0.64206655659672252000 0.51616265891862945000 
0.05306667826720401500 0.34355371941379875000 0.94850809909381750000 
0.82623455347354513000 0.01904085062057459000 0.95109442729329619000 
0.51859127775623204000 0.01710359330406774300 0.69668097521875461000 
0.26465467940082821000 0.59674364730104212000 0.78963042748193035000 
0.99844047055628904000 0.65162667318016831000 0.60878842916557296000 
0.90761194129216394000 0.14186071999439154000 0.66105122145226347000 
0.09515665055173716500 0.41803683103108158000 0.55729830239545075000 
0.98504525395315445000 0.35151690068518437000 0.23980789466076091000 
0.57642533296941045000 0.38032422054160309000 0.85849084369699713000 
0.49091214793046034000 0.00769039452470510200 0.48018420690984254000 
0.99739821334378065000 0.29905147424498879000 0.19074631612767923000 
0.37382418106569593000 0.08422859661512882600 0.45981955027602850000 
0.10984251912755849000 0.61592643415930137000 0.91068134188748684000 
0.14379411712163304000 0.48110127025704230000 0.21957266114913421000 
0.34603412994623572000 0.66560647807416506000 0.10810908651276030000 
0.58487947834531595000 0.47462565992914030000 0.16847246482853806000 
0.52764702455826606000 0.59072054692147491000 0.38077479266010550000 
0.05063505243129595700 0.84540686876753712000 0.61433111837286059000 
0.43482505531986892000 0.13347981865573777000 0.00284523734661390470 
0.38254695742182854000 0.66907926608209256000 0.59491150501110823000 
0.14612660489095441000 0.19941515148916000000 0.76784015368399161000 
0.39403914007760110000 0.55545799934819606000 0.01839301942050175500 
0.68945068764652140000 0.19665579537544220000 0.34392649359985983000 
0.36767024794272718000 0.31867532238411278000 0.95110507397688870000 
0.76261637648315705000 0.69021470011952002000 0.91885973986559177000 
0.26182891240034234000 0.90412133485396318000 0.44899531068664089000 
0.56900798456361157000 0.88742016273293856000 0.33848148596194605000 
0.47603422568945852000 0.80492961534144913000 0.45807219498479834000 
0.29395446742016906000 0.92178395209477926000 0.27298354035722072000 
0.57344043005763945000 0.19969050479117723000 0.50858804861563534000 
0.84756803584067320000 0.20949251756992249000 0.31499805258992786000 
0.38187352213119574000 0.49666870787404149000 0.62502214969669390000 
0.55144882105272597000 0.41523182365620381000 0.61641284799377138000 
0.92593334890236911000 0.46164448021133153000 0.31007870459869813000 
0.26757893841231994000 0.25170601239475321000 0.85831836645208637000 
0.52970529023475987000 0.98817594063510694000 0.00433361615537886100 
0.31875703968249325000 0.87901207514959756000 0.15984592736793291000 
0.07918771515322808900 0.17264324842324053000 0.68247537437031491000 
0.35086421239639787000 0.78170611471299334000 0.58423050672121635000 
0.49623649261485570000 0.36868571399653205000 0.41665185122741377000 
0.57562189636115835000 0.55702517061604873000 0.71410385106829333000 
0.98958187499603723000 0.40383081281127309000 0.46489877458248374000 
0.16333579302534762000 0.86566712034037452000 0.95834646838234394000 
0.81269455436935334000 0.39750557698549649000 0.26845806503629022000 
0.46901806906845422000 0.85239558401629578000 0.55959219486286904000 
0.27731640099094435000 0.71243696349761465000 0.64939732820734930000 
0.44040074694257725000 0.34312962688466442000 0.97563437410138798000 
0.26920787707732341000 0.42737190435687200000 0.63021556007229318000 
0.58785892248590166000 0.82168937708009460000 0.79975433055748857000 
0.77368122720932364000 0.12512130061846305000 0.57809665729488535000 
0.67753000030136512000 0.56650964557016725000 0.20658847368193345000 
0.94103105441074852000 0.24187286273160002000 0.17112254319585096000 
0.90014370933814636000 0.17286111307675722000 0.51685200325607727000 
0.20654167741077600000 0.41471418534253202000 0.51078371855888616000 
0.83611837646063791000 0.84507568144083289000 0.95817499299805431000 
0.26961272330223873000 0.55085574650178382000 0.49366184112080203000 
0.88841980873257587000 0.19987237215210807000 0.84279165406556489000 
0.97050328308650946000 0.88842331459896373000 0.13952079737036494000 
0.51411836837956915000 0.54632394139556717000 0.68670252189644154000 
0.68048454924811019000 0.00579478704892499860 0.12182929312854984000 
0.59571650047793234000 0.63470129649840312000 0.02445413252307338000 
0.19993121060101404000 0.97681426769144886000 0.39856799594330683000 
0.52449206196878539000 0.29862281016983983000 0.58478311592499699000 
0.42299418582403137000 0.49324602143861873000 0.66934235206506587000 
0.57515038606607982000 0.07988199265564843700 0.18225009102435052000 
0.42065767738965198000 0.99263494035912658000 0.33963795426770504000 
0.43227248511420946000 0.92543237723581351000 0.56948266845939277000 
0.02034608483804167800 0.44656448027099160000 0.72664443199489948000 
0.86462854690320179000 0.34028499363342468000 0.63880506583514829000 
0.08494969144284270100 0.68756775013743288000 0.01388666272083671800 
0.92699300426506559000 0.40524203205616027000 0.55307311737871934000 
0.12398861082439261000 0.91211391860181035000 0.29055252817212263000 
0.09375976604913138800 0.32212627648781966000 0.11572686961243472000 
0.51970521367216627000 0.73090083106667358000 0.32561020588679734000 
0.09158482080806362700 0.71630481767126608000 0.51760638828487537000 
0.33492038855545303000 0.06408549955023068500 0.57540973756236569000 
0.92473991889779428000 0.86235896091513342000 0.06344649674441993300 
0.35240703948192587000 0.09301656327563701000 0.91749588161321127000 
0.07905414637295615800 0.23662159513004899000 0.80748595444884264000 
0.36460001566089817000 0.58729623200726588000 0.62779342879942290000 
0.81527439869235985000 0.05300788529198063900 0.87447296176695510000 
0.01089642537638257900 0.81795797469360343000 0.53496071951487956000 
0.70941570973665957000 0.99412439492312932000 0.03975784294907591700 
0.25983650899154953000 0.47251833659794928000 0.61122911451158735000 
0.60837921933882000000 0.09699497486565555900 0.14458513451471733000 
0.47501706850772174000 0.70613613438981471000 0.61589108826149230000 
0.57488629009206260000 0.40482466646870541000 0.72246002603898485000 
0.97950394903974325000 0.51845914651644720000 0.63888690059105357000 
0.21615059784012836000 0.82039526927500606000 0.05842971413576814000 
0.20022631308765226000 0.30053075170857513000 0.68777036833965144000 
0.77845389267635157000 0.69316287384256148000 0.51721399575361082000 
0.64960490713440544000 0.33038150041002057000 0.82454496803182664000 
0.81365617620334452000 0.99448547449817104000 0.78411189023033567000 
0.08199408051575485200 0.74995650033570294000 0.03314395521967727900 
0.92459192014887526000 0.26203363614831687000 0.11237048860224075000 
0.27433089998853166000 0.76098405475851871000 0.28788745521536208000 
0.28457487400546366000 0.77219479734416496000 0.06815104785919690000 
0.59389856410910324000 0.67565961987991408000 0.87417609890627546000 
0.97183205117029403000 0.88714553139033825000 0.49167269890694265000 
0.56383872117835532000 0.89156972247482180000 0.59152404670421377000 
0.52738592492057190000 0.19263543991761534000 0.50150534102021949000 
0.14837111360503052000 0.29795077818612015000 0.45674453159450268000 
0.69431711511343530000 0.23808653851300376000 0.55875210817209986000 
0.11467782966777396000 0.85863851558522986000 0.83809075069317163000 
0.36061398630671326000 0.40845200346294108000 0.93390941211663270000 
0.43811483017877229000 0.93004011403569153000 0.98734196407372976000 
0.62185470352637617000 0.12020775836247521000 0.87971716918001319000 
0.60894694887258849000 0.69372605440810808000 0.23381056984847715000 
0.06361082446144616900 0.49879765912659324000 0.99149867017746862000 
0.12708150053278477000 0.66993357276181764000 0.30999416575212657000 
0.58479137843759244000 0.98268495436489678000 0.74998345568912916000 
0.46631752624348444000 0.75371100002422353000 0.50030243465287882000 
0.21776804119265192000 0.20280822725328762000 0.35069567650769851000 
0.13039863897536708000 0.74436347403625547000 0.16983011809230919000 
0.26113483955616679000 0.19714624245494061000 0.36482253582239110000 
0.39875360729555331000 0.70766179713075172000 0.25623920523299870000 
0.46420440157169707000 0.61343189475655024000 0.99765643204702559000 
0.81447144876541167000 0.96458647169759137000 0.49482289670833701000 
0.41182516005715430000 0.42531305456120538000 0.42112071889475233000 
0.16517416498393112000 0.65148193678850785000 0.04426034775205178700 
0.50294522736525860000 0.29127681857092957000 0.95281572479032994000 
0.57233272639652255000 0.76234486360955689000 0.15510618554596300000 
0.85607347794691413000 0.97165372112890269000 0.08379297097233617800 
0.75917800896272003000 0.23529005438220874000 0.75056292417245007000 
0.45852799723656124000 0.43212319939891719000 0.35128541061604390000 
0.91910273730480530000 0.18848752982530503000 0.37203627330721556000 
0.39638435168802344000 0.33666120480858241000 0.35456883193563105000 
0.65498849731402986000 0.90184502917695086000 0.99756516030450992000 
0.22270498901602065000 0.17081773392846622000 0.28631619114706219000 
0.14514894982833959000 0.42924887883201035000 0.71325212405747540000 
0.51503993167296480000 0.25977220208328911000 0.01075995875723223500 
0.72500857413718189000 0.79313704068850721000 0.88210686774135261000 
0.96603328305408054000 0.28332768009265052000 0.71353955418995429000 
0.60215115294152266000 0.95635873438838126000 0.27588365223870071000 
0.36603169167780480000 0.81687046671127006000 0.61815335217022160000 
0.66802820100545657000 0.93781647376676402000 0.09548090449907276100 
0.11750753498863897000 0.68889201778586706000 0.80185563536257742000 
0.38738219500193560000 0.53867182314029360000 0.29765537779875806000 
0.14718842400025700000 0.06016371929778419100 0.40821624180180738000 
0.59516155741881738000 0.51745631515812329000 0.69876642552184021000 
0.10979628929700458000 0.27020299417611571000 0.64945862140124655000 
0.20697081621924185000 0.27962172239614480000 0.94369592921589041000 
0.56896311609421590000 0.59532132244039770000 0.77689207430069573000 
0.49078535238904020000 0.48665870954150403000 0.03986942434910867300 
0.73209757260258068000 0.94642407593884847000 0.25149381222576639000 
0.88100515753261144000 0.01398179545035205300 0.85274211359047647000 
0.19956863597908714000 0.46951952908739814000 0.27127980214543346000 
0.50638949249053433000 0.22391383184205504000 0.66655490365452641000 
0.36668647000332633000 0.45849776556376787000 0.50050525163936843000 
0.65378418028933583000 0.52209326824181312000 0.73026064266477309000 
0.63056156094418214000 0.37494184434604150000 0.75552503286218498000 
0.53568317762574513000 0.91506620944134642000 0.29019681767993366000 
0.04387507995881057000 0.84412901451047051000 0.03188141425284629600 
0.00659218785548287830 0.47574726606703055000 0.18932835716971574000 
0.44929444096762405000 0.36301442051014754000 0.57797507743609833000 
0.68936457119284578000 0.19300839059772534000 0.88963051012742511000 
0.57483611023797043000 0.31917977730117930000 0.99647885497156996000 
0.52949404541354528000 0.05326809885662275900 0.05809572462920686900 
0.31626758216497630000 0.83812906035861778000 0.77401858513310517000 
0.74457763564150237000 0.68214936885717448000 0.63750773686871987000 
0.89274981122276320000 0.31328351142948452000 0.80549011105862323000 
0.37713216922029025000 0.60977908367537070000 0.59176670196132863000 
0.36207769276527291000 0.21260017470485537000 0.99220593876902341000 
0.29165753308317610000 0.54648192250561234000 0.67043648450919968000 
0.61032690831939584000 0.84362801777894614000 0.39250039315941732000 
0.10192755088456296000 0.40073261474428157000 0.93539430680356905000 
0.31845110247554564000 0.64237332184679352000 0.09827188194816449700 
0.71784782310519990000 0.41610767281020999000 0.44495540779419973000 
0.97422718759643923000 0.31344441264484568000 0.44349774542416176000 
0.85958924842515994000 0.09369684776524556100 0.15924593412076238000 
0.32091841558110068000 0.21400146760813632000 0.49192566677354876000 
0.27804142749311089000 0.52555222999555373000 0.11960452580469894000 
0.88110026038278777000 0.89666183638705577000 0.93338056988211004000 
0.81921625651317664000 0.76207279454747701000 0.73310605380995364000 
0.10458266109424241000 0.91781873801908187000 0.99497102071114996000 
0.23955002677516446000 0.33193182720724290000 0.40668587986501148000 
0.71160223948801260000 0.52135641706374014000 0.50495141545783073000 
0.24368917291020775000 0.03029526703465035300 0.48049499741427004000 
0.96187432690300478000 0.37359643291970968000 0.92807368570529380000 
0.68533134947864705000 0.08531561640267648600 0.07509717721019071300 
0.23035480378903239000 0.72892196772401774000 0.21652227902725518000 
0.61609019795849251000 0.80488499696333249000 0.53697553764983086000 
0.39582185295103467000 0.55419073350164538000 0.86063688125247273000 
0.33228540879889645000 0.05110015692965119700 0.87381884900371398000 
0.80102099073130928000 0.35827840090482099000 0.34384755056103233000 
0.55629052222303477000 0.11163460272474768000 0.64660625220998647000 
0.34580974013953059000 0.42960334526962374000 0.74819261769398238000 
0.27367985034069475000 0.00442805071882790280 0.99390965419822286000 
0.13831845278320576000 0.15692531016409639000 0.78211728969456740000 
0.97018545109569110000 0.25703769707039403000 0.20015600426567781000 
0.29466590495007328000 0.98811868333857888000 0.20656096166103843000 
0.54912072494111297000 0.05687812171818462700 0.72148435589058058000 
0.49108708156724701000 0.30780336539270592000 0.02858735484685848100 
0.52481108935775289000 0.55727667714765228000 0.32562402213305641000 
0.10038833629679078000 0.57600478876894301000 0.02986918114112868700 
0.61006417257859424000 0.10530216960779382000 0.08400708211068397300 
0.69270990138712452000 0.74085901083129158000 0.06514323913193131900 
0.08645397017925127200 0.71368485089005662000 0.44554819294512948000 
0.55821351727556845000 0.06160558346827183000 0.43268404119826820000 
0.43828230222910780000 0.82565552372659323000 0.28522016722023213000 
0.02482011064373868000 0.57792617983864925000 0.49483471988269589000 
0.35415969197684061000 0.98441780771368048000 0.59395864052543512000 
0.13575288443801159000 0.82335737791609853000 0.87486939044732881000 
0.33034088210359935000 0.19687669621445525000 0.49660705243383996000 
0.45309283897543673000 0.92308810135603170000 0.10883990992658710000 
0.67943670884891327000 0.15434819884573114000 0.92270064838203236000 
0.81437618400911282000 0.18386707234049515000 0.71403734493430759000 
0.40670925624807208000 0.72719460533848279000 0.59182151139371686000 
0.08889009502752842600 0.77110208298188554000 0.67411192162293521000 
0.38079889563835900000 0.02369644995954844900 0.50261219566780468000 
0.84956416658568323000 0.60689353359956666000 0.35650009083821099000 
0.71510874674702762000 0.06497776802989485600 0.91086483138723229000 
0.64519300759365938000 0.60301345172384635000 0.09979205931682777500 
0.67969365798267267000 0.94557313687688338000 0.53525448822859811000 
0.99332088981215150000 0.13830501456475752000 0.45449508282602791000 
0.25568836398846773000 0.70443890834819389000 0.89061184134001659000 
0.25816340395716719000 0.56107595412689681000 0.81169147528047692000 
0.54056116940808741000 0.60380809189931872000 0.40860080527619669000 
0.24949916486437140000 0.99804195335009127000 0.43102421322764406000 
0.25934858823362106000 0.62535153894163331000 0.34786804491637513000 
0.66019470316897033000 0.88614146006738403000 0.29315400698811067000 
0.87127143273577023000 0.59152480615764524000 0.02760716378496619300 
0.18164625155325198000 0.22302192238111473000 0.27841356341353851000 
0.38149976687877252000 0.75516749665522243000 0.99064101193286214000 
0.21890441559799467000 0.39676232155852431000 0.71217555331200866000 
0.24241583609025685000 0.89173556147714605000 0.06522570604237576400 
0.74441073188683893000 0.67585220763686515000 0.48283755275720175000 
0.91710864873236497000 0.68227011456341069000 0.46783868231260906000 
0.62571635949462601000 0.83107794341507413000 0.39391337051993003000 
0.81573450372748657000 0.44944367823543874000 0.13870804455384489000 
0.63802670500078018000 0.79061029240425218000 0.00415607625241398710 
0.59542833450951460000 0.31618138146683239000 0.18182058523730160000 
0.72576914775921897000 0.56890831648268936000 0.97003638311755602000 
0.86837576155431551000 0.23677077373818012000 0.30634456567706536000 
0.41593208893491362000 0.36421576847619774000 0.76530318059859437000 
0.98953059224169770000 0.56172227714639034000 0.94136209325235831000 
0.61285428625132643000 0.96265462290748616000 0.49114136427471911000 
0.23514902181036135000 0.69841745240562969000 0.33816340136314849000 
0.19137013766205091000 0.05375912918555725300 0.96015754220678584000 
0.16593979682076188000 0.93598996539205470000 0.64164481790882255000 
0.33164355322054018000 0.89860401227500675000 0.91555343931046740000 
0.88925154455129118000 0.06238413745154947100 0.06685376332962089700 
0.42376932724518612000 0.08774043483003546300 0.83057286562221044000 
0.32658731791608009000 0.13127054720613374000 0.82198381263096132000 
0.71958960702546104000 0.88573750609997992000 0.35271505128648806000 
0.05636917665241458800 0.46384334543036720000 0.36027041652597891000 
0.93780576170528973000 0.69371122890781689000 0.60452349950328665000 
0.89672967363528544000 0.43989534865975743000 0.85329359493616996000 
0.14728146941645615000 0.20972327140466951000 0.51667547945326353000 
0.79653277274021916000 0.99923391874914569000 0.10263704559828968000 
0.37772894480733910000 0.90499264959536063000 0.43531851278317713000 
0.58423754086942581000 0.79346469019208521000 0.66617934743742246000 
0.51736571339992898000 0.60364863721448914000 0.33628574392704569000 
0.96497320394158770000 0.31846773867738309000 0.23850944475489300000 
0.94067286776373660000 0.59921693045569957000 0.04817832203627148100 
0.32163883432291374000 0.39973486529666902000 0.59928003123446905000 
0.22632202826531311000 0.55755585242286188000 0.79166383798788842000 
0.17344111667837669000 0.80963829464137005000 0.08845997125685101100 
0.68263883439107720000 0.24236540814434759000 0.69585596802523697000 
0.35249107467897001000 0.75732635773056844000 0.30471442977206609000 
0.26085487720580969000 0.99274763712412861000 0.76899630375124484000 
0.68683615526806863000 0.45031573980039052000 0.61163868017965495000 
0.56633188370793541000 0.20189897222597630000 0.10104135175458850000 
0.52801643718061042000 0.55608030043809342000 0.01582117271708871600 
0.64953288357474070000 0.71056901578603515000 0.89819830361896935000 
0.00396441877523034950 0.14144385510773949000 0.17244912669036516000 
0.90079585940918738000 0.14650638656306758000 0.80560731097841054000 
0.63301291820082217000 0.44211781930773530000 0.75291241013910959000 
0.32446592413497344000 0.10225490245285807000 0.65328518586835838000 
0.67834997827533705000 0.47295367291278034000 0.57806824356877184000 
0.61782440954243545000 0.32746322265767724000 0.26129997215167178000 
0.48254010491791677000 0.10541413228087038000 0.60394584229347781000 
0.47900050138893091000 0.05933816003136138700 0.74862616694940631000 
0.05975639131966259400 0.13503614197028369000 0.23180001060582933000 
0.70333563190778636000 0.14376516435424769000 0.56002180290812564000 
0.23719569374203431000 0.52993368390010365000 0.68810636783111101000 
0.70322640313133689000 0.41263621761413893000 0.77231909724305603000 
0.74978531498231549000 0.43454129114429785000 0.73250590338449584000 
0.16395546652817350000 0.42106274336759530000 0.90605364704359381000 
0.24764635792360146000 0.88026441881930251000 0.33486706928049381000 
0.02036918821462130300 0.44983543073887122000 0.89139243265238499000 
0.55714862574332646000 0.16372719759067023000 0.02952774088876486400 
0.40736292619373438000 0.84431091262663038000 0.76333804169863373000 
0.72168326952090145000 0.70388572041550557000 0.62859864139920862000 
0.59042675050942672000 0.38793255298930363000 0.89768049582635889000 
0.61989388634455267000 0.11847061010002347000 0.80848862855921055000 
0.63012204743271916000 0.39217692378776592000 0.81127525837520476000 
0.81480090207344569000 0.40960859079426171000 0.28506349888075477000 
0.35248523901287809000 0.03735259911254229500 0.25533097879194599000 
0.15292222524982746000 0.78998128313786276000 0.45948634299097324000 
0.67436859528516080000 0.29235131277353643000 0.24776887466017050000 
0.05717723986988376700 0.63431377145802581000 0.70090979158639954000 
0.18198820475724831000 0.21527074608219854000 0.74823704924326906000 
0.79108534711375866000 0.15162528324297475000 0.33874277970840594000 
0.25451161854959259000 
generated randoms (0, 1]
0.37035509104093034000 0.91167736339982208000 0.28515917049223916000 
0.65276551335409572000 0.91329179528260385000 0.45497765690397096000 
0.19162750796500383000 0.10508167710106675000 0.71264943603549602000 
0.05438121238500182000 0.52990985600072960000 0.12347660223906431000 
0.05986129414827590100 0.57358513853862303000 0.94494495974658554000 
0.19186429388987314000 0.46379345749757706000 0.98259912110380787000 
0.02790776061203348300 0.83214916990239396000 0.03628211918241142100 
0.87239547714429366000 0.05825436113354554000 0.55652672003032921000 
0.96651001975542239000 0.14078486837489090000 0.40251171921512019000 
0.81555185463373259000 0.41213903613947989000 0.54323717737951216000 
0.83061527723758388000 0.36335993769148356000 0.89675026618956721000 
0.29511420938004296000 0.23217630775307363000 0.80621988646804810000 
0.03146033276027959700 0.73506647176213535000 0.20086356986273124000 
0.06958714905283502900 0.97205996834574315000 0.83279507351640691000 
0.62113503358998057000 0.09209670508520218000 0.89589846143904617000 
0.86462995785184926000 0.48813107973720249000 0.89436292874261381000 
0.28096208334884820000 0.79638128308195433000 0.30861247791671631000 
0.66731329457264765000 0.62502764805397337000 0.63700079475912630000 
0.14192552747442821000 0.06666226354536020100 0.59374791443145525000 
0.23289753844462191000 0.73188295183912144000 0.61390949546485896000 
0.17038218167056529000 0.53777532913915449000 0.71819543582433032000 
0.88930736734047877000 0.14310292094645405000 0.72705026279615104000 
0.37924169047514522000 0.26020257720686746000 0.99894251838495451000 
0.26989566644027185000 0.37907140691515218000 0.88810312409996461000 
0.85970682209899429000 0.31329313740831433000 0.18977493517514321000 
0.18378606917190754000 0.00519595354619917240 0.10264378078785863000 
0.18598233574417700000 0.36675660907851970000 0.19662232920124367000 
0.07247999141192274000 0.68836955738907690000 0.94290881601133014000 
0.42130718217766283000 0.85266027917905451000 0.59895913820910573000 
0.16387950789087458000 0.69927897030930386000 0.23563030020635134000 
0.13768239397010507000 0.93099816655244805000 0.17860323914969012000 
0.76290053801578850000 0.25312891188311148000 0.30589253318943843000 
0.68398544556960728000 0.19981308244000617000 0.04613551884674715900 
0.35317424926253960000 0.75795473513123013000 0.06160954868994483700 
0.39688865465691614000 0.65274790048821529000 0.59879846707421636000 
0.54377782039922895000 0.05449401065621306600 0.19159485872253224000 
0.43491410056292179000 0.34589770891029215000 0.12184360617465217000 
0.14000692576711549000 0.90155519502916959000 0.51593429950755776000 
0.92822717109981601000 0.35793344340327748000 0.48383734108137055000 
0.94693332173279599000 0.65644628058620125000 0.05149190090618249700 
0.17376544652645487000 0.98095914937942541000 0.04890557270670381500 
0.48140872224376796000 0.98289640669593226000 0.30331902478124539000 
0.73534532059917179000 0.40325635269895788000 0.21036957251806965000 
0.00155952944371096080 0.34837332681983169000 0.39121157083442704000 
0.09238805870783606300 0.85813928000560846000 0.33894877854773653000 
0.90484334944826283000 0.58196316896891842000 0.44270169760454925000 
0.01495474604684554600 0.64848309931481563000 0.76019210533923909000 
0.42357466703058955000 0.61967577945839691000 0.14150915630300287000 
0.50908785206953966000 0.99230960547529490000 0.51981579309015746000 
0.00260178665621935150 0.70094852575501121000 0.80925368387232077000 
0.62617581893430407000 0.91577140338487117000 0.54018044972397150000 
0.89015748087244151000 0.38407356584069863000 0.08931865811251316100 
0.85620588287836696000 0.51889872974295770000 0.78042733885086579000 
0.65396587005376428000 0.33439352192583494000 0.89189091348723970000 
0.41512052165468405000 0.52537434007085970000 0.83152753517146194000 
0.47235297544173394000 0.40927945307852509000 0.61922520733989450000 
0.94936494756870404000 0.15459313123246288000 0.38566888162713941000 
0.56517494468013108000 0.86652018134426223000 0.99715476265338610000 
0.61745304257817146000 0.33092073391790744000 0.40508849498889177000 
0.85387339510904559000 0.80058484851084000000 0.23215984631600839000 
0.60596085992239890000 0.44454200065180394000 0.98160698057949825000 
0.31054931235347860000 0.80334420462455780000 0.65607350640014017000 
0.63232975205727282000 0.68132467761588722000 0.04889492602311129600 
0.23738362351684295000 0.30978529988047998000 0.08114026013440822600 
0.73817108759965766000 0.09587866514603682300 0.55100468931335911000 
0.43099201543638843000 0.11257983726706144000 0.66151851403805395000 
0.52396577431054148000 0.19507038465855087000 0.54192780501520166000 
0.70604553257983094000 0.07821604790522074200 0.72701645964277928000 
0.42655956994236055000 0.80030949520882277000 0.49141195138436466000 
0.15243196415932680000 0.79050748243007751000 0.68500194741007214000 
0.61812647786880426000 0.50333129212595851000 0.37497785030330610000 
0.44855117894727403000 0.58476817634379619000 0.38358715200622862000 
0.07406665109763088700 0.53835551978866847000 0.68992129540130187000 
0.73242106158768006000 0.74829398760524679000 0.14168163354791363000 
0.47029470976524013000 0.01182405936489305800 0.99566638384462114000 
0.68124296031750675000 0.12098792485040244000 0.84015407263206709000 
0.92081228484677191000 0.82735675157675947000 0.31752462562968509000 
0.64913578760360213000 0.21829388528700666000 0.41576949327878365000 
0.50376350738514430000 0.63131428600346795000 0.58334814877258623000 
0.42437810363884165000 0.44297482938395127000 0.28589614893170667000 
0.01041812500396277500 0.59616918718872691000 0.53510122541751626000 
0.83666420697465238000 0.13433287965962548000 0.04165353161765605900 
0.18730544563064666000 0.60249442301450351000 0.73154193496370978000 
0.53098193093154578000 0.14760441598370422000 0.44040780513713096000 
0.72268359900905565000 0.28756303650238535000 0.35060267179265070000 
0.55959925305742275000 0.65687037311533558000 0.02436562589861202000 
0.73079212292267659000 0.57262809564312800000 0.36978443992770682000 
0.41214107751409834000 0.17831062291990540000 0.20024566944251143000 
0.22631877279067636000 0.87487869938153695000 0.42190334270511465000 
0.32246999969863488000 0.43349035442983275000 0.79341152631806655000 
0.05896894558925147600 0.75812713726839998000 0.82887745680414904000 
0.09985629066185364200 0.82713888692324278000 0.48314799674392273000 
0.79345832258922400000 0.58528581465746798000 0.48921628144111384000 
0.16388162353936209000 0.15492431855916711000 0.04182500700194569100 
0.73038727669776127000 0.44914425349821618000 0.50633815887919797000 
0.11158019126742413000 0.80012762784789193000 0.15720834593443511000 
0.02949671691349053900 0.11157668540103627000 0.86047920262963506000 
0.48588163162043085000 0.45367605860443283000 0.31329747810355846000 
0.31951545075188981000 0.99420521295107500000 0.87817070687145016000 
0.40428349952206766000 0.36529870350159688000 0.97554586747692662000 
0.80006878939898596000 0.02318573230855114400 0.60143200405669317000 
0.47550793803121461000 0.70137718983016017000 0.41521688407500301000 
0.57700581417596863000 0.50675397856138127000 0.33065764793493413000 
0.42484961393392018000 0.92011800734435156000 0.81774990897564948000 
0.57934232261034802000 0.00736505964087341700 0.66036204573229496000 
0.56772751488579054000 0.07456762276418649200 0.43051733154060723000 
0.97965391516195832000 0.55343551972900840000 0.27335556800510052000 
0.13537145309679821000 0.65971500636657532000 0.36119493416485171000 
0.91505030855715730000 0.31243224986256712000 0.98611333727916328000 
0.07300699573493441000 0.59475796794383973000 0.44692688262128066000 
0.87601138917560739000 0.08788608139818965300 0.70944747182787737000 
0.90624023395086861000 0.67787372351218034000 0.88427313038756528000 
0.48029478632783373000 0.26909916893332642000 0.67438979411320266000 
0.90841517919193637000 0.28369518232873392000 0.48239361171512463000 
0.66507961144454697000 0.93591450044976932000 0.42459026243763431000 
0.07526008110220572300 0.13764103908486658000 0.93655350325558007000 
0.64759296051807413000 0.90698343672436299000 0.08250411838678872700 
0.92094585362704384000 0.76337840486995101000 0.19251404555115736000 
0.63539998433910183000 0.41270376799273412000 0.37220657120057710000 
0.18472560130764015000 0.94699211470801936000 0.12552703823304490000 
0.98910357462361742000 0.18204202530639657000 0.46503928048512044000 
0.29058429026334043000 0.00587560507687068250 0.96024215705092408000 
0.74016349100845047000 0.52748166340205072000 0.38877088548841265000 
0.39162078066118000000 0.90300502513434444000 0.85541486548528267000 
0.52498293149227826000 0.29386386561018529000 0.38410891173850770000 
0.42511370990793740000 0.59517533353129459000 0.27753997396101515000 
0.02049605096025675100 0.48154085348355280000 0.36111309940894643000 
0.78384940215987164000 0.17960473072499394000 0.94157028586423186000 
0.79977368691234774000 0.69946924829142487000 0.31222963166034856000 
0.22154610732364843000 0.30683712615743852000 0.48278600424638918000 
0.35039509286559456000 0.66961849958997943000 0.17545503196817336000 
0.18634382379665548000 0.00551452550182895960 0.21588810976966433000 
0.91800591948424515000 0.25004349966429706000 0.96685604478032272000 
0.07540807985112474300 0.73796636385168313000 0.88762951139775925000 
0.72566910001146834000 0.23901594524148129000 0.71211254478463792000 
0.71542512599453634000 0.22780520265583504000 0.93184895214080310000 
0.40610143589089676000 0.32434038012008592000 0.12582390109372454000 
0.02816794882970596900 0.11285446860966175000 0.50832730109305735000 
0.43616127882164468000 0.10843027752517820000 0.40847595329578623000 
0.47261407507942810000 0.80736456008238466000 0.49849465897978051000 
0.85162888639496948000 0.70204922181387985000 0.54325546840549732000 
0.30568288488656470000 0.76191346148699624000 0.44124789182790014000 
0.88532217033222604000 0.14136148441477014000 0.16190924930682837000 
0.63938601369328674000 0.59154799653705892000 0.06609058788336730200 
0.56188516982122771000 0.06995988596430846600 0.01265803592627023900 
0.37814529647362383000 0.87979224163752479000 0.12028283081998681000 
0.39105305112741151000 0.30627394559189192000 0.76618943015152285000 
0.93638917553855383000 0.50120234087340676000 0.00850132982253137830 
0.87291849946721523000 0.33006642723818236000 0.69000583424787343000 
0.41520862156240756000 0.01731504563510322100 0.25001654431087084000 
0.53368247375651556000 0.24628899997577647000 0.49969756534712118000 
0.78223195880734808000 0.79719177274671238000 0.64930432349230149000 
0.86960136102463292000 0.25563652596374453000 0.83016988190769081000 
0.73886516044383321000 0.80285375754505939000 0.63517746417760890000 
0.60124639270444669000 0.29233820286924828000 0.74376079476700130000 
0.53579559842830293000 0.38656810524344976000 0.00234356795297441240 
0.18552855123458833000 0.03541352830240862600 0.50517710329166299000 
0.58817483994284570000 0.57468694543879462000 0.57887928110524767000 
0.83482583501606888000 0.34851806321149215000 0.95573965224794821000 
0.49705477263474140000 0.70872318142907043000 0.04718427520967005700 
0.42766727360347745000 0.23765513639044311000 0.84489381445403700000 
0.14392652205308587000 0.02834627887109730800 0.91620702902766382000 
0.24082199103727997000 0.76470994561779126000 0.24943707582754993000 
0.54147200276343876000 0.56787680060108281000 0.64871458938395610000 
0.08089726269519470500 0.81151247017469497000 0.62796372669278444000 
0.60361564831197656000 0.66333879519141759000 0.64543116806436895000 
0.34501150268597014000 0.09815497082304913700 0.00243483969549007640 
0.77729501098397935000 0.82918226607153378000 0.71368380885293781000 
0.85485105017166041000 0.57075112116798965000 0.28674787594252460000 
0.48496006832703520000 0.74022779791671089000 0.98924004124276776000 
0.27499142586281811000 0.20686295931149279000 0.11789313225864739000 
0.03396671694591946200 0.71667231990734948000 0.28646044581004571000 
0.39784884705847734000 0.04364126561161874000 0.72411634776129929000 
0.63396830832219520000 0.18312953328872994000 0.38184664782977840000 
0.33197179899454343000 0.06218352623323597500 0.90451909550092724000 
0.88249246501136103000 0.31110798221413294000 0.19814436463742258000 
0.61261780499806440000 0.46132817685970640000 0.70234462220124194000 
0.85281157599974300000 0.93983628070221581000 0.59178375819819262000 
0.40483844258118262000 0.48254368484187671000 0.30123357447815979000 
0.89020371070299542000 0.72979700582388429000 0.35054137859875345000 
0.79302918378075815000 0.72037827760385520000 0.05630407078410959400 
0.43103688390578410000 0.40467867755960230000 0.22310792569930427000 
0.50921464761095980000 0.51334129045849597000 0.96013057565089133000 
0.26790242739741932000 0.05357592406115152500 0.74850618777423361000 
0.11899484246738856000 0.98601820454964795000 0.14725788640952353000 
0.80043136402091286000 0.53048047091260186000 0.72872019785456654000 
0.49361050750946567000 0.77608616815794496000 0.33344509634547359000 
0.63331352999667367000 0.54150223443623213000 0.49949474836063157000 
0.34621581971066417000 0.47790673175818688000 0.26973935733522691000 
0.36943843905581786000 0.62505815565395850000 0.24447496713781502000 
0.46431682237425487000 0.08493379055865357700 0.70980318232006634000 
0.95612492004118943000 0.15587098548952949000 0.96811858574715370000 
0.99340781214451712000 0.52425273393296945000 0.81067164283028426000 
0.55070555903237595000 0.63698557948985246000 0.42202492256390167000 
0.31063542880715422000 0.80699160940227466000 0.11036948987257489000 
0.42516388976202957000 0.68082022269882070000 0.00352114502843003940 
0.47050595458645472000 0.94673190114337724000 0.94190427537079313000 
0.68373241783502370000 0.16187093964138222000 0.22598141486689483000 
0.25542236435849763000 0.31785063114282552000 0.36249226313128013000 
0.10725018877723680000 0.68671648857051548000 0.19450988894137677000 
0.62286783077970975000 0.39022091632462930000 0.40823329803867137000 
0.63792230723472709000 0.78739982529514463000 0.00779406123097659000 
0.70834246691682390000 0.45351807749438766000 0.32956351549080032000 
0.38967309168060416000 0.15637198222105386000 0.60749960684058268000 
0.89807244911543704000 0.59926738525571843000 0.06460569319643094700 
0.68154889752445436000 0.35762667815320648000 0.90172811805183550000 
0.28215217689480010000 0.58389232718979001000 0.55504459220580027000 
0.02577281240356077400 0.68655558735515432000 0.55650225457583824000 
0.14041075157484006000 0.90630315223475444000 0.84075406587923762000 
0.67908158441889932000 0.78599853239186368000 0.50807433322645124000 
0.72195857250688911000 0.47444777000444627000 0.88039547419530106000 
0.11889973961721223000 0.10333816361294423000 0.06661943011788995500 
0.18078374348682336000 0.23792720545252299000 0.26689394619004636000 
0.89541733890575759000 0.08218126198091813000 0.00502897928885004400 
0.76044997322483554000 0.66806817279275710000 0.59331412013498852000 
0.28839776051198740000 0.47864358293625986000 0.49504858454216927000 
0.75631082708979225000 0.96970473296534965000 0.51950500258572996000 
0.03812567309699521600 0.62640356708029032000 0.07192631429470619500 
0.31466865052135295000 0.91468438359732351000 0.92490282278980929000 
0.76964519621096761000 0.27107803227598226000 0.78347772097274482000 
0.38390980204150749000 0.19511500303666751000 0.46302446235016914000 
0.60417814704896533000 0.44580926649835462000 0.13936311874752727000 
0.66771459120110355000 0.94889984307034880000 0.12618115099628602000 
0.19897900926869072000 0.64172159909517901000 0.65615244943896767000 
0.44370947777696523000 0.88836539727525232000 0.35339374779001353000 
0.65419025986046941000 0.57039665473037626000 0.25180738230601762000 
0.72632014965930525000 0.99557194928117210000 0.00609034580177714170 
0.86168154721679424000 0.84307468983590361000 0.21788271030543260000 
0.02981454890430890200 0.74296230292960597000 0.79984399573432219000 
0.70533409504992672000 0.01188131666142111500 0.79343903833896157000 
0.45087927505888703000 0.94312187828181537000 0.27851564410941942000 
0.50891291843275299000 0.69219663460729408000 0.97141264515314152000 
0.47518891064224711000 0.44272332285234772000 0.67437597786694359000 
0.89961166370320922000 0.42399521123105699000 0.97013081885887131000 
0.38993582742140576000 0.89469783039220618000 0.91599291788931603000 
0.30729009861287548000 0.25914098916870842000 0.93485676086806868000 
0.91354602982074873000 0.28631514910994338000 0.55445180705487052000 
0.44178648272443155000 0.93839441653172817000 0.56731595880173180000 
0.56171769777089220000 0.17434447627340677000 0.71477983277976787000 
0.97517988935626132000 0.42207382016135075000 0.50516528011730411000 
0.64584030802315939000 0.01558219228631951800 0.40604135947456488000 
0.86424711556198841000 0.17664262208390147000 0.12513060955267119000 
0.66965911789640065000 0.80312330378554475000 0.50339294756616004000 
0.54690716102456327000 0.07691189864396830200 0.89116009007341290000 
0.32056329115108673000 0.84565180115426886000 0.07729935161796763800 
0.18562381599088718000 0.81613292765950485000 0.28596265506569241000 
0.59329074375192792000 0.27280539466151721000 0.40817848860628314000 
0.91110990497247157000 0.22889791701811446000 0.32588807837706479000 
0.61920110436164100000 0.97630355004045155000 0.49738780433219532000 
0.15043583341431677000 0.39310646640043334000 0.64349990916178901000 
0.28489125325297238000 0.93502223197010514000 0.08913516861276771200 
0.35480699240634062000 0.39698654827615365000 0.90020794068317223000 
0.32030634201732733000 0.05442686312311662000 0.46474551177140189000 
0.00667911018784850260 0.86169498543524248000 0.54550491717397209000 
0.74431163601153227000 0.29556109165180611000 0.10938815865998341000 
0.74183659604283281000 0.43892404587310319000 0.18830852471952308000 
0.45943883059191259000 0.39619190810068128000 0.59139919472380331000 
0.75050083513562860000 0.00195804664990872900 0.56897578677235594000 
0.74065141176637894000 0.37464846105836669000 0.65213195508362487000 
0.33980529683102967000 0.11385853993261597000 0.70684599301188933000 
0.12872856726422977000 0.40847519384235476000 0.97239283621503381000 
0.81835374844674802000 0.77697807761888527000 0.72158643658646149000 
0.61850023312122748000 0.24483250334477757000 0.00935898806713786340 
0.78109558440200533000 0.60323767844147569000 0.28782444668799134000 
0.75758416390974315000 0.10826443852285395000 0.93477429395762424000 
0.25558926811316107000 0.32414779236313485000 0.51716244724279825000 
0.08289135126763502700 0.31772988543658931000 0.53216131768739094000 
0.37428364050537399000 0.16892205658492587000 0.60608662948006997000 
0.18426549627251343000 0.55055632176456126000 0.86129195544615511000 
0.36197329499921982000 0.20938970759574782000 0.99584392374758601000 
0.40457166549048540000 0.68381861853316761000 0.81817941476269840000 
0.27423085224078103000 0.43109168351731064000 0.02996361688244397700 
0.13162423844568449000 0.76322922626181988000 0.69365543432293464000 
0.58406791106508638000 0.63578423152380226000 0.23469681940140563000 
0.01046940775830229600 0.43827772285360966000 0.05863790674764168800 
0.38714571374867357000 0.03734537709251384300 0.50885863572528089000 
0.76485097818963865000 0.30158254759437031000 0.66183659863685151000 
0.80862986233794909000 0.94624087081444275000 0.03984245779321415900 
0.83406020317923812000 0.06401003460794529900 0.35835518209117745000 
0.66835644677945982000 0.10139598772499325000 0.08444656068953260200 
0.11074845544870882000 0.93761586254845053000 0.93314623667037910000 
0.57623067275481388000 0.91225956516996454000 0.16942713437778956000 
0.67341268208391991000 0.86872945279386626000 0.17801618736903868000 
0.28041039297453896000 0.11426249390002008000 0.64728494871351194000 
0.94363082334758541000 0.53615665456963280000 0.63972958347402109000 
0.06219423829471026900 0.30628877109218311000 0.39547650049671335000 
0.10327032636471456000 0.56010465134024257000 0.14670640506383004000 
0.85271853058354385000 0.79027672859533049000 0.48332452054673647000 
0.20346722725978084000 0.00076608125085431134 0.89736295440171032000 
0.62227105519266090000 0.09500735040463936800 0.56468148721682287000 
0.41576245913057419000 0.20653530980791479000 0.33382065256257754000 
0.48263428660007102000 0.39635136278551086000 0.66371425607295431000 
0.03502679605841230200 0.68153226132261691000 0.76149055524510700000 
0.05932713223626340200 0.40078306954430043000 0.95182167796372852000 
0.67836116567708626000 0.60026513470333098000 0.40071996876553095000 
0.77367797173468689000 0.44244414757713812000 0.20833616201211158000 
0.82655888332162331000 0.19036170535862995000 0.91154002874314899000 
0.31736116560892280000 0.75763459185565241000 0.30414403197476303000 
0.64750892532102999000 0.24267364226943156000 0.69528557022793391000 
0.73914512279419031000 0.00725236287587138760 0.23100369624875516000 
0.31316384473193137000 0.54968426019960948000 0.38836131982034505000 
0.43366811629206459000 0.79810102777402370000 0.89895864824541150000 
0.47198356281938958000 0.44391969956190658000 0.98417882728291128000 
0.35046711642525930000 0.28943098421396485000 0.10180169638103065000 
0.99603558122476965000 0.85855614489226051000 0.82755087330963484000 
0.09920414059081261700 0.85349361343693242000 0.19439268902158946000 
0.36698708179917783000 0.55788218069226470000 0.24708758986089041000 
0.67553407586502656000 0.89774509754714193000 0.34671481413164162000 
0.32165002172466295000 0.52704632708721966000 0.42193175643122816000 
0.38217559045756455000 0.67253677734232276000 0.73870002784832822000 
0.51745989508208323000 0.89458586771912962000 0.39605415770652219000 
0.52099949861106909000 0.94066183996863861000 0.25137383305059369000 
0.94024360868033741000 0.86496385802971631000 0.76819998939417067000 
0.29666436809221364000 0.85623483564575231000 0.43997819709187436000 
0.76280430625796569000 0.47006631609989635000 0.31189363216888899000 
0.29677359686866311000 0.58736378238586107000 0.22768090275694397000 
0.25021468501768451000 0.56545870885570215000 0.26749409661550416000 
0.83604453347182650000 0.57893725663240470000 0.09394635295640618700 
0.75235364207639854000 0.11973558118069749000 0.66513293071950619000 
0.97963081178537870000 0.55016456926112878000 0.10860756734761501000 
0.44285137425667354000 0.83627280240932977000 0.97047225911123514000 
0.59263707380626562000 0.15568908737336962000 0.23666195830136627000 
0.27831673047909855000 0.29611427958449443000 0.37140135860079138000 
0.40957324949057328000 0.61206744701069637000 0.10231950417364111000 
0.38010611365544733000 0.88152938989997653000 0.19151137144078945000 
0.36987795256728084000 0.60782307621223408000 0.18872474162479524000 
0.18519909792655431000 0.59039140920573829000 0.71493650111924523000 
0.64751476098712191000 0.96264740088745770000 0.74466902120805401000 
0.84707777475017254000 0.21001871686213724000 0.54051365700902676000 
0.32563140471483920000 0.70764868722646357000 0.75223112533982950000 
0.94282276013011623000 0.36568622854197419000 0.29909020841360046000 
0.81801179524275169000 0.78472925391780146000 0.25176295075673094000 
0.20891465288624134000 0.84837471675702525000 0.66125722029159406000 
0.74548838145040741000 
generated randoms (0,1)
0.62964490895906988000 0.08832263660017791700 0.71484082950776107000 
0.34723448664590451000 0.08670820471739637500 0.54502234309602904000 
0.80837249203499639000 0.89491832289893325000 0.28735056396450420000 
0.94561878761499840000 0.47009014399927040000 0.87652339776093569000 
0.94013870585172410000 0.42641486146137697000 0.05505504025341445600 
0.80813570611012708000 0.53620654250242317000 0.01740087889619235100 
0.97209223938796652000 0.16785083009760604000 0.96371788081758880000 
0.12760452285570634000 0.94174563886645468000 0.44347327996967079000 
0.03348998024457761100 0.85921513162510910000 0.59748828078487981000 
0.18444814536626741000 0.58786096386052011000 0.45676282262048784000 
0.16938472276241634000 0.63664006230851666000 0.10324973381043301000 
0.70488579061995726000 0.76782369224692659000 0.19378011353195190000 
0.96853966723972040000 0.26493352823786487000 0.79913643013726898000 
0.93041285094716497000 0.02794003165425684700 0.16720492648359309000 
0.37886496641001943000 0.90790329491479782000 0.10410153856095383000 
0.13537004214815096000 0.51186892026279751000 0.10563707125738619000 
0.71903791665115180000 0.20361871691804567000 0.69138752208328369000 
0.33268670542735257000 0.37497235194602685000 0.36299920524087370000 
0.85807447252557201000 0.93333773645464002000 0.40625208556854475000 
0.76710246155537809000 0.26811704816087878000 0.38609050453514127000 
0.82961781832943493000 0.46222467086084573000 0.28180456417566968000 
0.11069263265952123000 0.85689707905354617000 0.27294973720384896000 
0.62075830952485478000 0.73979742279313254000 0.00105748161504570780 
0.73010433355972837000 0.62092859308484782000 0.11189687590003561000 
0.14029317790100593000 0.68670686259168590000 0.81022506482485679000 
0.81621393082809246000 0.99480404645380083000 0.89735621921214137000 
0.81401766425582323000 0.63324339092148052000 0.80337767079875655000 
0.92752000858807748000 0.31163044261092332000 0.05709118398867008000 
0.57869281782233739000 0.14733972082094549000 0.40104086179089449000 
0.83612049210912542000 0.30072102969069614000 0.76436969979364888000 
0.86231760602989493000 0.06900183344755217400 0.82139676085031010000 
0.23709946198421172000 0.74687108811688874000 0.69410746681056179000 
0.31601455443039295000 0.80018691755999405000 0.95386448115325284000 
0.64682575073746063000 0.24204526486876987000 0.93839045131005538000 
0.60311134534308386000 0.34725209951178493000 0.40120153292578364000 
0.45622217960077127000 0.94550598934378693000 0.80840514127746776000 
0.56508589943707821000 0.65410229108970808000 0.87815639382534783000 
0.85999307423288474000 0.09844480497083041300 0.48406570049244224000 
0.07177282890018399400 0.64206655659672252000 0.51616265891862967000 
0.05306667826720423700 0.34355371941379897000 0.94850809909381772000 
0.82623455347354535000 0.01904085062057459000 0.95109442729329641000 
0.51859127775623226000 0.01710359330406796600 0.69668097521875461000 
0.26465467940082843000 0.59674364730104235000 0.78963042748193035000 
0.99844047055628926000 0.65162667318016854000 0.60878842916557319000 
0.90761194129216416000 0.14186071999439176000 0.66105122145226347000 
0.09515665055173738700 0.41803683103108180000 0.55729830239545097000 
0.98504525395315468000 0.35151690068518460000 0.23980789466076113000 
0.57642533296941045000 0.38032422054160331000 0.85849084369699713000 
0.49091214793046034000 0.00769039452470532400 0.48018420690984276000 
0.99739821334378065000 0.29905147424498879000 0.19074631612767923000 
0.37382418106569593000 0.08422859661512904800 0.45981955027602850000 
0.10984251912755849000 0.61592643415930159000 0.91068134188748684000 
0.14379411712163326000 0.48110127025704252000 0.21957266114913421000 
0.34603412994623572000 0.66560647807416529000 0.10810908651276052000 
0.58487947834531595000 0.47462565992914052000 0.16847246482853806000 
0.52764702455826629000 0.59072054692147513000 0.38077479266010550000 
0.05063505243129617900 0.84540686876753735000 0.61433111837286059000 
0.43482505531986892000 0.13347981865573799000 0.00284523734661390470 
0.38254695742182876000 0.66907926608209256000 0.59491150501110845000 
0.14612660489095464000 0.19941515148916023000 0.76784015368399161000 
0.39403914007760110000 0.55545799934819606000 0.01839301942050197700 
0.68945068764652162000 0.19665579537544242000 0.34392649359986005000 
0.36767024794272740000 0.31867532238411278000 0.95110507397688893000 
0.76261637648315728000 0.69021470011952002000 0.91885973986559200000 
0.26182891240034256000 0.90412133485396340000 0.44899531068664111000 
0.56900798456361179000 0.88742016273293856000 0.33848148596194627000 
0.47603422568945875000 0.80492961534144913000 0.45807219498479834000 
0.29395446742016929000 0.92178395209477926000 0.27298354035722094000 
0.57344043005763967000 0.19969050479117745000 0.50858804861563534000 
0.84756803584067320000 0.20949251756992271000 0.31499805258992786000 
0.38187352213119596000 0.49666870787404149000 0.62502214969669390000 
0.55144882105272619000 0.41523182365620381000 0.61641284799377138000 
0.92593334890236911000 0.46164448021133153000 0.31007870459869813000 
0.26757893841231994000 0.25170601239475343000 0.85831836645208637000 
0.52970529023475987000 0.98817594063510694000 0.00433361615537886100 
0.31875703968249325000 0.87901207514959778000 0.15984592736793313000 
0.07918771515322808900 0.17264324842324075000 0.68247537437031514000 
0.35086421239639809000 0.78170611471299334000 0.58423050672121657000 
0.49623649261485592000 0.36868571399653205000 0.41665185122741399000 
0.57562189636115835000 0.55702517061604895000 0.71410385106829355000 
0.98958187499603745000 0.40383081281127331000 0.46489877458248396000 
0.16333579302534784000 0.86566712034037452000 0.95834646838234394000 
0.81269455436935334000 0.39750557698549671000 0.26845806503629022000 
0.46901806906845445000 0.85239558401629600000 0.55959219486286904000 
0.27731640099094457000 0.71243696349761465000 0.64939732820734952000 
0.44040074694257725000 0.34312962688466464000 0.97563437410138820000 
0.26920787707732363000 0.42737190435687222000 0.63021556007229340000 
0.58785892248590188000 0.82168937708009460000 0.79975433055748879000 
0.77368122720932386000 0.12512130061846327000 0.57809665729488535000 
0.67753000030136534000 0.56650964557016725000 0.20658847368193345000 
0.94103105441074875000 0.24187286273160002000 0.17112254319585118000 
0.90014370933814658000 0.17286111307675722000 0.51685200325607750000 
0.20654167741077623000 0.41471418534253224000 0.51078371855888638000 
0.83611837646063791000 0.84507568144083289000 0.95817499299805431000 
0.26961272330223873000 0.55085574650178404000 0.49366184112080203000 
0.88841980873257609000 0.19987237215210807000 0.84279165406556511000 
0.97050328308650946000 0.88842331459896395000 0.13952079737036516000 
0.51411836837956915000 0.54632394139556717000 0.68670252189644176000 
0.68048454924811019000 0.00579478704892522070 0.12182929312855006000 
0.59571650047793256000 0.63470129649840312000 0.02445413252307360200 
0.19993121060101404000 0.97681426769144886000 0.39856799594330705000 
0.52449206196878539000 0.29862281016983983000 0.58478311592499721000 
0.42299418582403159000 0.49324602143861873000 0.66934235206506609000 
0.57515038606608004000 0.07988199265564843700 0.18225009102435075000 
0.42065767738965198000 0.99263494035912658000 0.33963795426770527000 
0.43227248511420968000 0.92543237723581373000 0.56948266845939277000 
0.02034608483804167800 0.44656448027099160000 0.72664443199489948000 
0.86462854690320179000 0.34028499363342468000 0.63880506583514829000 
0.08494969144284270100 0.68756775013743288000 0.01388666272083694000 
0.92699300426506581000 0.40524203205616049000 0.55307311737871934000 
0.12398861082439283000 0.91211391860181057000 0.29055252817212263000 
0.09375976604913138800 0.32212627648781988000 0.11572686961243472000 
0.51970521367216649000 0.73090083106667358000 0.32561020588679734000 
0.09158482080806362700 0.71630481767126608000 0.51760638828487537000 
0.33492038855545325000 0.06408549955023068500 0.57540973756236569000 
0.92473991889779428000 0.86235896091513342000 0.06344649674441993300 
0.35240703948192587000 0.09301656327563701000 0.91749588161321127000 
0.07905414637295638000 0.23662159513004899000 0.80748595444884264000 
0.36460001566089839000 0.58729623200726588000 0.62779342879942290000 
0.81527439869235985000 0.05300788529198086100 0.87447296176695510000 
0.01089642537638257900 0.81795797469360365000 0.53496071951487978000 
0.70941570973665979000 0.99412439492312932000 0.03975784294907591700 
0.25983650899154953000 0.47251833659794928000 0.61122911451158735000 
0.60837921933882000000 0.09699497486565555900 0.14458513451471755000 
0.47501706850772174000 0.70613613438981493000 0.61589108826149253000 
0.57488629009206282000 0.40482466646870541000 0.72246002603898485000 
0.97950394903974325000 0.51845914651644720000 0.63888690059105380000 
0.21615059784012858000 0.82039526927500606000 0.05842971413576836200 
0.20022631308765226000 0.30053075170857535000 0.68777036833965144000 
0.77845389267635157000 0.69316287384256170000 0.51721399575361082000 
0.64960490713440566000 0.33038150041002079000 0.82454496803182686000 
0.81365617620334452000 0.99448547449817126000 0.78411189023033567000 
0.08199408051575507500 0.74995650033570294000 0.03314395521967727900 
0.92459192014887548000 0.26203363614831710000 0.11237048860224097000 
0.27433089998853188000 0.76098405475851894000 0.28788745521536208000 
0.28457487400546388000 0.77219479734416496000 0.06815104785919712200 
0.59389856410910347000 0.67565961987991430000 0.87417609890627568000 
0.97183205117029403000 0.88714553139033847000 0.49167269890694265000 
0.56383872117835554000 0.89156972247482202000 0.59152404670421377000 
0.52738592492057212000 0.19263543991761556000 0.50150534102021971000 
0.14837111360503052000 0.29795077818612037000 0.45674453159450290000 
0.69431711511343530000 0.23808653851300376000 0.55875210817210008000 
0.11467782966777418000 0.85863851558522986000 0.83809075069317163000 
0.36061398630671326000 0.40845200346294130000 0.93390941211663292000 
0.43811483017877229000 0.93004011403569176000 0.98734196407372976000 
0.62185470352637640000 0.12020775836247544000 0.87971716918001319000 
0.60894694887258871000 0.69372605440810831000 0.23381056984847715000 
0.06361082446144616900 0.49879765912659324000 0.99149867017746884000 
0.12708150053278477000 0.66993357276181764000 0.30999416575212657000 
0.58479137843759266000 0.98268495436489700000 0.74998345568912916000 
0.46631752624348466000 0.75371100002422353000 0.50030243465287882000 
0.21776804119265214000 0.20280822725328762000 0.35069567650769851000 
0.13039863897536708000 0.74436347403625569000 0.16983011809230919000 
0.26113483955616679000 0.19714624245494083000 0.36482253582239133000 
0.39875360729555331000 0.70766179713075172000 0.25623920523299870000 
0.46420440157169707000 0.61343189475655024000 0.99765643204702559000 
0.81447144876541189000 0.96458647169759160000 0.49482289670833723000 
0.41182516005715430000 0.42531305456120561000 0.42112071889475255000 
0.16517416498393112000 0.65148193678850785000 0.04426034775205178700 
0.50294522736525882000 0.29127681857092980000 0.95281572479032994000 
0.57233272639652255000 0.76234486360955711000 0.15510618554596323000 
0.85607347794691413000 0.97165372112890291000 0.08379297097233640000 
0.75917800896272003000 0.23529005438220874000 0.75056292417245030000 
0.45852799723656124000 0.43212319939891741000 0.35128541061604390000 
0.91910273730480552000 0.18848752982530503000 0.37203627330721578000 
0.39638435168802366000 0.33666120480858264000 0.35456883193563127000 
0.65498849731403008000 0.90184502917695109000 0.99756516030451015000 
0.22270498901602065000 0.17081773392846622000 0.28631619114706219000 
0.14514894982833959000 0.42924887883201035000 0.71325212405747540000 
0.51503993167296502000 0.25977220208328933000 0.01075995875723223500 
0.72500857413718189000 0.79313704068850721000 0.88210686774135261000 
0.96603328305408076000 0.28332768009265075000 0.71353955418995452000 
0.60215115294152288000 0.95635873438838126000 0.27588365223870093000 
0.36603169167780503000 0.81687046671127006000 0.61815335217022160000 
0.66802820100545657000 0.93781647376676402000 0.09548090449907298300 
0.11750753498863920000 0.68889201778586728000 0.80185563536257765000 
0.38738219500193583000 0.53867182314029383000 0.29765537779875806000 
0.14718842400025722000 0.06016371929778441300 0.40821624180180760000 
0.59516155741881760000 0.51745631515812351000 0.69876642552184021000 
0.10979628929700458000 0.27020299417611571000 0.64945862140124677000 
0.20697081621924185000 0.27962172239614502000 0.94369592921589063000 
0.56896311609421590000 0.59532132244039793000 0.77689207430069573000 
0.49078535238904020000 0.48665870954150425000 0.03986942434910889500 
0.73209757260258068000 0.94642407593884870000 0.25149381222576639000 
0.88100515753261166000 0.01398179545035227500 0.85274211359047647000 
0.19956863597908714000 0.46951952908739814000 0.27127980214543368000 
0.50638949249053433000 0.22391383184205504000 0.66655490365452663000 
0.36668647000332633000 0.45849776556376809000 0.50050525163936865000 
0.65378418028933605000 0.52209326824181335000 0.73026064266477309000 
0.63056156094418214000 0.37494184434604150000 0.75552503286218520000 
0.53568317762574513000 0.91506620944134665000 0.29019681767993366000 
0.04387507995881079200 0.84412901451047051000 0.03188141425284629600 
0.00659218785548287830 0.47574726606703055000 0.18932835716971597000 
0.44929444096762405000 0.36301442051014754000 0.57797507743609855000 
0.68936457119284600000 0.19300839059772534000 0.88963051012742533000 
0.57483611023797043000 0.31917977730117930000 0.99647885497156996000 
0.52949404541354528000 0.05326809885662275900 0.05809572462920686900 
0.31626758216497630000 0.83812906035861778000 0.77401858513310517000 
0.74457763564150237000 0.68214936885717470000 0.63750773686871987000 
0.89274981122276320000 0.31328351142948452000 0.80549011105862323000 
0.37713216922029047000 0.60977908367537093000 0.59176670196132863000 
0.36207769276527313000 0.21260017470485537000 0.99220593876902341000 
0.29165753308317632000 0.54648192250561256000 0.67043648450919968000 
0.61032690831939607000 0.84362801777894636000 0.39250039315941732000 
0.10192755088456296000 0.40073261474428157000 0.93539430680356905000 
0.31845110247554564000 0.64237332184679352000 0.09827188194816449700 
0.71784782310520012000 0.41610767281021022000 0.44495540779419973000 
0.97422718759643945000 0.31344441264484568000 0.44349774542416198000 
0.85958924842515994000 0.09369684776524578300 0.15924593412076260000 
0.32091841558110068000 0.21400146760813654000 0.49192566677354876000 
0.27804142749311089000 0.52555222999555373000 0.11960452580469894000 
0.88110026038278799000 0.89666183638705577000 0.93338056988211027000 
0.81921625651317664000 0.76207279454747723000 0.73310605380995386000 
0.10458266109424241000 0.91781873801908209000 0.99497102071114996000 
0.23955002677516446000 0.33193182720724290000 0.40668587986501170000 
0.71160223948801282000 0.52135641706374014000 0.50495141545783073000 
0.24368917291020797000 0.03029526703465035300 0.48049499741427026000 
0.96187432690300478000 0.37359643291970968000 0.92807368570529403000 
0.68533134947864727000 0.08531561640267670800 0.07509717721019071300 
0.23035480378903261000 0.72892196772401774000 0.21652227902725518000 
0.61609019795849274000 0.80488499696333249000 0.53697553764983108000 
0.39582185295103467000 0.55419073350164560000 0.86063688125247295000 
0.33228540879889645000 0.05110015692965119700 0.87381884900371420000 
0.80102099073130950000 0.35827840090482099000 0.34384755056103233000 
0.55629052222303499000 0.11163460272474768000 0.64660625220998669000 
0.34580974013953081000 0.42960334526962396000 0.74819261769398238000 
0.27367985034069497000 0.00442805071882790280 0.99390965419822286000 
0.13831845278320576000 0.15692531016409661000 0.78211728969456762000 
0.97018545109569110000 0.25703769707039403000 0.20015600426567803000 
0.29466590495007350000 0.98811868333857888000 0.20656096166103866000 
0.54912072494111297000 0.05687812171818484900 0.72148435589058058000 
0.49108708156724723000 0.30780336539270592000 0.02858735484685870400 
0.52481108935775311000 0.55727667714765228000 0.32562402213305641000 
0.10038833629679078000 0.57600478876894301000 0.02986918114112868700 
0.61006417257859424000 0.10530216960779382000 0.08400708211068397300 
0.69270990138712452000 0.74085901083129158000 0.06514323913193131900 
0.08645397017925149400 0.71368485089005662000 0.44554819294512948000 
0.55821351727556867000 0.06160558346827183000 0.43268404119826820000 
0.43828230222910780000 0.82565552372659323000 0.28522016722023236000 
0.02482011064373890200 0.57792617983864925000 0.49483471988269589000 
0.35415969197684061000 0.98441780771368070000 0.59395864052543534000 
0.13575288443801159000 0.82335737791609875000 0.87486939044732881000 
0.33034088210359935000 0.19687669621445525000 0.49660705243384018000 
0.45309283897543673000 0.92308810135603170000 0.10883990992658732000 
0.67943670884891350000 0.15434819884573137000 0.92270064838203258000 
0.81437618400911282000 0.18386707234049537000 0.71403734493430782000 
0.40670925624807208000 0.72719460533848301000 0.59182151139371686000 
0.08889009502752842600 0.77110208298188554000 0.67411192162293543000 
0.38079889563835922000 0.02369644995954867100 0.50261219566780491000 
0.84956416658568323000 0.60689353359956688000 0.35650009083821099000 
0.71510874674702785000 0.06497776802989485600 0.91086483138723229000 
0.64519300759365961000 0.60301345172384635000 0.09979205931682799700 
0.67969365798267289000 0.94557313687688338000 0.53525448822859834000 
0.99332088981215150000 0.13830501456475752000 0.45449508282602813000 
0.25568836398846773000 0.70443890834819389000 0.89061184134001681000 
0.25816340395716719000 0.56107595412689704000 0.81169147528047714000 
0.54056116940808763000 0.60380809189931894000 0.40860080527619691000 
0.24949916486437140000 0.99804195335009127000 0.43102421322764406000 
0.25934858823362128000 0.62535153894163353000 0.34786804491637535000 
0.66019470316897055000 0.88614146006738426000 0.29315400698811067000 
0.87127143273577023000 0.59152480615764547000 0.02760716378496641500 
0.18164625155325198000 0.22302192238111496000 0.27841356341353873000 
0.38149976687877252000 0.75516749665522265000 0.99064101193286214000 
0.21890441559799467000 0.39676232155852431000 0.71217555331200866000 
0.24241583609025708000 0.89173556147714605000 0.06522570604237576400 
0.74441073188683915000 0.67585220763686515000 0.48283755275720197000 
0.91710864873236519000 0.68227011456341091000 0.46783868231260928000 
0.62571635949462601000 0.83107794341507435000 0.39391337051993003000 
0.81573450372748657000 0.44944367823543874000 0.13870804455384511000 
0.63802670500078018000 0.79061029240425218000 0.00415607625241398710 
0.59542833450951460000 0.31618138146683239000 0.18182058523730160000 
0.72576914775921897000 0.56890831648268958000 0.97003638311755602000 
0.86837576155431573000 0.23677077373818034000 0.30634456567706558000 
0.41593208893491362000 0.36421576847619774000 0.76530318059859437000 
0.98953059224169793000 0.56172227714639056000 0.94136209325235831000 
0.61285428625132643000 0.96265462290748638000 0.49114136427471933000 
0.23514902181036157000 0.69841745240562969000 0.33816340136314849000 
0.19137013766205091000 0.05375912918555747500 0.96015754220678606000 
0.16593979682076188000 0.93598996539205470000 0.64164481790882255000 
0.33164355322054040000 0.89860401227500675000 0.91555343931046740000 
0.88925154455129118000 0.06238413745154969300 0.06685376332962111900 
0.42376932724518634000 0.08774043483003546300 0.83057286562221067000 
0.32658731791608031000 0.13127054720613374000 0.82198381263096132000 
0.71958960702546126000 0.88573750609998014000 0.35271505128648806000 
0.05636917665241481000 0.46384334543036743000 0.36027041652597913000 
0.93780576170528973000 0.69371122890781689000 0.60452349950328688000 
0.89672967363528566000 0.43989534865975766000 0.85329359493617019000 
0.14728146941645615000 0.20972327140466951000 0.51667547945326375000 
0.79653277274021916000 0.99923391874914569000 0.10263704559828990000 
0.37772894480733910000 0.90499264959536085000 0.43531851278317713000 
0.58423754086942581000 0.79346469019208521000 0.66617934743742269000 
0.51736571339992898000 0.60364863721448914000 0.33628574392704569000 
0.96497320394158792000 0.31846773867738309000 0.23850944475489322000 
0.94067286776373682000 0.59921693045569957000 0.04817832203627170400 
0.32163883432291374000 0.39973486529666924000 0.59928003123446927000 
0.22632202826531311000 0.55755585242286210000 0.79166383798788842000 
0.17344111667837692000 0.80963829464137027000 0.08845997125685101100 
0.68263883439107720000 0.24236540814434782000 0.69585596802523697000 
0.35249107467897001000 0.75732635773056844000 0.30471442977206631000 
0.26085487720580969000 0.99274763712412883000 0.76899630375124484000 
0.68683615526806885000 0.45031573980039075000 0.61163868017965517000 
0.56633188370793541000 0.20189897222597630000 0.10104135175458873000 
0.52801643718061064000 0.55608030043809342000 0.01582117271708871600 
0.64953288357474093000 0.71056901578603537000 0.89819830361896957000 
0.00396441877523057150 0.14144385510773971000 0.17244912669036538000 
0.90079585940918760000 0.14650638656306758000 0.80560731097841054000 
0.63301291820082217000 0.44211781930773530000 0.75291241013910981000 
0.32446592413497366000 0.10225490245285829000 0.65328518586835860000 
0.67834997827533727000 0.47295367291278034000 0.57806824356877207000 
0.61782440954243545000 0.32746322265767724000 0.26129997215167200000 
0.48254010491791699000 0.10541413228087060000 0.60394584229347781000 
0.47900050138893113000 0.05933816003136160900 0.74862616694940631000 
0.05975639131966281600 0.13503614197028369000 0.23180001060582955000 
0.70333563190778636000 0.14376516435424791000 0.56002180290812587000 
0.23719569374203453000 0.52993368390010365000 0.68810636783111101000 
0.70322640313133689000 0.41263621761413893000 0.77231909724305603000 
0.74978531498231571000 0.43454129114429807000 0.73250590338449606000 
0.16395546652817372000 0.42106274336759530000 0.90605364704359403000 
0.24764635792360168000 0.88026441881930251000 0.33486706928049403000 
0.02036918821462152500 0.44983543073887122000 0.89139243265238499000 
0.55714862574332646000 0.16372719759067045000 0.02952774088876508600 
0.40736292619373438000 0.84431091262663061000 0.76333804169863373000 
0.72168326952090145000 0.70388572041550579000 0.62859864139920885000 
0.59042675050942672000 0.38793255298930363000 0.89768049582635911000 
0.61989388634455289000 0.11847061010002347000 0.80848862855921078000 
0.63012204743271938000 0.39217692378776614000 0.81127525837520476000 
0.81480090207344591000 0.40960859079426171000 0.28506349888075477000 
0.35248523901287832000 0.03735259911254229500 0.25533097879194622000 
0.15292222524982768000 0.78998128313786276000 0.45948634299097324000 
0.67436859528516080000 0.29235131277353665000 0.24776887466017050000 
0.05717723986988398900 0.63431377145802581000 0.70090979158639954000 
0.18198820475724831000 0.21527074608219876000 0.74823704924326928000 
0.79108534711375866000 0.15162528324297475000 0.33874277970840594000 
0.25451161854959259000 
generated randoms [1, 2)
1.62964490895906970000 1.08832263660017790000 1.71484082950776080000 
1.34723448664590430000 1.08670820471739620000 1.54502234309602900000 
1.80837249203499620000 1.89491832289893320000 1.28735056396450400000 
1.94561878761499820000 1.47009014399927040000 1.87652339776093570000 
1.94013870585172410000 1.42641486146137700000 1.05505504025341450000 
1.80813570611012690000 1.53620654250242290000 1.01740087889619210000 
1.97209223938796650000 1.16785083009760600000 1.96371788081758860000 
1.12760452285570630000 1.94174563886645450000 1.44347327996967080000 
1.03348998024457760000 1.85921513162510910000 1.59748828078487980000 
1.18444814536626740000 1.58786096386052010000 1.45676282262048780000 
1.16938472276241610000 1.63664006230851640000 1.10324973381043280000 
1.70488579061995700000 1.76782369224692640000 1.19378011353195190000 
1.96853966723972040000 1.26493352823786460000 1.79913643013726880000 
1.93041285094716500000 1.02794003165425680000 1.16720492648359310000 
1.37886496641001940000 1.90790329491479780000 1.10410153856095380000 
1.13537004214815070000 1.51186892026279750000 1.10563707125738620000 
1.71903791665115180000 1.20361871691804570000 1.69138752208328370000 
1.33268670542735230000 1.37497235194602660000 1.36299920524087370000 
1.85807447252557180000 1.93333773645463980000 1.40625208556854480000 
1.76710246155537810000 1.26811704816087860000 1.38609050453514100000 
1.82961781832943470000 1.46222467086084550000 1.28180456417566970000 
1.11069263265952120000 1.85689707905354600000 1.27294973720384900000 
1.62075830952485480000 1.73979742279313250000 1.00105748161504550000 
1.73010433355972810000 1.62092859308484780000 1.11189687590003540000 
1.14029317790100570000 1.68670686259168570000 1.81022506482485680000 
1.81621393082809250000 1.99480404645380080000 1.89735621921214140000 
1.81401766425582300000 1.63324339092148030000 1.80337767079875630000 
1.92752000858807730000 1.31163044261092310000 1.05709118398866990000 
1.57869281782233720000 1.14733972082094550000 1.40104086179089430000 
1.83612049210912540000 1.30072102969069610000 1.76436969979364870000 
1.86231760602989490000 1.06900183344755200000 1.82139676085030990000 
1.23709946198421150000 1.74687108811688850000 1.69410746681056160000 
1.31601455443039270000 1.80018691755999380000 1.95386448115325280000 
1.64682575073746040000 1.24204526486876990000 1.93839045131005520000 
1.60311134534308390000 1.34725209951178470000 1.40120153292578360000 
1.45622217960077100000 1.94550598934378690000 1.80840514127746780000 
1.56508589943707820000 1.65410229108970790000 1.87815639382534780000 
1.85999307423288450000 1.09844480497083040000 1.48406570049244220000 
1.07177282890018400000 1.64206655659672250000 1.51616265891862940000 
1.05306667826720400000 1.34355371941379880000 1.94850809909381750000 
1.82623455347354510000 1.01904085062057460000 1.95109442729329620000 
1.51859127775623200000 1.01710359330406770000 1.69668097521875460000 
1.26465467940082820000 1.59674364730104210000 1.78963042748193040000 
1.99844047055628900000 1.65162667318016830000 1.60878842916557300000 
1.90761194129216390000 1.14186071999439150000 1.66105122145226350000 
1.09515665055173720000 1.41803683103108160000 1.55729830239545080000 
1.98504525395315450000 1.35151690068518440000 1.23980789466076090000 
1.57642533296941050000 1.38032422054160310000 1.85849084369699710000 
1.49091214793046030000 1.00769039452470510000 1.48018420690984250000 
1.99739821334378060000 1.29905147424498880000 1.19074631612767920000 
1.37382418106569590000 1.08422859661512880000 1.45981955027602850000 
1.10984251912755850000 1.61592643415930140000 1.91068134188748680000 
1.14379411712163300000 1.48110127025704230000 1.21957266114913420000 
1.34603412994623570000 1.66560647807416510000 1.10810908651276030000 
1.58487947834531600000 1.47462565992914030000 1.16847246482853810000 
1.52764702455826610000 1.59072054692147490000 1.38077479266010550000 
1.05063505243129600000 1.84540686876753710000 1.61433111837286060000 
1.43482505531986890000 1.13347981865573780000 1.00284523734661390000 
1.38254695742182850000 1.66907926608209260000 1.59491150501110820000 
1.14612660489095440000 1.19941515148916000000 1.76784015368399160000 
1.39403914007760110000 1.55545799934819610000 1.01839301942050180000 
1.68945068764652140000 1.19665579537544220000 1.34392649359985980000 
1.36767024794272720000 1.31867532238411280000 1.95110507397688870000 
1.76261637648315710000 1.69021470011952000000 1.91885973986559180000 
1.26182891240034230000 1.90412133485396320000 1.44899531068664090000 
1.56900798456361160000 1.88742016273293860000 1.33848148596194600000 
1.47603422568945850000 1.80492961534144910000 1.45807219498479830000 
1.29395446742016910000 1.92178395209477930000 1.27298354035722070000 
1.57344043005763940000 1.19969050479117720000 1.50858804861563530000 
1.84756803584067320000 1.20949251756992250000 1.31499805258992790000 
1.38187352213119570000 1.49666870787404150000 1.62502214969669390000 
1.55144882105272600000 1.41523182365620380000 1.61641284799377140000 
1.92593334890236910000 1.46164448021133150000 1.31007870459869810000 
1.26757893841231990000 1.25170601239475320000 1.85831836645208640000 
1.52970529023475990000 1.98817594063510690000 1.00433361615537890000 
1.31875703968249320000 1.87901207514959760000 1.15984592736793290000 
1.07918771515322810000 1.17264324842324050000 1.68247537437031490000 
1.35086421239639790000 1.78170611471299330000 1.58423050672121630000 
1.49623649261485570000 1.36868571399653200000 1.41665185122741380000 
1.57562189636115830000 1.55702517061604870000 1.71410385106829330000 
1.98958187499603720000 1.40383081281127310000 1.46489877458248370000 
1.16333579302534760000 1.86566712034037450000 1.95834646838234390000 
1.81269455436935330000 1.39750557698549650000 1.26845806503629020000 
1.46901806906845420000 1.85239558401629580000 1.55959219486286900000 
1.27731640099094430000 1.71243696349761470000 1.64939732820734930000 
1.44040074694257720000 1.34312962688466440000 1.97563437410138800000 
1.26920787707732340000 1.42737190435687200000 1.63021556007229320000 
1.58785892248590170000 1.82168937708009460000 1.79975433055748860000 
1.77368122720932360000 1.12512130061846300000 1.57809665729488540000 
1.67753000030136510000 1.56650964557016730000 1.20658847368193340000 
1.94103105441074850000 1.24187286273160000000 1.17112254319585100000 
1.90014370933814640000 1.17286111307675720000 1.51685200325607730000 
1.20654167741077600000 1.41471418534253200000 1.51078371855888620000 
1.83611837646063790000 1.84507568144083290000 1.95817499299805430000 
1.26961272330223870000 1.55085574650178380000 1.49366184112080200000 
1.88841980873257590000 1.19987237215210810000 1.84279165406556490000 
1.97050328308650950000 1.88842331459896370000 1.13952079737036490000 
1.51411836837956910000 1.54632394139556720000 1.68670252189644150000 
1.68048454924811020000 1.00579478704892500000 1.12182929312854980000 
1.59571650047793230000 1.63470129649840310000 1.02445413252307340000 
1.19993121060101400000 1.97681426769144890000 1.39856799594330680000 
1.52449206196878540000 1.29862281016983980000 1.58478311592499700000 
1.42299418582403140000 1.49324602143861870000 1.66934235206506590000 
1.57515038606607980000 1.07988199265564840000 1.18225009102435050000 
1.42065767738965200000 1.99263494035912660000 1.33963795426770500000 
1.43227248511420950000 1.92543237723581350000 1.56948266845939280000 
1.02034608483804170000 1.44656448027099160000 1.72664443199489950000 
1.86462854690320180000 1.34028499363342470000 1.63880506583514830000 
1.08494969144284270000 1.68756775013743290000 1.01388666272083670000 
1.92699300426506560000 1.40524203205616030000 1.55307311737871930000 
1.12398861082439260000 1.91211391860181030000 1.29055252817212260000 
1.09375976604913140000 1.32212627648781970000 1.11572686961243470000 
1.51970521367216630000 1.73090083106667360000 1.32561020588679730000 
1.09158482080806360000 1.71630481767126610000 1.51760638828487540000 
1.33492038855545300000 1.06408549955023070000 1.57540973756236570000 
1.92473991889779430000 1.86235896091513340000 1.06344649674441990000 
1.35240703948192590000 1.09301656327563700000 1.91749588161321130000 
1.07905414637295620000 1.23662159513004900000 1.80748595444884260000 
1.36460001566089820000 1.58729623200726590000 1.62779342879942290000 
1.81527439869235980000 1.05300788529198060000 1.87447296176695510000 
1.01089642537638260000 1.81795797469360340000 1.53496071951487960000 
1.70941570973665960000 1.99412439492312930000 1.03975784294907590000 
1.25983650899154950000 1.47251833659794930000 1.61122911451158730000 
1.60837921933882000000 1.09699497486565560000 1.14458513451471730000 
1.47501706850772170000 1.70613613438981470000 1.61589108826149230000 
1.57488629009206260000 1.40482466646870540000 1.72246002603898480000 
1.97950394903974320000 1.51845914651644720000 1.63888690059105360000 
1.21615059784012840000 1.82039526927500610000 1.05842971413576810000 
1.20022631308765230000 1.30053075170857510000 1.68777036833965140000 
1.77845389267635160000 1.69316287384256150000 1.51721399575361080000 
1.64960490713440540000 1.33038150041002060000 1.82454496803182660000 
1.81365617620334450000 1.99448547449817100000 1.78411189023033570000 
1.08199408051575490000 1.74995650033570290000 1.03314395521967730000 
1.92459192014887530000 1.26203363614831690000 1.11237048860224070000 
1.27433089998853170000 1.76098405475851870000 1.28788745521536210000 
1.28457487400546370000 1.77219479734416500000 1.06815104785919690000 
1.59389856410910320000 1.67565961987991410000 1.87417609890627550000 
1.97183205117029400000 1.88714553139033820000 1.49167269890694270000 
1.56383872117835530000 1.89156972247482180000 1.59152404670421380000 
1.52738592492057190000 1.19263543991761530000 1.50150534102021950000 
1.14837111360503050000 1.29795077818612010000 1.45674453159450270000 
1.69431711511343530000 1.23808653851300380000 1.55875210817209990000 
1.11467782966777400000 1.85863851558522990000 1.83809075069317160000 
1.36061398630671330000 1.40845200346294110000 1.93390941211663270000 
1.43811483017877230000 1.93004011403569150000 1.98734196407372980000 
1.62185470352637620000 1.12020775836247520000 1.87971716918001320000 
1.60894694887258850000 1.69372605440810810000 1.23381056984847710000 
1.06361082446144620000 1.49879765912659320000 1.99149867017746860000 
1.12708150053278480000 1.66993357276181760000 1.30999416575212660000 
1.58479137843759240000 1.98268495436489680000 1.74998345568912920000 
1.46631752624348440000 1.75371100002422350000 1.50030243465287880000 
1.21776804119265190000 1.20280822725328760000 1.35069567650769850000 
1.13039863897536710000 1.74436347403625550000 1.16983011809230920000 
1.26113483955616680000 1.19714624245494060000 1.36482253582239110000 
1.39875360729555330000 1.70766179713075170000 1.25623920523299870000 
1.46420440157169710000 1.61343189475655020000 1.99765643204702560000 
1.81447144876541170000 1.96458647169759140000 1.49482289670833700000 
1.41182516005715430000 1.42531305456120540000 1.42112071889475230000 
1.16517416498393110000 1.65148193678850790000 1.04426034775205180000 
1.50294522736525860000 1.29127681857092960000 1.95281572479032990000 
1.57233272639652260000 1.76234486360955690000 1.15510618554596300000 
1.85607347794691410000 1.97165372112890270000 1.08379297097233620000 
1.75917800896272000000 1.23529005438220870000 1.75056292417245010000 
1.45852799723656120000 1.43212319939891720000 1.35128541061604390000 
1.91910273730480530000 1.18848752982530500000 1.37203627330721560000 
1.39638435168802340000 1.33666120480858240000 1.35456883193563100000 
1.65498849731402990000 1.90184502917695090000 1.99756516030450990000 
1.22270498901602060000 1.17081773392846620000 1.28631619114706220000 
1.14514894982833960000 1.42924887883201030000 1.71325212405747540000 
1.51503993167296480000 1.25977220208328910000 1.01075995875723220000 
1.72500857413718190000 1.79313704068850720000 1.88210686774135260000 
1.96603328305408050000 1.28332768009265050000 1.71353955418995430000 
1.60215115294152270000 1.95635873438838130000 1.27588365223870070000 
1.36603169167780480000 1.81687046671127010000 1.61815335217022160000 
1.66802820100545660000 1.93781647376676400000 1.09548090449907280000 
1.11750753498863900000 1.68889201778586710000 1.80185563536257740000 
1.38738219500193560000 1.53867182314029360000 1.29765537779875810000 
1.14718842400025700000 1.06016371929778420000 1.40821624180180740000 
1.59516155741881740000 1.51745631515812330000 1.69876642552184020000 
1.10979628929700460000 1.27020299417611570000 1.64945862140124650000 
1.20697081621924180000 1.27962172239614480000 1.94369592921589040000 
1.56896311609421590000 1.59532132244039770000 1.77689207430069570000 
1.49078535238904020000 1.48665870954150400000 1.03986942434910870000 
1.73209757260258070000 1.94642407593884850000 1.25149381222576640000 
1.88100515753261140000 1.01398179545035210000 1.85274211359047650000 
1.19956863597908710000 1.46951952908739810000 1.27127980214543350000 
1.50638949249053430000 1.22391383184205500000 1.66655490365452640000 
1.36668647000332630000 1.45849776556376790000 1.50050525163936840000 
1.65378418028933580000 1.52209326824181310000 1.73026064266477310000 
1.63056156094418210000 1.37494184434604150000 1.75552503286218500000 
1.53568317762574510000 1.91506620944134640000 1.29019681767993370000 
1.04387507995881060000 1.84412901451047050000 1.03188141425284630000 
1.00659218785548290000 1.47574726606703050000 1.18932835716971570000 
1.44929444096762410000 1.36301442051014750000 1.57797507743609830000 
1.68936457119284580000 1.19300839059772530000 1.88963051012742510000 
1.57483611023797040000 1.31917977730117930000 1.99647885497157000000 
1.52949404541354530000 1.05326809885662280000 1.05809572462920690000 
1.31626758216497630000 1.83812906035861780000 1.77401858513310520000 
1.74457763564150240000 1.68214936885717450000 1.63750773686871990000 
1.89274981122276320000 1.31328351142948450000 1.80549011105862320000 
1.37713216922029020000 1.60977908367537070000 1.59176670196132860000 
1.36207769276527290000 1.21260017470485540000 1.99220593876902340000 
1.29165753308317610000 1.54648192250561230000 1.67043648450919970000 
1.61032690831939580000 1.84362801777894610000 1.39250039315941730000 
1.10192755088456300000 1.40073261474428160000 1.93539430680356910000 
1.31845110247554560000 1.64237332184679350000 1.09827188194816450000 
1.71784782310519990000 1.41610767281021000000 1.44495540779419970000 
1.97422718759643920000 1.31344441264484570000 1.44349774542416180000 
1.85958924842515990000 1.09369684776524560000 1.15924593412076240000 
1.32091841558110070000 1.21400146760813630000 1.49192566677354880000 
1.27804142749311090000 1.52555222999555370000 1.11960452580469890000 
1.88110026038278780000 1.89666183638705580000 1.93338056988211000000 
1.81921625651317660000 1.76207279454747700000 1.73310605380995360000 
1.10458266109424240000 1.91781873801908190000 1.99497102071115000000 
1.23955002677516450000 1.33193182720724290000 1.40668587986501150000 
1.71160223948801260000 1.52135641706374010000 1.50495141545783070000 
1.24368917291020780000 1.03029526703465040000 1.48049499741427000000 
1.96187432690300480000 1.37359643291970970000 1.92807368570529380000 
1.68533134947864700000 1.08531561640267650000 1.07509717721019070000 
1.23035480378903240000 1.72892196772401770000 1.21652227902725520000 
1.61609019795849250000 1.80488499696333250000 1.53697553764983090000 
1.39582185295103470000 1.55419073350164540000 1.86063688125247270000 
1.33228540879889650000 1.05110015692965120000 1.87381884900371400000 
1.80102099073130930000 1.35827840090482100000 1.34384755056103230000 
1.55629052222303480000 1.11163460272474770000 1.64660625220998650000 
1.34580974013953060000 1.42960334526962370000 1.74819261769398240000 
1.27367985034069480000 1.00442805071882790000 1.99390965419822290000 
1.13831845278320580000 1.15692531016409640000 1.78211728969456740000 
1.97018545109569110000 1.25703769707039400000 1.20015600426567780000 
1.29466590495007330000 1.98811868333857890000 1.20656096166103840000 
1.54912072494111300000 1.05687812171818460000 1.72148435589058060000 
1.49108708156724700000 1.30780336539270590000 1.02858735484685850000 
1.52481108935775290000 1.55727667714765230000 1.32562402213305640000 
1.10038833629679080000 1.57600478876894300000 1.02986918114112870000 
1.61006417257859420000 1.10530216960779380000 1.08400708211068400000 
1.69270990138712450000 1.74085901083129160000 1.06514323913193130000 
1.08645397017925130000 1.71368485089005660000 1.44554819294512950000 
1.55821351727556840000 1.06160558346827180000 1.43268404119826820000 
1.43828230222910780000 1.82565552372659320000 1.28522016722023210000 
1.02482011064373870000 1.57792617983864920000 1.49483471988269590000 
1.35415969197684060000 1.98441780771368050000 1.59395864052543510000 
1.13575288443801160000 1.82335737791609850000 1.87486939044732880000 
1.33034088210359940000 1.19687669621445520000 1.49660705243384000000 
1.45309283897543670000 1.92308810135603170000 1.10883990992658710000 
1.67943670884891330000 1.15434819884573110000 1.92270064838203240000 
1.81437618400911280000 1.18386707234049520000 1.71403734493430760000 
1.40670925624807210000 1.72719460533848280000 1.59182151139371690000 
1.08889009502752840000 1.77110208298188550000 1.67411192162293520000 
1.38079889563835900000 1.02369644995954840000 1.50261219566780470000 
1.84956416658568320000 1.60689353359956670000 1.35650009083821100000 
1.71510874674702760000 1.06497776802989490000 1.91086483138723230000 
1.64519300759365940000 1.60301345172384630000 1.09979205931682780000 
1.67969365798267270000 1.94557313687688340000 1.53525448822859810000 
1.99332088981215150000 1.13830501456475750000 1.45449508282602790000 
1.25568836398846770000 1.70443890834819390000 1.89061184134001660000 
1.25816340395716720000 1.56107595412689680000 1.81169147528047690000 
1.54056116940808740000 1.60380809189931870000 1.40860080527619670000 
1.24949916486437140000 1.99804195335009130000 1.43102421322764410000 
1.25934858823362110000 1.62535153894163330000 1.34786804491637510000 
1.66019470316897030000 1.88614146006738400000 1.29315400698811070000 
1.87127143273577020000 1.59152480615764520000 1.02760716378496620000 
1.18164625155325200000 1.22302192238111470000 1.27841356341353850000 
1.38149976687877250000 1.75516749665522240000 1.99064101193286210000 
1.21890441559799470000 1.39676232155852430000 1.71217555331200870000 
1.24241583609025690000 1.89173556147714610000 1.06522570604237580000 
1.74441073188683890000 1.67585220763686520000 1.48283755275720170000 
1.91710864873236500000 1.68227011456341070000 1.46783868231260910000 
1.62571635949462600000 1.83107794341507410000 1.39391337051993000000 
1.81573450372748660000 1.44944367823543870000 1.13870804455384490000 
1.63802670500078020000 1.79061029240425220000 1.00415607625241400000 
1.59542833450951460000 1.31618138146683240000 1.18182058523730160000 
1.72576914775921900000 1.56890831648268940000 1.97003638311755600000 
1.86837576155431550000 1.23677077373818010000 1.30634456567706540000 
1.41593208893491360000 1.36421576847619770000 1.76530318059859440000 
1.98953059224169770000 1.56172227714639030000 1.94136209325235830000 
1.61285428625132640000 1.96265462290748620000 1.49114136427471910000 
1.23514902181036130000 1.69841745240562970000 1.33816340136314850000 
1.19137013766205090000 1.05375912918555730000 1.96015754220678580000 
1.16593979682076190000 1.93598996539205470000 1.64164481790882260000 
1.33164355322054020000 1.89860401227500670000 1.91555343931046740000 
1.88925154455129120000 1.06238413745154950000 1.06685376332962090000 
1.42376932724518610000 1.08774043483003550000 1.83057286562221040000 
1.32658731791608010000 1.13127054720613370000 1.82198381263096130000 
1.71958960702546100000 1.88573750609997990000 1.35271505128648810000 
1.05636917665241460000 1.46384334543036720000 1.36027041652597890000 
1.93780576170528970000 1.69371122890781690000 1.60452349950328670000 
1.89672967363528540000 1.43989534865975740000 1.85329359493617000000 
1.14728146941645610000 1.20972327140466950000 1.51667547945326350000 
1.79653277274021920000 1.99923391874914570000 1.10263704559828970000 
1.37772894480733910000 1.90499264959536060000 1.43531851278317710000 
1.58423754086942580000 1.79346469019208520000 1.66617934743742250000 
1.51736571339992900000 1.60364863721448910000 1.33628574392704570000 
1.96497320394158770000 1.31846773867738310000 1.23850944475489300000 
1.94067286776373660000 1.59921693045569960000 1.04817832203627150000 
1.32163883432291370000 1.39973486529666900000 1.59928003123446900000 
1.22632202826531310000 1.55755585242286190000 1.79166383798788840000 
1.17344111667837670000 1.80963829464137000000 1.08845997125685100000 
1.68263883439107720000 1.24236540814434760000 1.69585596802523700000 
1.35249107467897000000 1.75732635773056840000 1.30471442977206610000 
1.26085487720580970000 1.99274763712412860000 1.76899630375124480000 
1.68683615526806860000 1.45031573980039050000 1.61163868017965490000 
1.56633188370793540000 1.20189897222597630000 1.10104135175458850000 
1.52801643718061040000 1.55608030043809340000 1.01582117271708870000 
1.64953288357474070000 1.71056901578603520000 1.89819830361896940000 
1.00396441877523030000 1.14144385510773950000 1.17244912669036520000 
1.90079585940918740000 1.14650638656306760000 1.80560731097841050000 
1.63301291820082220000 1.44211781930773530000 1.75291241013910960000 
1.32446592413497340000 1.10225490245285810000 1.65328518586835840000 
1.67834997827533710000 1.47295367291278030000 1.57806824356877180000 
1.61782440954243540000 1.32746322265767720000 1.26129997215167180000 
1.48254010491791680000 1.10541413228087040000 1.60394584229347780000 
1.47900050138893090000 1.05933816003136140000 1.74862616694940630000 
1.05975639131966260000 1.13503614197028370000 1.23180001060582930000 
1.70333563190778640000 1.14376516435424770000 1.56002180290812560000 
1.23719569374203430000 1.52993368390010360000 1.68810636783111100000 
1.70322640313133690000 1.41263621761413890000 1.77231909724305600000 
1.74978531498231550000 1.43454129114429780000 1.73250590338449580000 
1.16395546652817350000 1.42106274336759530000 1.90605364704359380000 
1.24764635792360150000 1.88026441881930250000 1.33486706928049380000 
1.02036918821462130000 1.44983543073887120000 1.89139243265238500000 
1.55714862574332650000 1.16372719759067020000 1.02952774088876490000 
1.40736292619373440000 1.84431091262663040000 1.76333804169863370000 
1.72168326952090140000 1.70388572041550560000 1.62859864139920860000 
1.59042675050942670000 1.38793255298930360000 1.89768049582635890000 
1.61989388634455270000 1.11847061010002350000 1.80848862855921060000 
1.63012204743271920000 1.39217692378776590000 1.81127525837520480000 
1.81480090207344570000 1.40960859079426170000 1.28506349888075480000 
1.35248523901287810000 1.03735259911254230000 1.25533097879194600000 
1.15292222524982750000 1.78998128313786280000 1.45948634299097320000 
1.67436859528516080000 1.29235131277353640000 1.24776887466017050000 
1.05717723986988380000 1.63431377145802580000 1.70090979158639950000 
1.18198820475724830000 1.21527074608219850000 1.74823704924326910000 
1.79108534711375870000 1.15162528324297480000 1.33874277970840590000 
1.25451161854959260000 
consumed time for generating 100000000 randoms.
BLOCK [0, 1) AVE: 920ms.
BLOCK (0, 1] AVE: 937ms.
BLOCK (0, 1) AVE: 918ms.
BLOCK [1, 2) AVE: 831ms.
SEQ [0, 1) 1 AVE:2337ms.
total = 500007156.848812
SEQ [0, 1) 2 AVE:2165ms.
total = 25086.674016
ADD   AVE: 252ms.
total = 50000.000000
SEQ (0, 1] 1 AVE:2335ms.
total = 499998429.484727
SEQ (0, 1] 2 AVE:2168ms.
total = 25053.298483
ADD   AVE: 252ms.
total = 50000.000000
SEQ (0, 1) 1 AVE:2258ms.
total = 500020000.680797
SEQ (0, 1) 2 AVE:1937ms.
total = 24999.784871
ADD   AVE: 253ms.
total = 50000.000000
SEQ [1, 2) 1 AVE:1832ms.
total = 1500003992.295066
SEQ [1, 2) 2 AVE:1718ms.
total = 75018.384345
ADD   AVE: 252ms.
total = 50000.000000
