generated randoms
0.2466756944 0.1509533136 0.4526265045 0.4338985581 0.1356391726 
0.1998062112 0.4419601430 0.9509041164 0.1422120766 0.8681998781 
0.1919343633 0.5447235727 0.3474286690 0.8815672697 0.0818580105 
0.6559995242 0.1999241870 0.0175432426 0.9155122546 0.5870243660 
0.6636359159 0.6417468672 0.7821090079 0.0080487042 0.5402337984 
0.3912642622 0.8048965138 0.5298818170 0.4210661110 0.8494692233 
0.9834932526 0.8184138800 0.1288156982 0.2365575298 0.4702390449 
0.1127283696 0.0032552914 0.2029787658 0.0512048792 0.8204804387 
0.5741641394 0.2440606801 0.9397313249 0.7296800885 0.5930516813 
0.0387149291 0.6683998566 0.9540208943 0.6606525907 0.0658087812 
0.4259127262 0.0963082119 0.9250821617 0.8003854010 0.3705558697 
0.5300928865 0.9703428742 0.2592962057 0.1097661394 0.3530182573 
0.7397352689 0.5749743667 0.8104252865 0.2274363032 0.5187966450 
0.4918199508 0.7837282676 0.0058569331 0.4503127164 0.5549131771 
0.4504839715 0.2405427785 0.0515426109 0.4158725813 0.9125908572 
0.9342893010 0.7299855970 0.3920755583 0.0550256320 0.4422819434 
0.9644020629 0.8691103254 0.1803895118 0.1591936350 0.0254148770 
0.6094487542 0.4805744867 0.8846830769 0.6482661790 0.0060955774 
0.1229235111 0.4039724350 0.7147677991 0.6722428170 0.4514193315 
0.2412796876 0.3136544312 0.4241968687 0.6031088682 0.2189079349 
0.7399214235 0.5474570867 0.2016798456 0.8440362935 0.4237455158 
0.6590705704 0.4162661204 0.2386921581 0.9844871858 0.2882824895 
0.7539963844 0.9649731895 0.1412650445 0.5581074587 0.6070111144 
0.7408614820 0.3828556313 0.5324253461 0.8758823122 0.0100628375 
0.4172791607 0.1474483460 0.9040791025 0.2628749039 0.0811324633 
0.8857532893 0.0789807628 0.3861011171 0.4884540942 0.6149447855 
0.6889471138 0.6854652529 0.9714596568 0.2553956698 0.8430597700 
0.6248017367 0.2670038713 0.8709590393 0.0183028020 0.5354496312 
0.8458419393 0.9292978654 0.9588668943 0.9512024861 0.4596304054 
0.1780121562 0.3851577593 0.3956575738 0.0608722571 0.3930503359 
0.4559562854 0.7719757580 0.1645128873 0.5814409798 0.5036161514 
0.5085350052 0.1401220898 0.3070550781 0.2298202744 0.6057437720 
0.9687350200 0.5034610885 0.6664790531 0.4456898376 0.3091547635 
0.5966426961 0.5309761987 0.8451259489 0.0020828215 0.1635012330 
0.3827847840 0.7280280421 0.5994311142 0.1034803405 0.0044700043 
0.2108178668 0.8252608077 0.1571767702 0.2256422863 0.5072109460 
0.6027999345 0.0332278495 0.0396968280 0.8639927083 0.0266628837 
0.3183561098 0.2337513168 0.4527264415 0.5255447329 0.7215721508 
0.8790443066 0.5095506445 0.8154319862 0.0584086565 0.1163181096 
0.9176240235 0.4054013121 0.9763641664 0.9523570724 0.2060690583 
0.8215765355 0.4377073016 0.2039345926 0.3377013875 0.0736765537 
0.2359728685 0.9029486849 0.5988383681 0.3491206379 0.8278194940 
0.7761436315 0.3452226476 0.8135129675 0.8763813866 0.2417773607 
0.1042231611 0.3111656305 0.6848085687 0.8780898437 0.8961772946 
0.9886236165 0.8691915027 0.2320754639 0.2233814449 0.4468751535 
0.0408241923 0.3348727856 0.0160780032 0.1811609683 0.0570453496 
0.4858457749 0.9703087812 0.2581672676 0.0255440986 0.0942531573 
0.6041944820 0.0221728276 0.8074948712 0.6265806678 0.0516155551 
0.5761538454 0.0886538488 0.5684888666 0.5321295322 0.4574778276 
0.6015848975 0.3400124576 0.5031822337 0.5326892328 0.6870309508 
0.1586437713 0.2249450372 0.4316033544 0.0038892220 0.9670604419 
0.1821503702 0.9445960956 0.9736092407 0.4661281236 0.7172423869 
0.9865620108 0.0738578922 0.3340375359 0.0481608417 0.6101390332 
0.5692384685 0.1738747471 0.9187997603 0.4083431810 0.7619236124 
0.2699285073 0.4542999681 0.1686492556 0.1041439004 0.0082426396 
0.3165870027 0.2898635722 0.4745487217 0.8036488320 0.0705302998 
0.7480193421 0.0256747750 0.8683097945 0.9018657330 0.3782375915 
0.1416206225 0.7701072273 0.6440675033 0.7776957165 0.0708960899 
0.7342994546 0.0628519243 0.3382415023 0.8301789597 0.9759874026 
0.2806702378 0.2429189906 0.6482736161 0.4677714087 0.0292921922 
0.1264579742 0.9471961638 0.0214105990 0.3618073374 0.4634560669 
0.7066579960 0.4841661688 0.5412542637 0.8425114645 0.2067546498 
0.1156519281 0.3753321134 0.0801552375 0.2598507279 0.9716822505 
0.1558940471 0.8554725782 0.0987145569 0.0224359070 0.4678865656 
0.6196820014 0.6141031618 0.4424969718 0.6165424069 0.6757470117 
0.0345234817 0.7807109923 0.2947282401 0.7900266021 0.2038394552 
0.6227726435 0.7764296769 0.1095750211 0.5696634211 0.0268081692 
0.1869224864 0.0595521603 0.6769100606 0.9421669077 0.3508122455 
0.0538195704 0.1297715019 0.9716000653 0.1222397441 0.9109072491 
0.4509325131 0.9824387444 0.9162812864 0.7795829041 0.6055131025 
0.5161355372 0.4499023730 0.7783975872 0.4470665516 0.8792810926 
0.2754392097 0.6158964575 0.7612363196 0.3800371308 0.2992056514 
0.0898541750 0.0250448769 0.2355503154 0.6960077122 0.2479154440 
0.5759351873 0.2670567800 0.9392849334 0.3800290702 0.4312408277 
0.6073326258 0.1997509317 0.9013085429 0.2391140581 0.6106361625 
0.1595650934 0.7325970715 0.9919850279 0.6153782966 0.2178318288 
0.4728828328 0.3953767442 0.6448303068 0.4819057523 0.3072147285 
0.0060830705 0.2571034875 0.8782876098 0.4420947820 0.2536987901 
0.1517788109 0.8363207105 0.8147953436 0.0252956904 0.4773710984 
0.4607023264 0.4319104431 0.2786653088 0.8364457189 0.6555535996 
0.5571441629 0.0049924408 0.0466502920 0.2432152975 0.4113395833 
0.1261955548 0.8204854662 0.5604666340 0.1875627709 0.9742012370 
0.3528943422 0.6085645852 0.0715271323 0.1000642634 0.3969532463 
0.4506570842 0.1168777977 0.1675561420 0.1106184511 0.7647567409 
0.7782778994 0.9975681321 0.1656345185 0.1633876810 0.6058375267 
0.2947771182 0.8848522956 0.4685998950 0.0869929680 0.2863384050 
0.0113918397 0.9301603388 0.1435759700 0.0742045442 0.1530457692 
0.8388715402 0.7462118939 0.3773283172 0.3428874107 0.6281727136 
0.0047530638 0.5710736834 0.8739793200 0.3108933353 0.6244732708 
0.5931101644 0.4586586859 0.6758938518 0.2171430272 0.8306728892 
0.8906489559 0.4403207691 0.1610032104 0.9598824250 0.9424291152 
0.3084771490 0.5306273128 0.1533028088 0.3603256519 0.4133538266 
0.2920876411 0.8436346268 0.2538269270 0.3482986619 0.5938286111 
0.7253224088 0.5154953068 0.0408636296 0.8983456834 0.0610683842 
0.4722555024 0.1880447988 0.8448941849 0.7934456421 0.4916553273 
0.2924627034 0.7111789186 0.4703253417 0.3930390306 0.4480199206 
0.3856001159 0.3024010707 0.1307866308 0.0467000563 0.6291833139 
0.0204172489 0.8626819329 0.6850641620 0.6570267896 0.1446815281 
0.3812917612 0.9954803339 0.7126204841 0.5223779685 0.3644150826 
0.6207012333 0.9445646092 0.4831559880 0.9379127324 0.0316271795 
0.5069747352 0.0488980188 0.0971917629 0.9222497378 0.1401647202 
0.4881349313 0.4822090709 0.6185770958 0.5289139932 0.6820288560 
0.0341754221 0.2783533029 0.7657508476 0.0573889682 0.9587762690 
0.8575092145 0.4372466199 0.0138233916 0.5216859391 0.9749896534 
0.1405623190 0.1354881921 0.2597389618 0.6792699161 0.2630361664 
0.6361960910 0.5350577950 0.4067038020 0.5901140089 0.6281310007 
0.6682039698 0.0372318619 0.4047442902 0.9014807089 0.5163108313 
0.8321420810 0.2735747745 0.0944372355 0.6734792523 0.0536515089 
0.7731613428 0.6382970281 0.9870800030 0.4597108696 0.9110855925 
0.1655246545 0.7853600982 0.7617521131 0.6618027653 0.5871586259 
0.7450908238 0.3593702075 0.4813244378 0.9678764745 0.6294651651 
0.4861089870 0.7374743264 0.6586026897 0.2171733377 0.9592509723 
0.5816988947 0.5828835131 0.4235718384 0.6022509767 0.5529030243 
0.1432236090 0.3697506118 0.3741882280 0.1074677850 0.3197880632 
0.7523763670 0.5040349284 0.5864889460 0.5435814566 0.9843877626 
0.1343726109 0.9976713555 0.4212548176 0.2754454093 0.2430073982 
0.2673462287 0.1566255070 0.9340172619 0.0259055929 0.4294289728 
0.6778659098 0.0322264295 0.3461862201 0.8705718493 0.8467926424 
0.6718950121 0.0294315668 0.7848264261 0.6397907108 0.5846926970 
0.6310157405 0.9593571816 0.1356751003 0.9060272612 0.4229774726 
0.1749601691 0.7146895969 0.5092048411 0.5082577382 0.8242673965 
0.2086871600 0.1889697963 0.0038084375 0.8973151918 0.3015986826 
0.7302513892 0.1332096583 0.9312268135 0.2257447961 0.5893174844 
0.5719786702 0.5222039595 0.4051598763 0.5036141886 0.6682116584 
0.9541130794 0.6776402741 0.6743312802 0.2120576964 0.1124899853 
0.9802787143 0.1875861442 0.5186708146 0.7205989102 0.0097660472 
0.3997664806 0.1511358192 0.5399274782 0.5617057010 0.6804339406 
0.5786498896 0.5599063305 0.7258138934 0.3387341275 0.1462119454 
0.2025266269 0.5422508378 0.2603548667 0.9267863080 0.2296788016 
0.6830436354 0.5626745927 0.3736537538 0.1401134578 0.9158535964 
0.3548963780 0.1954316698 0.5139553005 0.3430272161 0.4585380312 
0.8989373989 0.6828452443 0.0819333632 0.2628906071 0.2194176282 
0.8638076986 0.8931911464 0.9911279847 0.5074380077 0.6040395807 
0.0495815958 0.8523307182 0.9649609798 0.6647753313 0.2534355303 
0.4956369099 0.5434243943 0.6602678451 0.6416922776 0.8683991702 
0.0067762715 0.0077715255 0.7751865958 0.7296859363 0.0807498285 
0.3627825139 0.3363770841 0.9892299772 0.1008812844 0.6367199185 
0.6686866475 0.5269844060 0.6149109700 0.7754206295 0.2824009356 
0.4699346146 0.4814781742 0.0495417232 0.2595696832 0.1135596294 
0.0500438437 0.6838473490 0.8554421727 0.1491855282 0.6267412606 
0.0560921750 0.1878704602 0.8899221391 0.0485226548 0.3569241078 
0.9002198447 0.7725324907 0.3477555892 0.4341970880 0.6716716386 
0.5771759201 0.7806045313 0.0018725925 0.7323938321 0.5865098911 
0.0986036827 0.6614600173 0.4263921799 0.0363325111 0.1462361969 
0.9897379004 0.4307598178 0.5880557377 0.6130382085 0.9316852444 
0.7757991296 0.8262013122 0.1148193192 0.5621437244 0.9990056544 
0.1247840073 0.0925713498 0.9838370906 0.2465018546 0.1952230691 
0.6494258182 0.6563555454 0.6019984665 0.4760845072 0.1263895193 
0.4463289464 0.9221023968 0.1453686879 0.7435003694 0.6335811580 
0.8747020004 0.8854964099 0.1986024394 0.4917483079 0.8021842216 
0.7954731754 0.6500677757 0.0220635904 0.5261865819 0.2301898510 
0.4439885985 0.4986070251 0.8952495006 0.8883608704 0.8350771058 
0.8515041332 0.0391234729 0.5397311632 0.5757948167 0.6947723780 
0.0684743058 0.7409839289 0.4933295036 0.8959219975 0.2570031723 
0.2709679806 0.0104494552 0.0548186613 0.9154290288 0.0757841662 
0.8014546320 0.3279168478 0.7214565076 0.3635130847 0.9299134378 
0.3713075819 0.2151837334 0.7088155254 0.0148077159 0.5294726804 
0.2608131292 0.0696807124 0.2619507663 0.4458979305 0.1983960543 
0.1030656390 0.3892314541 0.6522912951 0.2277873968 0.4315205439 
0.9791506811 0.3235546969 0.9097507163 0.8503170743 0.9445106865 
0.2015994124 0.6493410267 0.4978346385 0.0679678134 0.4225097269 
0.0138133580 0.7992565203 0.4064609058 0.6913844618 0.2337758941 
0.1783089559 0.8965160771 0.0524519380 0.5267167580 0.4766773275 
0.4441853879 0.0862082299 0.3087450211 0.3853608517 0.1810600830 
0.0020765124 0.4159495496 0.3697154895 0.9596193425 0.8406909392 
0.8402042345 0.1651911770 0.6998759889 0.0272080521 0.5971671313 
0.7370581089 0.4600007557 0.8523674438 0.4055611040 0.9468392034 
0.6629481792 0.4370342722 0.6274904899 0.1316564848 0.6287722644 
0.8542352874 0.3907853501 0.1454442610 0.8688234090 0.3468354940 
0.9889534926 0.3678562989 0.0071486343 0.6099915090 0.5628316580 
0.4171490874 0.4472459383 0.5210246886 0.3191544856 0.6152331627 
0.3531015000 0.5354922149 0.8115615157 0.0576256770 0.8021990345 
0.6693510362 0.0399994252 0.8562235580 0.8093577209 0.1435454753 
0.6811277430 0.4958410752 0.7869104968 0.8730616593 0.1323394998 
0.7649331478 0.9781534518 0.5820373413 0.0381381488 0.5726795199 
0.1902351814 0.1201071388 0.3375329879 0.2835480611 0.3758362362 
0.2920581233 0.0680668071 0.1489135512 0.6336524256 0.9329425507 
0.7770542905 0.1008290043 0.4576002711 0.3296741577 0.7386266926 
0.9302416138 0.3339751431 0.2561323267 0.7609371491 0.7743824348 
0.3903313925 0.5818615815 0.1731788479 0.2231365790 0.8744397258 
0.5704204567 0.2619160468 0.4796472394 0.7240648306 0.8408848246 
0.7088082887 0.8192058492 0.2181051671 0.2308547578 0.8186343706 
0.7335587980 0.4236137886 0.3893320766 0.1727524500 0.7531855716 
0.2130510157 0.4531793196 0.9385604006 0.3561054142 0.8581233085 
0.0896355674 0.9256633661 0.9316059631 0.9757067920 0.7918485894 
0.3101326416 0.1234536188 0.8185905724 0.6855260942 0.5098503798 
0.3604345485 0.4164498770 0.5037370751 0.7874614050 0.3426357746 
0.4651289965 0.0188514764 0.6599209038 0.6244002521 0.3344183833 
0.5440010067 0.5265855070 0.6877468881 0.7220860013 0.0920314162 
0.8487760973 0.7647594661 0.7839415825 0.7716143264 0.9297197551 
0.8576633819 0.0057867971 0.8299863818 0.3606149341 0.3478957043 
0.0489517548 0.6639373454 0.7346978796 0.2136682229 0.3621712928 
0.0135127184 0.6427214830 0.7911664707 0.5682246120 0.7623549185 
0.4360786801 0.5270035669 0.8955632378 0.6036153939 0.0225825618 
0.9780505897 0.1669800402 0.4740589152 0.0852514614 0.3985629410 
0.8100858818 0.5774697010 0.8849260826 0.6003315927 0.8214042518 
0.0591945577 0.8433439531 0.5380512343 0.0814448514 0.4995625183 
0.9076876551 0.8517273401 0.5549623840 0.5935983511 0.0975060173 
0.3929820000 0.1938684570 0.7374671948 0.0703917895 0.3931603071 
0.6286450778 0.6225266170 0.9956119415 0.9627793764 0.3142338434 
consumed time for generating 10000000 randoms.
BLOCK MIN: 100ms.
      AVE: 115ms.
SEQUE MIN: 200ms.
      AVE: 202ms.
r = 1313512888
