generated randoms [0,1)
0.22481278193608878000 0.40117651174654734000 0.85607329860889414000 
0.15964427542739767000 0.89080055870166430000 0.49104726252786879000 
0.99060998135886091000 0.51167391385008898000 0.49203964224680230000 
0.52356676868150198000 0.99122031492138873000 0.73799454470680881000 
0.46928624953804920000 0.53487289873125698000 0.10124117161041135000 
0.75998085003080385000 0.49777807331490798000 0.53616811368766282000 
0.02859365721815088100 0.26522847422345852000 0.00425619181629732780 
0.93990190769616011000 0.05259119319570571000 0.81592646160603644000 
0.40253756882409264000 0.18115166361721147000 0.14612795804043266000 
0.25405146260975831000 0.69512712711770663000 0.98916481950553026000 
0.03267775444205733800 0.16679628011122816000 0.48681697266661650000 
0.37761953326532938000 0.79834047981289324000 0.92302546655880535000 
0.94814580522923486000 0.65699370273891677000 0.31957869283490359000 
0.20300161675293471000 0.68420875439079332000 0.21755955648134462000 
0.69120138418927390000 0.04499463978503048800 0.88717773781521481000 
0.40816659217813722000 0.41247285410968271000 0.03335321782132005800 
0.20638529494687563000 0.09822379118805479900 0.98337977685516997000 
0.36566084866592652000 0.24933360793103176000 0.05558807450148894900 
0.20370053127541965000 0.53449051494944699000 0.84479275121575292000 
0.13992247266070623000 0.66709339199080797000 0.73344891572131687000 
0.66099816948239054000 0.97054309230709701000 0.54825160911559778000 
0.73932410914137625000 0.62619911606838286000 0.22409065268565165000 
0.85949045790597056000 0.02180913183778643300 0.14835322746004920000 
0.49947852820944849000 0.37995215867558851000 0.45914763749930199000 
0.85370596526106701000 0.18762846482441398000 0.80554232876468967000 
0.80805029646388826000 0.41359458329541243000 0.57082074784608672000 
0.45057422892763288000 0.70936316461188409000 0.05974533214157640200 
0.42496087529950177000 0.92681425952845253000 0.61503005606825933000 
0.30579804980186531000 0.95129065106700805000 0.30795067784217611000 
0.48197524889622723000 0.28120116918151528000 0.20019416120891687000 
0.63717280207872529000 0.84908083523727762000 0.74053620621987881000 
0.28050457346682478000 0.83991538412446087000 0.24829958709773292000 
0.75022879829127831000 0.61377408667000610000 0.89517371411114866000 
0.93243879174045530000 0.17617539454772846000 0.83727721734329941000 
0.61015591245543321000 0.27396319674617464000 0.02614955065364776800 
0.24615528874029202000 0.80678728677848688000 0.55289164960654991000 
0.22111338004060888000 0.00692178889780015180 0.30313732934496085000 
0.04495312735421475000 0.14340783006899382000 0.02640906366199424800 
0.49010644833797135000 0.67571460747035816000 0.43318427977157992000 
0.84327106814541519000 0.47057625844940243000 0.38964703669134160000 
0.48683563535087893000 0.46217967067131527000 0.99969648287194723000 
0.44804088167417055000 0.25907150652585309000 0.45889257750129886000 
0.58641848050531564000 0.74273209647708893000 0.93751860263811082000 
0.32702978788473280000 0.96192008943771157000 0.22857783637497064000 
0.31236437548976981000 0.05529639151393284100 0.24409626368810011000 
0.19383757943807534000 0.41293440187175223000 0.21109629276084152000 
0.73448774945640150000 0.25802219339213628000 0.28672343325877381000 
0.22526301989894582000 0.61214977752183231000 0.03722755083661089000 
0.80499397480676582000 0.63340977044235891000 0.11012074070411160000 
0.41544479427932113000 0.28210568382582912000 0.38308640806682370000 
0.40967726579568375000 0.89009523460333750000 0.18150427106199274000 
0.95492752394141767000 0.85475587981704315000 0.16489710535959334000 
0.55970842718260272000 0.80927852819208379000 0.57974539383385126000 
0.86290080170606820000 0.99658663278790272000 0.85820745070852844000 
0.22145129275778963000 0.68336088354864266000 0.80204650986453485000 
0.03127916473823622000 0.36468455791966115000 0.84346660027365816000 
0.87778841381308048000 0.40124400799858440000 0.92804457715366140000 
0.01875132520061817400 0.83221580685949559000 0.24641750790892702000 
0.18923221103066878000 0.34143831431801752000 0.27592014041887247000 
0.56061272940110496000 0.99953752097172277000 0.79522687121877689000 
0.83614860917275946000 0.97365295628746606000 0.56730579994594321000 
0.37750982012045786000 0.74437662580142794000 0.32120777381301679000 
0.59499150226813491000 0.70878193247029442000 0.92642847598662437000 
0.94580845336402852000 0.36229524891598452000 0.03467690416027258100 
0.96149330298187596000 0.71125823533694388000 0.51114432667629894000 
0.01137542703097804700 0.89037880797039870000 0.56134949906329146000 
0.14827296740320461000 0.43172478977755446000 0.46764676249650949000 
0.00788016882948316950 0.63687681364001603000 0.01119303831895068800 
0.76783080385482738000 0.65018743748054386000 0.99526439099002717000 
0.58825840545409847000 0.03141764313754369400 0.81335340033269521000 
0.14417626233740899000 0.60595486734281567000 0.94730806135108159000 
0.58464659983972123000 0.52107010252097186000 0.99554584007565383000 
0.69732588764995840000 0.56541699730786688000 0.90301372658162049000 
0.68022878430969480000 0.91135464536312383000 0.01548733367766796900 
0.18388162404111097000 0.28292347717234478000 0.83571140065243577000 
0.59379976485433139000 0.77061582884199709000 0.35807504797215906000 
0.45505639319214763000 0.67768638210494259000 0.90188659211581457000 
0.92040092711683075000 0.31665442498958640000 0.10177013600555029000 
0.73505616285265929000 0.12289049592516799000 0.09764532549602589200 
0.01205105572009102000 0.62390930570436143000 0.15096749933891829000 
0.07393801501900298900 0.07542469777801841200 0.89648539759741452000 
0.84589871004839190000 0.89813967662395289000 0.79589861257899130000 
0.15038126721395106000 0.03231636739097854000 0.88590550152445080000 
0.26119008034749336000 0.21606882709865638000 0.48000830989737153000 
0.75901180484085229000 0.93710728751901895000 0.90698622996637246000 
0.56969702300683189000 0.78943554268079308000 0.29802029634622240000 
0.91759263264471747000 0.13729913622351186000 0.33043628910405110000 
0.45095423243894417000 0.07054964838037292000 0.98126014460069144000 
0.00327388759740410150 0.67376454677334086000 0.54563437780812407000 
0.92447046939363697000 0.93763768486971433000 0.64874976354944947000 
0.79153730602644878000 0.42358914075747789000 0.99944031798762323000 
0.37692371244974576000 0.62524401556962439000 0.87296354821739364000 
0.20313971202032755000 0.95585362666799378000 0.88658827607212221000 
0.10516888023066029000 0.38654247296540079000 0.90736145589446671000 
0.46021551839616115000 0.55411521146439791000 0.14287842540815343000 
0.30728046061001346000 0.56674668364833658000 0.47580794895412137000 
0.23281362922234750000 0.91820350221797997000 0.38152126519417728000 
0.23124035059395442000 0.09014807653768919200 0.86082875393914793000 
0.51157213267489010000 0.33131535316018090000 0.85871174613541723000 
0.91071694555481852000 0.20802911653167655000 0.34754849987108449000 
0.70787387922881617000 0.87238839439037097000 0.82205562784271291000 
0.84252940073261096000 0.35472925150955481000 0.42513169511060656000 
0.97468869187816853000 0.80197599739112957000 0.58760408842913447000 
0.90564183356686212000 0.64985782479987853000 0.43391800968508565000 
0.81783015489671684000 0.57535457780016186000 0.90730242743575173000 
0.47649146554571042000 0.97768480705785188000 0.72256053923667451000 
0.17622722765507071000 0.38224329054119144000 0.31729321419547118000 
0.30084799571285581000 0.08035356313970876100 0.70429708954267545000 
0.18218881506849960000 0.55014173436183711000 0.90672294245903751000 
0.21038077757506279000 0.42445928614029582000 0.43388042034521290000 
0.54715394635478387000 0.85706619661356176000 0.49903653287206362000 
0.52336091634972992000 0.14528923297635532000 0.38431637912738115000 
0.30012629389549872000 0.84701300740909424000 0.69200225366332413000 
0.64768504948318983000 0.91778185162163539000 0.05643888421333764800 
0.45855879509064468000 0.93979455908196918000 0.87435632905931060000 
0.61882177712411224000 0.04969743960503980600 0.37216644249102160000 
0.24755621455861854000 0.91997290536310383000 0.35920622721734885000 
0.74673090135382192000 0.79626408786845837000 0.20897764353767201000 
0.03590328017574506700 0.24488516842937225000 0.69456040336098512000 
0.65490398857274434000 0.45369297549743681000 0.52867265566806854000 
0.04902437148815797000 0.55472739722553799000 0.35608125602413665000 
0.98550966823415398000 0.93540540089393898000 0.27734520153837816000 
0.31696940176632982000 0.19733711082819583000 0.89863053111894731000 
0.76793746255327067000 0.25060113675532625000 0.11991774349388273000 
0.01803645085112615100 0.64484174894859225000 0.61069904317984314000 
0.25629195668313876000 0.46225674016143947000 0.65311596165029395000 
0.23894120424185861000 0.82037838832357823000 0.21656478619290565000 
0.00493196885778224290 0.67816493564131131000 0.79072456885473130000 
0.61114312371553803000 0.93316209532672167000 0.01659927633421309800 
0.14225127369331814000 0.22033952964467352000 0.10676590799945140000 
0.38981776920691225000 0.14496499170732191000 0.44512283573256561000 
0.28641341161365919000 0.40039603858517459000 0.98503154835449314000 
0.43505768807162526000 0.97022520936091072000 0.93701361561942953000 
0.00356826501632778740 0.75166518732219600000 0.17823024929911169000 
0.16086515367135990000 0.59944486745956205000 0.25060493694862762000 
0.75105606928443103000 0.34460128201632556000 0.16718793658048448000 
0.61230617086874650000 0.76248903542676838000 0.26783296970908821000 
0.20511200050170442000 0.57959056565661382000 0.33951665786138263000 
0.08810357648122235700 0.72921529848599054000 0.69384258196508464000 
0.08065170966371026900 0.46008509111072926000 0.38642308474179887000 
0.98770567647235796000 0.29599129027374160000 0.24727370342147426000 
0.43461572322152642000 0.80349231133467369000 0.44351039612612020000 
0.30772445399317228000 0.93126406160772079000 0.99329707111178989000 
0.83947881792688950000 0.27316990020562004000 0.33441343476479202000 
0.10605289074006197000 0.88021894417141611000 0.66052584808113535000 
0.16133596632854963000 0.28846048189339490000 0.36288756539075107000 
0.79513350001747063000 0.78536417962955096000 0.95673276813295449000 
0.57302173945430424000 0.41928755425917119000 0.00103939293173205270 
0.61511352516241202000 0.06556733953350635200 0.91484524893488639000 
0.24793846362049465000 0.53868000724510101000 0.74177931869769065000 
0.09355212220187980600 0.16818641260292355000 0.03134972301233318600 
0.32811872672843378000 0.61567624654686082000 0.02878979426877359400 
0.03452012027525519500 0.55519559069696744000 0.92512430596554074000 
0.78339024107175881000 0.80017490112492995000 0.87654842255685383000 
0.41958597236111594000 0.28581076388813687000 0.91151852842098835000 
0.90261420444957818000 0.81439054696464552000 0.24310345273892864000 
0.80061607110815980000 0.47292800822231151000 0.40006412354967358000 
0.63478924893202260000 0.13302643605348785000 0.69333851360512067000 
0.41064797262852104000 0.98662829694845877000 0.67961381683329791000 
0.20502897855645918000 0.53626830653985103000 0.27270792277429479000 
0.71006560407875674000 0.20976858016355315000 0.96566537694468435000 
0.00615914633562075760 0.07765176463751988200 0.00648945183596683070 
0.44134975189150949000 0.35525383243185482000 0.95225029115322113000 
0.90304059406640458000 0.97522229587823617000 0.46346459770687121000 
0.25347566892079931000 0.68063250661316621000 0.21195142710552939000 
0.28970657789431908000 0.89803451876958129000 0.76028563714037878000 
0.63305473960798220000 0.85755584443523936000 0.63237704553089991000 
0.48684021945751166000 0.17444360016283000000 0.28494151725731021000 
0.11574723134158571000 0.60388890920669591000 0.83925949803013733000 
0.25486211121350877000 0.78690514932532163000 0.89310192352492535000 
0.83655377339355597000 0.18073301878889558000 0.40489828643264469000 
0.45262908000114588000 0.21368996969389809000 0.02654858469805665400 
0.64146686418502807000 0.85434068948800390000 0.90458555883944292000 
0.49682503371356712000 0.53871290951158834000 0.80666179367234414000 
0.37977943175435680000 0.70784342262346511000 0.21103660713918049000 
0.07273388095984390000 0.74198347135469911000 0.05261813150601035700 
0.79486487464031552000 0.82605977800755426000 0.39159504060800221000 
0.99628498667211018000 0.96163212842088885000 0.08553653744915412600 
0.31070373315800470000 0.73856421892221724000 0.34741114955226360000 
0.95019763591397255000 0.17376813076648934000 0.70860999308962525000 
0.76527515454819950000 0.10724444432784441000 0.35480508310523606000 
0.21167553020542895000 0.96387658026296341000 0.71441191811906468000 
0.80063717148772873000 0.38551812351117376000 0.77793542769462376000 
0.70342898520175234000 0.73746646885139233000 0.68003931805370055000 
0.81138740825573041000 0.85801498854977654000 0.96138656049714788000 
0.86454128167441402000 0.04965296006550201600 0.41153368148652514000 
0.43582389273186495000 0.47654573980685622000 0.57458948457263159000 
0.16819348405085521000 0.67892891389536070000 0.40306208627470719000 
0.10825240311239215000 0.06427398057815403300 0.90762732868521945000 
0.80721797569899323000 0.80117601231895685000 0.47109931898867807000 
0.90198546090140597000 0.96496808084724828000 0.50711362153194806000 
0.54126491552142131000 0.30298473463825659000 0.59963959576142134000 
0.85405246517942457000 0.81953915242816278000 0.23118374815269460000 
0.29589652038705228000 0.75048213268854091000 0.37499532181494244000 
0.03405129310477450500 0.10187376804789738000 0.99022865193985266000 
0.88044677934298488000 0.87376160471001119000 0.82966904546138553000 
0.16218191328719289000 0.97388088819892693000 0.93590587157464156000 
0.85516299769987913000 0.85785977803242086000 0.10148013607324713000 
0.42696395950169674000 0.11513783924688292000 0.93341725178759782000 
0.10988505690132366000 0.36351752345355437000 0.99450551513400454000 
0.00125069570425040410 0.22846983014255140000 0.99119646017945540000 
0.00260987743731488920 0.96986204813765720000 0.79817629930660505000 
0.16486489715557773000 0.34854523483746913000 0.68588422367056334000 
0.06008061458120339500 0.36336143368923346000 0.74182046926682443000 
0.62033017174204286000 0.03856342433489623500 0.61819706259201634000 
0.55915795546648428000 0.53678087172802513000 0.29320678981498882000 
0.84545477756058007000 0.81418946874002174000 0.59000052306521300000 
0.38990213938317297000 0.63220332438451732000 0.09504748370231808100 
0.46062851147432404000 0.11361286405846482000 0.46165906191994566000 
0.13722131040237295000 0.46396326834753698000 0.71995324133323280000 
0.74425644761994447000 0.58672160970152487000 0.66022370050006973000 
0.88882516889126784000 0.57757529414558584000 0.77814885041997317000 
0.87424767148108451000 0.43960183751443882000 0.45484278505172870000 
0.50720300322944434000 0.75889404905374191000 0.71281424067646171000 
0.59402827243211687000 0.36683590743263150000 0.63398317114086145000 
0.85319812133748019000 0.09506058564776132000 0.24916380876827171000 
0.12501779443590966000 0.50159711919401651000 0.85553773538614508000 
0.64983861910992546000 0.47284126932244730000 0.58151282706289198000 
0.88742592606820936000 0.63950666293946168000 0.48286628310538249000 
0.70845958608037818000 0.75280554716997861000 0.48369549944689849000 
0.03814451023021070400 0.98168009652220656000 0.58063636255371742000 
0.67770424407104524000 0.92910391298261885000 0.50536396835321162000 
0.65838901576254938000 0.26011700059768295000 0.53940605319281332000 
0.80601054100205594000 0.07866282273592006800 0.71576262399490331000 
0.07779300330022631500 0.65800133838980535000 0.37869487837461868000 
0.50607926151592131000 0.51356061229993211000 0.45693028913910272000 
0.70728112903987106000 0.71972060582393538000 0.33788011192348733000 
0.70695362740485335000 0.22986924863107583000 0.42735092053030410000 
0.85249023554223013000 0.30694112954600827000 0.62582221288639728000 
0.14540486882021320000 0.76468261175428176000 0.38050946793668095000 
0.26153286326793768000 0.46718873156661633000 0.05810883467218608300 
0.15335350364820677000 0.83828481455051507000 0.91918935750538133000 
0.73111851287543339000 0.96232304406316627000 0.74221682248891319000 
0.02759945576420852500 0.11006296231356938000 0.41895814815306776000 
0.14454169947567741000 0.06467133624840082400 0.05924480115570052200 
0.20439470746974497000 0.66136328977431424000 0.72244878022468617000 
0.35903868959262764000 0.48063495117826549000 0.43970918591846964000 
0.97108165015473880000 0.22231710442566510000 0.16922697150676824000 
0.74547391145843300000 0.78076980280083186000 0.54325386487638605000 
0.92930530801324207000 0.75087602722904534000 0.62297171651064676000 
0.68186842328059427000 0.01688888574989233500 0.59652167538613554000 
0.31245903460387070000 0.63151724571570345000 0.12442443854457541000 
0.19153046114896743000 0.28062065080501619000 0.99753346066728121000 
0.08764451115340543600 0.87963107313996658000 0.73305206779695031000 
0.43281688390301531000 0.47129766134018514000 0.14920546165672977000 
0.63490206565077978000 0.12195002299470392000 0.91606943318180378000 
0.36676838471205730000 0.82570047944341152000 0.57129880935806643000 
0.89286393476624792000 0.02685770172371837500 0.42819336506180417000 
0.67133980849604580000 0.67707907132479161000 0.17634164296779575000 
0.63740405592258109000 0.09553660293451349300 0.86104417234313502000 
0.24208458456306059000 0.91394681990060866000 0.40254702657397479000 
0.47896017790626644000 0.01802086982141970500 0.07404586468535212500 
0.06125755481182770800 0.68848709638317374000 0.60936250807917514000 
0.83159265626235035000 0.34417091978476511000 0.39914890672983416000 
0.16911679613900055000 0.97848686124802797000 0.51280008968414847000 
0.90732199403133995000 0.30840918251194305000 0.96793286029619630000 
0.83237745399837682000 0.07238812712218289900 0.03288894839830169800 
0.95153841382608095000 0.56187099794813733000 0.61556974872184411000 
0.01154141735844316200 0.81429804214157486000 0.24191556042996787000 
0.69052087484662095000 0.51693264750435031000 0.66299250039997992000 
0.96854300358015832000 0.84269797681924974000 0.72845971486876193000 
0.75372236900974632000 0.37996287827060349000 0.15286182108016644000 
0.84367313506404318000 0.47779330945037124000 0.71631642717682897000 
0.25617427120189062000 0.67801664250345461000 0.02339719594326750100 
0.56244060711386568000 0.91202328549817469000 0.42082382809047036000 
0.76622615387978055000 0.67375912608405852000 0.61698326045742524000 
0.87282570881352051000 0.32142060591533039000 0.20752154299391035000 
0.45743293304309951000 0.07932642708705284200 0.21127692172044998000 
0.38219354326635435000 0.68329137967277376000 0.59702783064536136000 
0.85153508467156436000 0.25314683557946305000 0.33366159463208356000 
0.62824938403273944000 0.32804670250194201000 0.94742623779424129000 
0.48843525508471664000 0.10394214168212534000 0.27547812192239585000 
0.01795843803625074600 0.30859409998617537000 0.81545321905419099000 
0.08536498475341947100 0.47911614505654709000 0.38302588513994285000 
0.98887847811531127000 0.75979809308392698000 0.24623379666101597000 
0.12865035320495499000 0.97453372412519856000 0.97047542706557666000 
0.15516685497050831000 0.02588976073188931100 0.16519326968152281000 
0.79306095893467510000 0.97118724975573634000 0.36720247923505989000 
0.17933363757994258000 0.46736162860210717000 0.37221592464117559000 
0.31887882287832947000 0.62386697378197242000 0.84433384925209620000 
0.87641790137103914000 0.11105218194070288000 0.07287383804958058600 
0.42692732435039704000 0.39445613666204338000 0.92069750372043990000 
0.28619144207137093000 0.19462782953441615000 0.96687598904878125000 
0.08857778653508163700 0.61291108111484149000 0.93964122388226201000 
0.83947069766526949000 0.31773834628657238000 0.46309152183380431000 
0.05633184194062379500 0.00162457746616162520 0.31125344238695263000 
0.31176114453739689000 0.43936761504790245000 0.39358156118681920000 
0.45107242697466776000 0.39692508318724551000 0.14202815654632506000 
0.84726954384165021000 0.07763613010620273900 0.11168265042844672000 
0.66217347206737442000 0.80173875847519094000 0.10618618374172262000 
0.32564395265231894000 0.70834993753933562000 0.03473083083721717500 
0.48488928858314195000 0.04351772017513910700 0.68691286037756982000 
0.30093956441865632000 0.06281956796083121300 0.10478492862053601000 
0.58313689735492691000 0.26179157031527822000 0.83315182827216550000 
0.94282334555636793000 0.03256407336394073800 0.28835981513824538000 
0.03366345106535040300 0.53146924460359513000 0.58896642046041436000 
0.64794210561754673000 0.77733805009719448000 0.18167342751052096000 
0.19227380941779093000 0.67521740709814027000 0.23299800163253970000 
0.58801428737557404000 0.92499835055602952000 0.72258250056473838000 
0.33229693744523114000 0.17309446727525302000 0.61395140864431741000 
0.02867985174560550000 0.16590416749883685000 0.58450137472032471000 
0.43421088145297948000 0.64552182440405970000 0.29848354406979016000 
0.90787343099233486000 0.97562817523017009000 0.69950689821534384000 
0.90146001502348150000 0.36621419633392427000 0.10883154086804026000 
0.39008800822374723000 0.64042962783711843000 0.73974914798420421000 
0.39457400533963383000 0.04941770840961368100 0.95423779697916089000 
0.94373657927103283000 0.90738916933178126000 0.40256885951805121000 
0.98442649117037262000 0.86869547278029935000 0.01088867873475685100 
0.67860154809413786000 0.36515610662566478000 0.43655999683587998000 
0.39221673943260793000 0.19876495071505507000 0.01943153583450985000 
0.07414998711550091500 0.01424607766826646600 0.71371341209350381000 
0.30574142087626033000 0.71659363815501265000 0.69824849235480690000 
0.75092642752554339000 0.05880417210700272800 0.54654077551911762000 
0.96618605184660122000 0.74784488542870853000 0.00466340975150880690 
0.83274521772843646000 0.44753799669442307000 0.54860623552507004000 
0.98805325323336302000 0.40169502367595955000 0.78965171910091558000 
0.46800588703936374000 0.74327731924935558000 0.98896964144253796000 
0.19349492657412681000 0.99505932685079634000 0.04269790197428879900 
0.55958851981464974000 0.59198335358395493000 0.83533537930434321000 
0.75359705055829940000 0.12912089717862352000 0.35810661543534961000 
0.49006131260499020000 0.18181324376052688000 0.20206349118003453000 
0.14556524251474623000 0.75756550234608033000 0.15998042848748217000 
0.75707120751536428000 0.64601675506505729000 0.59480499648912377000 
0.66028037503533921000 0.39409600637707043000 0.60886687167504094000 
0.57101675841604527000 0.37087443661227604000 0.98763034604757105000 
0.37782986694332221000 0.17870301377753739000 0.60762064306431229000 
0.93721009617413720000 0.29794223729955993000 0.87038453209416811000 
0.67028197726813277000 0.37341086779423893000 0.42146167939399404000 
0.31057762541146783000 0.90208456926078306000 0.21153674338295225000 
0.05917186666892226800 0.48955520257306651000 0.37306570402260752000 
0.60770070789326791000 0.19359580217029282000 0.82738362629634166000 
0.38378092115734708000 0.18895451517006290000 0.01053236788879252700 
0.93191306460435497000 0.41834079504227062000 0.01237884944188238900 
0.78339505069577853000 
generated randoms (0, 1]
0.77518721806391122000 0.59882348825345266000 0.14392670139110586000 
0.84035572457260233000 0.10919944129833570000 0.50895273747213121000 
0.00939001864113908620 0.48832608614991102000 0.50796035775319770000 
0.47643323131849802000 0.00877968507861126570 0.26200545529319119000 
0.53071375046195080000 0.46512710126874302000 0.89875882838958865000 
0.24001914996919615000 0.50222192668509202000 0.46383188631233718000 
0.97140634278184912000 0.73477152577654148000 0.99574380818370267000 
0.06009809230383989000 0.94740880680429429000 0.18407353839396356000 
0.59746243117590736000 0.81884833638278853000 0.85387204195956734000 
0.74594853739024169000 0.30487287288229337000 0.01083518049446974300 
0.96732224555794266000 0.83320371988877184000 0.51318302733338350000 
0.62238046673467062000 0.20165952018710676000 0.07697453344119464800 
0.05185419477076513900 0.34300629726108323000 0.68042130716509641000 
0.79699838324706529000 0.31579124560920668000 0.78244044351865538000 
0.30879861581072610000 0.95500536021496951000 0.11282226218478519000 
0.59183340782186278000 0.58752714589031729000 0.96664678217867994000 
0.79361470505312437000 0.90177620881194520000 0.01662022314483002600 
0.63433915133407348000 0.75066639206896824000 0.94441192549851105000 
0.79629946872458035000 0.46550948505055301000 0.15520724878424708000 
0.86007752733929377000 0.33290660800919203000 0.26655108427868313000 
0.33900183051760946000 0.02945690769290298900 0.45174839088440222000 
0.26067589085862375000 0.37380088393161714000 0.77590934731434835000 
0.14050954209402944000 0.97819086816221357000 0.85164677253995080000 
0.50052147179055151000 0.62004784132441149000 0.54085236250069801000 
0.14629403473893299000 0.81237153517558602000 0.19445767123531033000 
0.19194970353611174000 0.58640541670458757000 0.42917925215391328000 
0.54942577107236712000 0.29063683538811591000 0.94025466785842360000 
0.57503912470049823000 0.07318574047154746700 0.38496994393174067000 
0.69420195019813469000 0.04870934893299194700 0.69204932215782389000 
0.51802475110377277000 0.71879883081848472000 0.79980583879108313000 
0.36282719792127471000 0.15091916476272238000 0.25946379378012119000 
0.71949542653317522000 0.16008461587553913000 0.75170041290226708000 
0.24977120170872169000 0.38622591332999390000 0.10482628588885134000 
0.06756120825954470300 0.82382460545227154000 0.16272278265670059000 
0.38984408754456679000 0.72603680325382536000 0.97385044934635223000 
0.75384471125970798000 0.19321271322151312000 0.44710835039345009000 
0.77888661995939112000 0.99307821110219985000 0.69686267065503915000 
0.95504687264578525000 0.85659216993100618000 0.97359093633800575000 
0.50989355166202865000 0.32428539252964184000 0.56681572022842008000 
0.15672893185458481000 0.52942374155059757000 0.61035296330865840000 
0.51316436464912107000 0.53782032932868473000 0.00030351712805276598 
0.55195911832582945000 0.74092849347414691000 0.54110742249870114000 
0.41358151949468436000 0.25726790352291107000 0.06248139736188917900 
0.67297021211526720000 0.03807991056228843300 0.77142216362502936000 
0.68763562451023019000 0.94470360848606716000 0.75590373631189989000 
0.80616242056192466000 0.58706559812824777000 0.78890370723915848000 
0.26551225054359850000 0.74197780660786372000 0.71327656674122619000 
0.77473698010105418000 0.38785022247816769000 0.96277244916338911000 
0.19500602519323418000 0.36659022955764109000 0.88987925929588840000 
0.58455520572067887000 0.71789431617417088000 0.61691359193317630000 
0.59032273420431625000 0.10990476539666250000 0.81849572893800726000 
0.04507247605858233400 0.14524412018295685000 0.83510289464040666000 
0.44029157281739728000 0.19072147180791621000 0.42025460616614874000 
0.13709919829393180000 0.00341336721209728470 0.14179254929147156000 
0.77854870724221037000 0.31663911645135734000 0.19795349013546515000 
0.96872083526176378000 0.63531544208033885000 0.15653339972634184000 
0.12221158618691952000 0.59875599200141560000 0.07195542284633860100 
0.98124867479938183000 0.16778419314050441000 0.75358249209107298000 
0.81076778896933122000 0.65856168568198248000 0.72407985958112753000 
0.43938727059889504000 0.00046247902827722953 0.20477312878122311000 
0.16385139082724054000 0.02634704371253393500 0.43269420005405679000 
0.62249017987954214000 0.25562337419857206000 0.67879222618698321000 
0.40500849773186509000 0.29121806752970558000 0.07357152401337563300 
0.05419154663597147700 0.63770475108401548000 0.96532309583972742000 
0.03850669701812403600 0.28874176466305612000 0.48885567332370106000 
0.98862457296902195000 0.10962119202960130000 0.43865050093670854000 
0.85172703259679539000 0.56827521022244554000 0.53235323750349051000 
0.99211983117051683000 0.36312318635998397000 0.98880696168104931000 
0.23216919614517262000 0.34981256251945614000 0.00473560900997282990 
0.41174159454590153000 0.96858235686245631000 0.18664659966730479000 
0.85582373766259101000 0.39404513265718433000 0.05269193864891841300 
0.41535340016027877000 0.47892989747902814000 0.00445415992434616830 
0.30267411235004160000 0.43458300269213312000 0.09698627341837950900 
0.31977121569030520000 0.08864535463687617200 0.98451266632233203000 
0.81611837595888903000 0.71707652282765522000 0.16428859934756423000 
0.40620023514566861000 0.22938417115800291000 0.64192495202784094000 
0.54494360680785237000 0.32231361789505741000 0.09811340788418543300 
0.07959907288316925300 0.68334557501041360000 0.89822986399444971000 
0.26494383714734071000 0.87710950407483201000 0.90235467450397411000 
0.98794894427990898000 0.37609069429563857000 0.84903250066108171000 
0.92606198498099701000 0.92457530222198159000 0.10351460240258548000 
0.15410128995160810000 0.10186032337604711000 0.20410138742100870000 
0.84961873278604894000 0.96768363260902146000 0.11409449847554920000 
0.73880991965250664000 0.78393117290134362000 0.51999169010262847000 
0.24098819515914771000 0.06289271248098105000 0.09301377003362754100 
0.43030297699316811000 0.21056445731920692000 0.70197970365377760000 
0.08240736735528253500 0.86270086377648814000 0.66956371089594890000 
0.54904576756105583000 0.92945035161962708000 0.01873985539930855800 
0.99672611240259590000 0.32623545322665914000 0.45436562219187593000 
0.07552953060636302700 0.06236231513028567300 0.35125023645055053000 
0.20846269397355122000 0.57641085924252211000 0.00055968201237677206 
0.62307628755025424000 0.37475598443037561000 0.12703645178260636000 
0.79686028797967245000 0.04414637333200621700 0.11341172392787779000 
0.89483111976933971000 0.61345752703459921000 0.09263854410553329400 
0.53978448160383885000 0.44588478853560209000 0.85712157459184657000 
0.69271953938998654000 0.43325331635166342000 0.52419205104587863000 
0.76718637077765250000 0.08179649778202002800 0.61847873480582272000 
0.76875964940604558000 0.90985192346231081000 0.13917124606085207000 
0.48842786732510990000 0.66868464683981910000 0.14128825386458277000 
0.08928305444518147600 0.79197088346832345000 0.65245150012891551000 
0.29212612077118383000 0.12761160560962903000 0.17794437215728709000 
0.15747059926738904000 0.64527074849044519000 0.57486830488939344000 
0.02531130812183146600 0.19802400260887043000 0.41239591157086553000 
0.09435816643313788000 0.35014217520012147000 0.56608199031491435000 
0.18216984510328316000 0.42464542219983814000 0.09269757256424826500 
0.52350853445428958000 0.02231519294214812100 0.27743946076332549000 
0.82377277234492929000 0.61775670945880856000 0.68270678580452882000 
0.69915200428714419000 0.91964643686029124000 0.29570291045732455000 
0.81781118493150040000 0.44985826563816289000 0.09327705754096249400 
0.78961922242493721000 0.57554071385970418000 0.56611957965478710000 
0.45284605364521613000 0.14293380338643824000 0.50096346712793638000 
0.47663908365027008000 0.85471076702364468000 0.61568362087261885000 
0.69987370610450128000 0.15298699259090576000 0.30799774633667587000 
0.35231495051681017000 0.08221814837836460800 0.94356111578666235000 
0.54144120490935532000 0.06020544091803081700 0.12564367094068940000 
0.38117822287588776000 0.95030256039496019000 0.62783355750897840000 
0.75244378544138146000 0.08002709463689616800 0.64079377278265115000 
0.25326909864617808000 0.20373591213154163000 0.79102235646232799000 
0.96409671982425493000 0.75511483157062775000 0.30543959663901488000 
0.34509601142725566000 0.54630702450256319000 0.47132734433193146000 
0.95097562851184203000 0.44527260277446201000 0.64391874397586335000 
0.01449033176584602100 0.06459459910606102400 0.72265479846162184000 
0.68303059823367018000 0.80266288917180417000 0.10136946888105269000 
0.23206253744672933000 0.74939886324467375000 0.88008225650611727000 
0.98196354914887385000 0.35515825105140775000 0.38930095682015686000 
0.74370804331686124000 0.53774325983856053000 0.34688403834970605000 
0.76105879575814139000 0.17962161167642177000 0.78343521380709435000 
0.99506803114221776000 0.32183506435868869000 0.20927543114526870000 
0.38885687628446197000 0.06683790467327832600 0.98340072366578690000 
0.85774872630668186000 0.77966047035532648000 0.89323409200054860000 
0.61018223079308775000 0.85503500829267809000 0.55487716426743439000 
0.71358658838634081000 0.59960396141482541000 0.01496845164550686400 
0.56494231192837474000 0.02977479063908927700 0.06298638438057047000 
0.99643173498367221000 0.24833481267780400000 0.82176975070088831000 
0.83913484632864010000 0.40055513254043795000 0.74939506305137238000 
0.24894393071556897000 0.65539871798367444000 0.83281206341951552000 
0.38769382913125350000 0.23751096457323162000 0.73216703029091179000 
0.79488799949829558000 0.42040943434338618000 0.66048334213861737000 
0.91189642351877764000 0.27078470151400946000 0.30615741803491536000 
0.91934829033628973000 0.53991490888927074000 0.61357691525820113000 
0.01229432352764203700 0.70400870972625840000 0.75272629657852574000 
0.56538427677847358000 0.19650768866532631000 0.55648960387387980000 
0.69227554600682772000 0.06873593839227920600 0.00670292888821011350 
0.16052118207311050000 0.72683009979437996000 0.66558656523520798000 
0.89394710925993803000 0.11978105582858389000 0.33947415191886465000 
0.83866403367145037000 0.71153951810660510000 0.63711243460924893000 
0.20486649998252937000 0.21463582037044904000 0.04326723186704550800 
0.42697826054569576000 0.58071244574082881000 0.99896060706826795000 
0.38488647483758798000 0.93443266046649365000 0.08515475106511361000 
0.75206153637950535000 0.46131999275489899000 0.25822068130230935000 
0.90644787779812019000 0.83181358739707645000 0.96865027698766681000 
0.67188127327156622000 0.38432375345313918000 0.97121020573122641000 
0.96547987972474481000 0.44480440930303256000 0.07487569403445926100 
0.21660975892824119000 0.19982509887507005000 0.12345157744314617000 
0.58041402763888406000 0.71418923611186313000 0.08848147157901165000 
0.09738579555042181600 0.18560945303535448000 0.75689654726107136000 
0.19938392889184020000 0.52707199177768849000 0.59993587645032642000 
0.36521075106797740000 0.86697356394651215000 0.30666148639487933000 
0.58935202737147896000 0.01337170305154122800 0.32038618316670209000 
0.79497102144354082000 0.46373169346014897000 0.72729207722570521000 
0.28993439592124326000 0.79023141983644685000 0.03433462305531565000 
0.99384085366437924000 0.92234823536248012000 0.99351054816403317000 
0.55865024810849051000 0.64474616756814518000 0.04774970884677887100 
0.09695940593359542200 0.02477770412176383300 0.53653540229312879000 
0.74652433107920069000 0.31936749338683379000 0.78804857289447061000 
0.71029342210568092000 0.10196548123041871000 0.23971436285962122000 
0.36694526039201780000 0.14244415556476064000 0.36762295446910009000 
0.51315978054248834000 0.82555639983717000000 0.71505848274268979000 
0.88425276865841429000 0.39611109079330409000 0.16074050196986267000 
0.74513788878649123000 0.21309485067467837000 0.10689807647507465000 
0.16344622660644403000 0.81926698121110442000 0.59510171356735531000 
0.54737091999885412000 0.78631003030610191000 0.97345141530194335000 
0.35853313581497193000 0.14565931051199610000 0.09541444116055708400 
0.50317496628643288000 0.46128709048841166000 0.19333820632765586000 
0.62022056824564320000 0.29215657737653489000 0.78896339286081951000 
0.92726611904015610000 0.25801652864530089000 0.94738186849398964000 
0.20513512535968448000 0.17394022199244574000 0.60840495939199779000 
0.00371501332788981560 0.03836787157911114600 0.91446346255084587000 
0.68929626684199530000 0.26143578107778276000 0.65258885044773640000 
0.04980236408602745100 0.82623186923351066000 0.29139000691037475000 
0.23472484545180050000 0.89275555567215559000 0.64519491689476394000 
0.78832446979457105000 0.03612341973703658800 0.28558808188093532000 
0.19936282851227127000 0.61448187648882624000 0.22206457230537624000 
0.29657101479824766000 0.26253353114860767000 0.31996068194629945000 
0.18861259174426959000 0.14198501145022346000 0.03861343950285212000 
0.13545871832558598000 0.95034703993449798000 0.58846631851347486000 
0.56417610726813505000 0.52345426019314378000 0.42541051542736841000 
0.83180651594914479000 0.32107108610463930000 0.59693791372529281000 
0.89174759688760785000 0.93572601942184597000 0.09237267131478055200 
0.19278202430100677000 0.19882398768104315000 0.52890068101132193000 
0.09801453909859403300 0.03503191915275172300 0.49288637846805194000 
0.45873508447857869000 0.69701526536174341000 0.40036040423857866000 
0.14594753482057543000 0.18046084757183722000 0.76881625184730540000 
0.70410347961294772000 0.24951786731145909000 0.62500467818505756000 
0.96594870689522550000 0.89812623195210262000 0.00977134806014734460 
0.11955322065701512000 0.12623839528998881000 0.17033095453861447000 
0.83781808671280711000 0.02611911180107306900 0.06409412842535844300 
0.14483700230012087000 0.14214022196757914000 0.89851986392675287000 
0.57303604049830326000 0.88486216075311708000 0.06658274821240217600 
0.89011494309867634000 0.63648247654644563000 0.00549448486599546370 
0.99874930429574960000 0.77153016985744860000 0.00880353982054460360 
0.99739012256268511000 0.03013795186234280400 0.20182370069339495000 
0.83513510284442227000 0.65145476516253087000 0.31411577632943666000 
0.93991938541879660000 0.63663856631076654000 0.25817953073317557000 
0.37966982825795714000 0.96143657566510377000 0.38180293740798366000 
0.44084204453351572000 0.46321912827197487000 0.70679321018501118000 
0.15454522243941993000 0.18581053125997826000 0.40999947693478700000 
0.61009786061682703000 0.36779667561548268000 0.90495251629768192000 
0.53937148852567596000 0.88638713594153518000 0.53834093808005434000 
0.86277868959762705000 0.53603673165246302000 0.28004675866676720000 
0.25574355238005553000 0.41327839029847513000 0.33977629949993027000 
0.11117483110873216000 0.42242470585441416000 0.22185114958002683000 
0.12575232851891549000 0.56039816248556118000 0.54515721494827130000 
0.49279699677055566000 0.24110595094625809000 0.28718575932353829000 
0.40597172756788313000 0.63316409256736850000 0.36601682885913855000 
0.14680187866251981000 0.90493941435223868000 0.75083619123172829000 
0.87498220556409034000 0.49840288080598349000 0.14446226461385492000 
0.35016138089007454000 0.52715873067755270000 0.41848717293710802000 
0.11257407393179064000 0.36049333706053832000 0.51713371689461751000 
0.29154041391962182000 0.24719445283002139000 0.51630450055310151000 
0.96185548976978930000 0.01831990347779344200 0.41936363744628258000 
0.32229575592895476000 0.07089608701738114900 0.49463603164678838000 
0.34161098423745062000 0.73988299940231705000 0.46059394680718668000 
0.19398945899794406000 0.92133717726407993000 0.28423737600509669000 
0.92220699669977368000 0.34199866161019465000 0.62130512162538132000 
0.49392073848407869000 0.48643938770006789000 0.54306971086089728000 
0.29271887096012894000 0.28027939417606462000 0.66211988807651267000 
0.29304637259514665000 0.77013075136892417000 0.57264907946969590000 
0.14750976445776987000 0.69305887045399173000 0.37417778711360272000 
0.85459513117978680000 0.23531738824571824000 0.61949053206331905000 
0.73846713673206232000 0.53281126843338367000 0.94189116532781392000 
0.84664649635179323000 0.16171518544948493000 0.08081064249461866700 
0.26888148712456661000 0.03767695593683373400 0.25778317751108681000 
0.97240054423579148000 0.88993703768643062000 0.58104185184693224000 
0.85545830052432259000 0.93532866375159918000 0.94075519884429948000 
0.79560529253025503000 0.33863671022568576000 0.27755121977531383000 
0.64096131040737236000 0.51936504882173451000 0.56029081408153036000 
0.02891834984526120400 0.77768289557433490000 0.83077302849323176000 
0.25452608854156700000 0.21923019719916814000 0.45674613512361395000 
0.07069469198675792900 0.24912397277095466000 0.37702828348935324000 
0.31813157671940573000 0.98311111425010766000 0.40347832461386446000 
0.68754096539612930000 0.36848275428429655000 0.87557556145542459000 
0.80846953885103257000 0.71937934919498381000 0.00246653933271878680 
0.91235548884659456000 0.12036892686003342000 0.26694793220304969000 
0.56718311609698469000 0.52870233865981486000 0.85079453834327023000 
0.36509793434922022000 0.87804997700529608000 0.08393056681819621700 
0.63323161528794270000 0.17429952055658848000 0.42870119064193357000 
0.10713606523375208000 0.97314229827628163000 0.57180663493819583000 
0.32866019150395420000 0.32292092867520839000 0.82365835703220425000 
0.36259594407741891000 0.90446339706548651000 0.13895582765686498000 
0.75791541543693941000 0.08605318009939133500 0.59745297342602521000 
0.52103982209373356000 0.98197913017858030000 0.92595413531464787000 
0.93874244518817229000 0.31151290361682626000 0.39063749192082486000 
0.16840734373764965000 0.65582908021523489000 0.60085109327016584000 
0.83088320386099945000 0.02151313875197202700 0.48719991031585153000 
0.09267800596866004900 0.69159081748805695000 0.03206713970380370400 
0.16762254600162318000 0.92761187287781710000 0.96711105160169830000 
0.04846158617391904700 0.43812900205186267000 0.38443025127815589000 
0.98845858264155684000 0.18570195785842514000 0.75808443957003213000 
0.30947912515337905000 0.48306735249564969000 0.33700749960002008000 
0.03145699641984167600 0.15730202318075026000 0.27154028513123807000 
0.24627763099025368000 0.62003712172939651000 0.84713817891983356000 
0.15632686493595682000 0.52220669054962876000 0.28368357282317103000 
0.74382572879810938000 0.32198335749654539000 0.97660280405673250000 
0.43755939288613432000 0.08797671450182531500 0.57917617190952964000 
0.23377384612021945000 0.32624087391594148000 0.38301673954257476000 
0.12717429118647949000 0.67857939408466961000 0.79247845700608965000 
0.54256706695690049000 0.92067357291294716000 0.78872307827955002000 
0.61780645673364565000 0.31670862032722624000 0.40297216935463864000 
0.14846491532843564000 0.74685316442053695000 0.66633840536791644000 
0.37175061596726056000 0.67195329749805799000 0.05257376220575871200 
0.51156474491528336000 0.89605785831787466000 0.72452187807760415000 
0.98204156196374925000 0.69140590001382463000 0.18454678094580901000 
0.91463501524658053000 0.52088385494345291000 0.61697411486005715000 
0.01112152188468873400 0.24020190691607302000 0.75376620333898403000 
0.87134964679504501000 0.02546627587480143600 0.02952457293442334300 
0.84483314502949169000 0.97411023926811069000 0.83480673031847719000 
0.20693904106532490000 0.02881275024426366300 0.63279752076494011000 
0.82066636242005742000 0.53263837139789283000 0.62778407535882441000 
0.68112117712167053000 0.37613302621802758000 0.15566615074790380000 
0.12358209862896086000 0.88894781805929712000 0.92712616195041941000 
0.57307267564960296000 0.60554386333795662000 0.07930249627956009700 
0.71380855792862907000 0.80537217046558385000 0.03312401095121875200 
0.91142221346491836000 0.38708891888515851000 0.06035877611773798900 
0.16052930233473051000 0.68226165371342762000 0.53690847816619569000 
0.94366815805937621000 0.99837542253383837000 0.68874655761304737000 
0.68823885546260311000 0.56063238495209755000 0.60641843881318080000 
0.54892757302533224000 0.60307491681275449000 0.85797184345367494000 
0.15273045615834979000 0.92236386989379726000 0.88831734957155328000 
0.33782652793262558000 0.19826124152480906000 0.89381381625827738000 
0.67435604734768106000 0.29165006246066438000 0.96526916916278283000 
0.51511071141685805000 0.95648227982486089000 0.31308713962243018000 
0.69906043558134368000 0.93718043203916879000 0.89521507137946399000 
0.41686310264507309000 0.73820842968472178000 0.16684817172783450000 
0.05717665444363206900 0.96743592663605926000 0.71164018486175462000 
0.96633654893464960000 0.46853075539640487000 0.41103357953958564000 
0.35205789438245327000 0.22266194990280552000 0.81832657248947904000 
0.80772619058220907000 0.32478259290185973000 0.76700199836746030000 
0.41198571262442596000 0.07500164944397047500 0.27741749943526162000 
0.66770306255476886000 0.82690553272474698000 0.38604859135568259000 
0.97132014825439450000 0.83409583250116315000 0.41549862527967529000 
0.56578911854702052000 0.35447817559594030000 0.70151645593020984000 
0.09212656900766513800 0.02437182476982990800 0.30049310178465616000 
0.09853998497651850200 0.63378580366607573000 0.89116845913195974000 
0.60991199177625277000 0.35957037216288157000 0.26025085201579579000 
0.60542599466036617000 0.95058229159038632000 0.04576220302083911000 
0.05626342072896717300 0.09261083066821873500 0.59743114048194879000 
0.01557350882962738000 0.13130452721970065000 0.98911132126524315000 
0.32139845190586214000 0.63484389337433522000 0.56344000316412002000 
0.60778326056739207000 0.80123504928494493000 0.98056846416549015000 
0.92585001288449909000 0.98575392233173353000 0.28628658790649619000 
0.69425857912373967000 0.28340636184498735000 0.30175150764519310000 
0.24907357247445661000 0.94119582789299727000 0.45345922448088238000 
0.03381394815339877600 0.25215511457129147000 0.99533659024849119000 
0.16725478227156354000 0.55246200330557693000 0.45139376447492996000 
0.01194674676663698400 0.59830497632404045000 0.21034828089908442000 
0.53199411296063626000 0.25672268075064442000 0.01103035855746203900 
0.80650507342587319000 0.00494067314920365600 0.95730209802571120000 
0.44041148018535026000 0.40801664641604507000 0.16466462069565679000 
0.24640294944170060000 0.87087910282137648000 0.64189338456465039000 
0.50993868739500980000 0.81818675623947312000 0.79793650881996547000 
0.85443475748525377000 0.24243449765391967000 0.84001957151251783000 
0.24292879248463572000 0.35398324493494271000 0.40519500351087623000 
0.33971962496466079000 0.60590399362292957000 0.39113312832495906000 
0.42898324158395473000 0.62912556338772396000 0.01236965395242894900 
0.62217013305667779000 0.82129698622246261000 0.39237935693568771000 
0.06278990382586280300 0.70205776270044007000 0.12961546790583189000 
0.32971802273186723000 0.62658913220576107000 0.57853832060600596000 
0.68942237458853217000 0.09791543073921693500 0.78846325661704775000 
0.94082813333107773000 0.51044479742693349000 0.62693429597739248000 
0.39229929210673209000 0.80640419782970718000 0.17261637370365834000 
0.61621907884265292000 0.81104548482993710000 0.98946763211120747000 
0.06808693539564503200 0.58165920495772938000 0.98762115055811761000 
0.21660494930422147000 
generated randoms (0,1)
0.22481278193608900000 0.40117651174654756000 0.85607329860889414000 
0.15964427542739767000 0.89080055870166430000 0.49104726252786901000 
0.99060998135886114000 0.51167391385008920000 0.49203964224680230000 
0.52356676868150198000 0.99122031492138896000 0.73799454470680881000 
0.46928624953804943000 0.53487289873125721000 0.10124117161041135000 
0.75998085003080385000 0.49777807331490798000 0.53616811368766304000 
0.02859365721815110300 0.26522847422345852000 0.00425619181629754980 
0.93990190769616011000 0.05259119319570593200 0.81592646160603644000 
0.40253756882409264000 0.18115166361721147000 0.14612795804043288000 
0.25405146260975831000 0.69512712711770663000 0.98916481950553048000 
0.03267775444205756100 0.16679628011122838000 0.48681697266661650000 
0.37761953326532960000 0.79834047981289324000 0.92302546655880557000 
0.94814580522923486000 0.65699370273891700000 0.31957869283490381000 
0.20300161675293471000 0.68420875439079354000 0.21755955648134484000 
0.69120138418927390000 0.04499463978503048800 0.88717773781521481000 
0.40816659217813744000 0.41247285410968293000 0.03335321782132028000 
0.20638529494687563000 0.09822379118805479900 0.98337977685516997000 
0.36566084866592674000 0.24933360793103199000 0.05558807450148894900 
0.20370053127541987000 0.53449051494944722000 0.84479275121575292000 
0.13992247266070623000 0.66709339199080797000 0.73344891572131687000 
0.66099816948239076000 0.97054309230709701000 0.54825160911559778000 
0.73932410914137647000 0.62619911606838286000 0.22409065268565187000 
0.85949045790597078000 0.02180913183778643300 0.14835322746004942000 
0.49947852820944871000 0.37995215867558874000 0.45914763749930221000 
0.85370596526106701000 0.18762846482441398000 0.80554232876468990000 
0.80805029646388848000 0.41359458329541243000 0.57082074784608694000 
0.45057422892763310000 0.70936316461188409000 0.05974533214157662400 
0.42496087529950199000 0.92681425952845253000 0.61503005606825956000 
0.30579804980186531000 0.95129065106700827000 0.30795067784217633000 
0.48197524889622723000 0.28120116918151550000 0.20019416120891687000 
0.63717280207872551000 0.84908083523727762000 0.74053620621987881000 
0.28050457346682500000 0.83991538412446087000 0.24829958709773314000 
0.75022879829127853000 0.61377408667000632000 0.89517371411114888000 
0.93243879174045552000 0.17617539454772868000 0.83727721734329941000 
0.61015591245543344000 0.27396319674617486000 0.02614955065364799000 
0.24615528874029224000 0.80678728677848688000 0.55289164960654991000 
0.22111338004060888000 0.00692178889780037390 0.30313732934496085000 
0.04495312735421497200 0.14340783006899405000 0.02640906366199424800 
0.49010644833797135000 0.67571460747035839000 0.43318427977158014000 
0.84327106814541541000 0.47057625844940243000 0.38964703669134182000 
0.48683563535087893000 0.46217967067131549000 0.99969648287194723000 
0.44804088167417055000 0.25907150652585309000 0.45889257750129908000 
0.58641848050531586000 0.74273209647708893000 0.93751860263811104000 
0.32702978788473280000 0.96192008943771179000 0.22857783637497087000 
0.31236437548976981000 0.05529639151393284100 0.24409626368810033000 
0.19383757943807534000 0.41293440187175245000 0.21109629276084152000 
0.73448774945640172000 0.25802219339213628000 0.28672343325877381000 
0.22526301989894582000 0.61214977752183253000 0.03722755083661089000 
0.80499397480676582000 0.63340977044235891000 0.11012074070411182000 
0.41544479427932113000 0.28210568382582912000 0.38308640806682370000 
0.40967726579568375000 0.89009523460333750000 0.18150427106199296000 
0.95492752394141767000 0.85475587981704337000 0.16489710535959357000 
0.55970842718260294000 0.80927852819208401000 0.57974539383385149000 
0.86290080170606820000 0.99658663278790294000 0.85820745070852866000 
0.22145129275778985000 0.68336088354864288000 0.80204650986453507000 
0.03127916473823622000 0.36468455791966137000 0.84346660027365838000 
0.87778841381308070000 0.40124400799858440000 0.92804457715366140000 
0.01875132520061817400 0.83221580685949559000 0.24641750790892725000 
0.18923221103066878000 0.34143831431801774000 0.27592014041887247000 
0.56061272940110496000 0.99953752097172299000 0.79522687121877689000 
0.83614860917275968000 0.97365295628746629000 0.56730579994594321000 
0.37750982012045786000 0.74437662580142816000 0.32120777381301679000 
0.59499150226813513000 0.70878193247029464000 0.92642847598662459000 
0.94580845336402875000 0.36229524891598452000 0.03467690416027280300 
0.96149330298187619000 0.71125823533694388000 0.51114432667629894000 
0.01137542703097804700 0.89037880797039892000 0.56134949906329168000 
0.14827296740320484000 0.43172478977755468000 0.46764676249650949000 
0.00788016882948316950 0.63687681364001603000 0.01119303831895091000 
0.76783080385482738000 0.65018743748054386000 0.99526439099002739000 
0.58825840545409869000 0.03141764313754369400 0.81335340033269543000 
0.14417626233740921000 0.60595486734281567000 0.94730806135108181000 
0.58464659983972145000 0.52107010252097186000 0.99554584007565405000 
0.69732588764995840000 0.56541699730786710000 0.90301372658162049000 
0.68022878430969480000 0.91135464536312383000 0.01548733367766819100 
0.18388162404111097000 0.28292347717234478000 0.83571140065243577000 
0.59379976485433139000 0.77061582884199731000 0.35807504797215928000 
0.45505639319214786000 0.67768638210494259000 0.90188659211581457000 
0.92040092711683097000 0.31665442498958662000 0.10177013600555029000 
0.73505616285265929000 0.12289049592516821000 0.09764532549602589200 
0.01205105572009102000 0.62390930570436143000 0.15096749933891851000 
0.07393801501900321100 0.07542469777801863500 0.89648539759741452000 
0.84589871004839190000 0.89813967662395311000 0.79589861257899153000 
0.15038126721395106000 0.03231636739097854000 0.88590550152445080000 
0.26119008034749336000 0.21606882709865638000 0.48000830989737175000 
0.75901180484085251000 0.93710728751901917000 0.90698622996637268000 
0.56969702300683189000 0.78943554268079308000 0.29802029634622262000 
0.91759263264471769000 0.13729913622351186000 0.33043628910405132000 
0.45095423243894417000 0.07054964838037292000 0.98126014460069144000 
0.00327388759740432360 0.67376454677334086000 0.54563437780812429000 
0.92447046939363697000 0.93763768486971455000 0.64874976354944969000 
0.79153730602644878000 0.42358914075747811000 0.99944031798762345000 
0.37692371244974576000 0.62524401556962439000 0.87296354821739386000 
0.20313971202032755000 0.95585362666799401000 0.88658827607212243000 
0.10516888023066051000 0.38654247296540079000 0.90736145589446671000 
0.46021551839616115000 0.55411521146439813000 0.14287842540815343000 
0.30728046061001346000 0.56674668364833658000 0.47580794895412137000 
0.23281362922234750000 0.91820350221797997000 0.38152126519417728000 
0.23124035059395465000 0.09014807653768941400 0.86082875393914793000 
0.51157213267489010000 0.33131535316018090000 0.85871174613541723000 
0.91071694555481852000 0.20802911653167677000 0.34754849987108449000 
0.70787387922881639000 0.87238839439037119000 0.82205562784271291000 
0.84252940073261118000 0.35472925150955503000 0.42513169511060656000 
0.97468869187816876000 0.80197599739112957000 0.58760408842913470000 
0.90564183356686212000 0.64985782479987875000 0.43391800968508565000 
0.81783015489671684000 0.57535457780016208000 0.90730242743575196000 
0.47649146554571042000 0.97768480705785188000 0.72256053923667474000 
0.17622722765507093000 0.38224329054119166000 0.31729321419547118000 
0.30084799571285603000 0.08035356313970898300 0.70429708954267567000 
0.18218881506849960000 0.55014173436183733000 0.90672294245903751000 
0.21038077757506302000 0.42445928614029582000 0.43388042034521290000 
0.54715394635478387000 0.85706619661356176000 0.49903653287206384000 
0.52336091634972992000 0.14528923297635532000 0.38431637912738137000 
0.30012629389549894000 0.84701300740909446000 0.69200225366332435000 
0.64768504948318983000 0.91778185162163539000 0.05643888421333787000 
0.45855879509064468000 0.93979455908196941000 0.87435632905931082000 
0.61882177712411246000 0.04969743960503980600 0.37216644249102182000 
0.24755621455861854000 0.91997290536310383000 0.35920622721734907000 
0.74673090135382192000 0.79626408786845837000 0.20897764353767223000 
0.03590328017574528900 0.24488516842937247000 0.69456040336098535000 
0.65490398857274434000 0.45369297549743703000 0.52867265566806876000 
0.04902437148815797000 0.55472739722553821000 0.35608125602413687000 
0.98550966823415398000 0.93540540089393898000 0.27734520153837816000 
0.31696940176633004000 0.19733711082819583000 0.89863053111894753000 
0.76793746255327089000 0.25060113675532647000 0.11991774349388273000 
0.01803645085112637300 0.64484174894859225000 0.61069904317984336000 
0.25629195668313876000 0.46225674016143947000 0.65311596165029395000 
0.23894120424185883000 0.82037838832357823000 0.21656478619290565000 
0.00493196885778224290 0.67816493564131153000 0.79072456885473152000 
0.61114312371553825000 0.93316209532672167000 0.01659927633421332000 
0.14225127369331836000 0.22033952964467374000 0.10676590799945163000 
0.38981776920691247000 0.14496499170732213000 0.44512283573256561000 
0.28641341161365941000 0.40039603858517459000 0.98503154835449336000 
0.43505768807162526000 0.97022520936091072000 0.93701361561942975000 
0.00356826501632778740 0.75166518732219623000 0.17823024929911191000 
0.16086515367136012000 0.59944486745956227000 0.25060493694862784000 
0.75105606928443103000 0.34460128201632556000 0.16718793658048470000 
0.61230617086874672000 0.76248903542676838000 0.26783296970908821000 
0.20511200050170442000 0.57959056565661382000 0.33951665786138263000 
0.08810357648122235700 0.72921529848599076000 0.69384258196508486000 
0.08065170966371026900 0.46008509111072926000 0.38642308474179887000 
0.98770567647235796000 0.29599129027374160000 0.24727370342147448000 
0.43461572322152642000 0.80349231133467369000 0.44351039612612042000 
0.30772445399317250000 0.93126406160772102000 0.99329707111179011000 
0.83947881792688972000 0.27316990020562026000 0.33441343476479202000 
0.10605289074006197000 0.88021894417141611000 0.66052584808113557000 
0.16133596632854963000 0.28846048189339490000 0.36288756539075107000 
0.79513350001747063000 0.78536417962955096000 0.95673276813295449000 
0.57302173945430446000 0.41928755425917141000 0.00103939293173227480 
0.61511352516241202000 0.06556733953350657500 0.91484524893488639000 
0.24793846362049465000 0.53868000724510101000 0.74177931869769087000 
0.09355212220187980600 0.16818641260292355000 0.03134972301233340800 
0.32811872672843401000 0.61567624654686104000 0.02878979426877381600 
0.03452012027525541700 0.55519559069696744000 0.92512430596554096000 
0.78339024107175903000 0.80017490112493017000 0.87654842255685383000 
0.41958597236111594000 0.28581076388813709000 0.91151852842098857000 
0.90261420444957818000 0.81439054696464575000 0.24310345273892886000 
0.80061607110815980000 0.47292800822231151000 0.40006412354967380000 
0.63478924893202282000 0.13302643605348785000 0.69333851360512067000 
0.41064797262852104000 0.98662829694845899000 0.67961381683329791000 
0.20502897855645918000 0.53626830653985125000 0.27270792277429501000 
0.71006560407875674000 0.20976858016355338000 0.96566537694468457000 
0.00615914633562097970 0.07765176463752010400 0.00648945183596683070 
0.44134975189150949000 0.35525383243185504000 0.95225029115322113000 
0.90304059406640458000 0.97522229587823639000 0.46346459770687143000 
0.25347566892079931000 0.68063250661316643000 0.21195142710552939000 
0.28970657789431908000 0.89803451876958129000 0.76028563714037900000 
0.63305473960798220000 0.85755584443523936000 0.63237704553090013000 
0.48684021945751188000 0.17444360016283000000 0.28494151725731043000 
0.11574723134158593000 0.60388890920669591000 0.83925949803013755000 
0.25486211121350899000 0.78690514932532163000 0.89310192352492535000 
0.83655377339355597000 0.18073301878889558000 0.40489828643264469000 
0.45262908000114588000 0.21368996969389831000 0.02654858469805687600 
0.64146686418502807000 0.85434068948800390000 0.90458555883944292000 
0.49682503371356712000 0.53871290951158834000 0.80666179367234414000 
0.37977943175435702000 0.70784342262346533000 0.21103660713918049000 
0.07273388095984390000 0.74198347135469933000 0.05261813150601057900 
0.79486487464031552000 0.82605977800755448000 0.39159504060800221000 
0.99628498667211018000 0.96163212842088908000 0.08553653744915412600 
0.31070373315800492000 0.73856421892221724000 0.34741114955226382000 
0.95019763591397255000 0.17376813076648934000 0.70860999308962547000 
0.76527515454819972000 0.10724444432784463000 0.35480508310523606000 
0.21167553020542917000 0.96387658026296363000 0.71441191811906468000 
0.80063717148772873000 0.38551812351117376000 0.77793542769462376000 
0.70342898520175257000 0.73746646885139255000 0.68003931805370077000 
0.81138740825573064000 0.85801498854977676000 0.96138656049714810000 
0.86454128167441424000 0.04965296006550201600 0.41153368148652514000 
0.43582389273186517000 0.47654573980685622000 0.57458948457263159000 
0.16819348405085521000 0.67892891389536092000 0.40306208627470741000 
0.10825240311239237000 0.06427398057815403300 0.90762732868521945000 
0.80721797569899345000 0.80117601231895708000 0.47109931898867807000 
0.90198546090140597000 0.96496808084724850000 0.50711362153194828000 
0.54126491552142153000 0.30298473463825659000 0.59963959576142156000 
0.85405246517942479000 0.81953915242816300000 0.23118374815269482000 
0.29589652038705228000 0.75048213268854114000 0.37499532181494266000 
0.03405129310477472700 0.10187376804789738000 0.99022865193985266000 
0.88044677934298510000 0.87376160471001119000 0.82966904546138553000 
0.16218191328719311000 0.97388088819892693000 0.93590587157464156000 
0.85516299769987936000 0.85785977803242086000 0.10148013607324713000 
0.42696395950169674000 0.11513783924688314000 0.93341725178759805000 
0.10988505690132366000 0.36351752345355437000 0.99450551513400476000 
0.00125069570425062620 0.22846983014255140000 0.99119646017945562000 
0.00260987743731511120 0.96986204813765720000 0.79817629930660527000 
0.16486489715557773000 0.34854523483746935000 0.68588422367056334000 
0.06008061458120361700 0.36336143368923346000 0.74182046926682443000 
0.62033017174204308000 0.03856342433489623500 0.61819706259201657000 
0.55915795546648428000 0.53678087172802535000 0.29320678981498882000 
0.84545477756058030000 0.81418946874002196000 0.59000052306521300000 
0.38990213938317297000 0.63220332438451732000 0.09504748370231808100 
0.46062851147432426000 0.11361286405846482000 0.46165906191994588000 
0.13722131040237318000 0.46396326834753698000 0.71995324133323302000 
0.74425644761994447000 0.58672160970152487000 0.66022370050006995000 
0.88882516889126806000 0.57757529414558584000 0.77814885041997317000 
0.87424767148108473000 0.43960183751443904000 0.45484278505172893000 
0.50720300322944456000 0.75889404905374191000 0.71281424067646193000 
0.59402827243211687000 0.36683590743263150000 0.63398317114086145000 
0.85319812133748019000 0.09506058564776132000 0.24916380876827193000 
0.12501779443590988000 0.50159711919401651000 0.85553773538614508000 
0.64983861910992569000 0.47284126932244752000 0.58151282706289220000 
0.88742592606820936000 0.63950666293946168000 0.48286628310538249000 
0.70845958608037818000 0.75280554716997883000 0.48369549944689871000 
0.03814451023021070400 0.98168009652220678000 0.58063636255371764000 
0.67770424407104524000 0.92910391298261907000 0.50536396835321162000 
0.65838901576254938000 0.26011700059768317000 0.53940605319281354000 
0.80601054100205594000 0.07866282273592006800 0.71576262399490331000 
0.07779300330022631500 0.65800133838980535000 0.37869487837461890000 
0.50607926151592131000 0.51356061229993233000 0.45693028913910294000 
0.70728112903987106000 0.71972060582393538000 0.33788011192348733000 
0.70695362740485357000 0.22986924863107583000 0.42735092053030432000 
0.85249023554223036000 0.30694112954600850000 0.62582221288639750000 
0.14540486882021342000 0.76468261175428176000 0.38050946793668117000 
0.26153286326793768000 0.46718873156661656000 0.05810883467218608300 
0.15335350364820699000 0.83828481455051507000 0.91918935750538133000 
0.73111851287543339000 0.96232304406316627000 0.74221682248891319000 
0.02759945576420874700 0.11006296231356960000 0.41895814815306776000 
0.14454169947567741000 0.06467133624840104600 0.05924480115570074400 
0.20439470746974497000 0.66136328977431424000 0.72244878022468639000 
0.35903868959262764000 0.48063495117826549000 0.43970918591846986000 
0.97108165015473902000 0.22231710442566510000 0.16922697150676824000 
0.74547391145843300000 0.78076980280083208000 0.54325386487638627000 
0.92930530801324207000 0.75087602722904534000 0.62297171651064676000 
0.68186842328059449000 0.01688888574989255700 0.59652167538613576000 
0.31245903460387070000 0.63151724571570367000 0.12442443854457541000 
0.19153046114896743000 0.28062065080501619000 0.99753346066728121000 
0.08764451115340565800 0.87963107313996658000 0.73305206779695031000 
0.43281688390301531000 0.47129766134018536000 0.14920546165672977000 
0.63490206565078000000 0.12195002299470414000 0.91606943318180378000 
0.36676838471205753000 0.82570047944341174000 0.57129880935806665000 
0.89286393476624792000 0.02685770172371859700 0.42819336506180439000 
0.67133980849604602000 0.67707907132479161000 0.17634164296779598000 
0.63740405592258109000 0.09553660293451371500 0.86104417234313524000 
0.24208458456306059000 0.91394681990060866000 0.40254702657397501000 
0.47896017790626666000 0.01802086982141992700 0.07404586468535234700 
0.06125755481182770800 0.68848709638317396000 0.60936250807917536000 
0.83159265626235057000 0.34417091978476511000 0.39914890672983439000 
0.16911679613900055000 0.97848686124802797000 0.51280008968414870000 
0.90732199403134017000 0.30840918251194327000 0.96793286029619652000 
0.83237745399837704000 0.07238812712218289900 0.03288894839830169800 
0.95153841382608095000 0.56187099794813755000 0.61556974872184411000 
0.01154141735844338400 0.81429804214157486000 0.24191556042996809000 
0.69052087484662095000 0.51693264750435053000 0.66299250039997992000 
0.96854300358015855000 0.84269797681924996000 0.72845971486876215000 
0.75372236900974632000 0.37996287827060349000 0.15286182108016644000 
0.84367313506404318000 0.47779330945037146000 0.71631642717682920000 
0.25617427120189062000 0.67801664250345461000 0.02339719594326772300 
0.56244060711386568000 0.91202328549817469000 0.42082382809047059000 
0.76622615387978077000 0.67375912608405852000 0.61698326045742546000 
0.87282570881352073000 0.32142060591533039000 0.20752154299391035000 
0.45743293304309973000 0.07932642708705306400 0.21127692172045021000 
0.38219354326635435000 0.68329137967277398000 0.59702783064536136000 
0.85153508467156436000 0.25314683557946327000 0.33366159463208356000 
0.62824938403273944000 0.32804670250194223000 0.94742623779424151000 
0.48843525508471664000 0.10394214168212534000 0.27547812192239607000 
0.01795843803625074600 0.30859409998617537000 0.81545321905419121000 
0.08536498475341969300 0.47911614505654732000 0.38302588513994285000 
0.98887847811531127000 0.75979809308392698000 0.24623379666101619000 
0.12865035320495521000 0.97453372412519879000 0.97047542706557688000 
0.15516685497050831000 0.02588976073188953300 0.16519326968152304000 
0.79306095893467510000 0.97118724975573634000 0.36720247923506011000 
0.17933363757994258000 0.46736162860210739000 0.37221592464117559000 
0.31887882287832947000 0.62386697378197264000 0.84433384925209620000 
0.87641790137103937000 0.11105218194070310000 0.07287383804958058600 
0.42692732435039704000 0.39445613666204360000 0.92069750372043990000 
0.28619144207137093000 0.19462782953441615000 0.96687598904878125000 
0.08857778653508163700 0.61291108111484172000 0.93964122388226223000 
0.83947069766526972000 0.31773834628657238000 0.46309152183380431000 
0.05633184194062379500 0.00162457746616184730 0.31125344238695285000 
0.31176114453739712000 0.43936761504790245000 0.39358156118681920000 
0.45107242697466776000 0.39692508318724573000 0.14202815654632528000 
0.84726954384165043000 0.07763613010620296100 0.11168265042844694000 
0.66217347206737442000 0.80173875847519116000 0.10618618374172262000 
0.32564395265231894000 0.70834993753933584000 0.03473083083721717500 
0.48488928858314195000 0.04351772017513932900 0.68691286037756982000 
0.30093956441865655000 0.06281956796083121300 0.10478492862053623000 
0.58313689735492713000 0.26179157031527844000 0.83315182827216572000 
0.94282334555636793000 0.03256407336394073800 0.28835981513824538000 
0.03366345106535040300 0.53146924460359535000 0.58896642046041436000 
0.64794210561754695000 0.77733805009719448000 0.18167342751052096000 
0.19227380941779093000 0.67521740709814027000 0.23299800163253992000 
0.58801428737557404000 0.92499835055602975000 0.72258250056473838000 
0.33229693744523137000 0.17309446727525324000 0.61395140864431741000 
0.02867985174560572200 0.16590416749883707000 0.58450137472032471000 
0.43421088145297948000 0.64552182440405992000 0.29848354406979039000 
0.90787343099233486000 0.97562817523017009000 0.69950689821534406000 
0.90146001502348150000 0.36621419633392427000 0.10883154086804026000 
0.39008800822374723000 0.64042962783711865000 0.73974914798420444000 
0.39457400533963383000 0.04941770840961390300 0.95423779697916111000 
0.94373657927103305000 0.90738916933178149000 0.40256885951805121000 
0.98442649117037262000 0.86869547278029935000 0.01088867873475707300 
0.67860154809413786000 0.36515610662566478000 0.43655999683588020000 
0.39221673943260815000 0.19876495071505507000 0.01943153583450985000 
0.07414998711550091500 0.01424607766826668800 0.71371341209350381000 
0.30574142087626055000 0.71659363815501265000 0.69824849235480690000 
0.75092642752554339000 0.05880417210700295000 0.54654077551911784000 
0.96618605184660145000 0.74784488542870853000 0.00466340975150880690 
0.83274521772843646000 0.44753799669442329000 0.54860623552507026000 
0.98805325323336324000 0.40169502367595977000 0.78965171910091558000 
0.46800588703936374000 0.74327731924935558000 0.98896964144253796000 
0.19349492657412681000 0.99505932685079634000 0.04269790197428879900 
0.55958851981464997000 0.59198335358395515000 0.83533537930434343000 
0.75359705055829962000 0.12912089717862352000 0.35810661543534983000 
0.49006131260499042000 0.18181324376052710000 0.20206349118003453000 
0.14556524251474623000 0.75756550234608055000 0.15998042848748217000 
0.75707120751536450000 0.64601675506505729000 0.59480499648912377000 
0.66028037503533921000 0.39409600637707043000 0.60886687167504117000 
0.57101675841604549000 0.37087443661227604000 0.98763034604757105000 
0.37782986694332243000 0.17870301377753761000 0.60762064306431252000 
0.93721009617413720000 0.29794223729956015000 0.87038453209416811000 
0.67028197726813299000 0.37341086779423915000 0.42146167939399404000 
0.31057762541146805000 0.90208456926078306000 0.21153674338295247000 
0.05917186666892226800 0.48955520257306673000 0.37306570402260752000 
0.60770070789326813000 0.19359580217029282000 0.82738362629634188000 
0.38378092115734730000 0.18895451517006312000 0.01053236788879252700 
0.93191306460435519000 0.41834079504227062000 0.01237884944188238900 
0.78339505069577853000 
generated randoms [1, 2)
1.22481278193608880000 1.40117651174654730000 1.85607329860889410000 
1.15964427542739770000 1.89080055870166430000 1.49104726252786880000 
1.99060998135886090000 1.51167391385008900000 1.49203964224680230000 
1.52356676868150200000 1.99122031492138870000 1.73799454470680880000 
1.46928624953804920000 1.53487289873125700000 1.10124117161041140000 
1.75998085003080380000 1.49777807331490800000 1.53616811368766280000 
1.02859365721815090000 1.26522847422345850000 1.00425619181629730000 
1.93990190769616010000 1.05259119319570570000 1.81592646160603640000 
1.40253756882409260000 1.18115166361721150000 1.14612795804043270000 
1.25405146260975830000 1.69512712711770660000 1.98916481950553030000 
1.03267775444205730000 1.16679628011122820000 1.48681697266661650000 
1.37761953326532940000 1.79834047981289320000 1.92302546655880540000 
1.94814580522923490000 1.65699370273891680000 1.31957869283490360000 
1.20300161675293470000 1.68420875439079330000 1.21755955648134460000 
1.69120138418927390000 1.04499463978503050000 1.88717773781521480000 
1.40816659217813720000 1.41247285410968270000 1.03335321782132010000 
1.20638529494687560000 1.09822379118805480000 1.98337977685517000000 
1.36566084866592650000 1.24933360793103180000 1.05558807450148890000 
1.20370053127541960000 1.53449051494944700000 1.84479275121575290000 
1.13992247266070620000 1.66709339199080800000 1.73344891572131690000 
1.66099816948239050000 1.97054309230709700000 1.54825160911559780000 
1.73932410914137630000 1.62619911606838290000 1.22409065268565160000 
1.85949045790597060000 1.02180913183778640000 1.14835322746004920000 
1.49947852820944850000 1.37995215867558850000 1.45914763749930200000 
1.85370596526106700000 1.18762846482441400000 1.80554232876468970000 
1.80805029646388830000 1.41359458329541240000 1.57082074784608670000 
1.45057422892763290000 1.70936316461188410000 1.05974533214157640000 
1.42496087529950180000 1.92681425952845250000 1.61503005606825930000 
1.30579804980186530000 1.95129065106700810000 1.30795067784217610000 
1.48197524889622720000 1.28120116918151530000 1.20019416120891690000 
1.63717280207872530000 1.84908083523727760000 1.74053620621987880000 
1.28050457346682480000 1.83991538412446090000 1.24829958709773290000 
1.75022879829127830000 1.61377408667000610000 1.89517371411114870000 
1.93243879174045530000 1.17617539454772850000 1.83727721734329940000 
1.61015591245543320000 1.27396319674617460000 1.02614955065364780000 
1.24615528874029200000 1.80678728677848690000 1.55289164960654990000 
1.22111338004060890000 1.00692178889780020000 1.30313732934496080000 
1.04495312735421480000 1.14340783006899380000 1.02640906366199420000 
1.49010644833797130000 1.67571460747035820000 1.43318427977157990000 
1.84327106814541520000 1.47057625844940240000 1.38964703669134160000 
1.48683563535087890000 1.46217967067131530000 1.99969648287194720000 
1.44804088167417060000 1.25907150652585310000 1.45889257750129890000 
1.58641848050531560000 1.74273209647708890000 1.93751860263811080000 
1.32702978788473280000 1.96192008943771160000 1.22857783637497060000 
1.31236437548976980000 1.05529639151393280000 1.24409626368810010000 
1.19383757943807530000 1.41293440187175220000 1.21109629276084150000 
1.73448774945640150000 1.25802219339213630000 1.28672343325877380000 
1.22526301989894580000 1.61214977752183230000 1.03722755083661090000 
1.80499397480676580000 1.63340977044235890000 1.11012074070411160000 
1.41544479427932110000 1.28210568382582910000 1.38308640806682370000 
1.40967726579568380000 1.89009523460333750000 1.18150427106199270000 
1.95492752394141770000 1.85475587981704320000 1.16489710535959330000 
1.55970842718260270000 1.80927852819208380000 1.57974539383385130000 
1.86290080170606820000 1.99658663278790270000 1.85820745070852840000 
1.22145129275778960000 1.68336088354864270000 1.80204650986453490000 
1.03127916473823620000 1.36468455791966110000 1.84346660027365820000 
1.87778841381308050000 1.40124400799858440000 1.92804457715366140000 
1.01875132520061820000 1.83221580685949560000 1.24641750790892700000 
1.18923221103066880000 1.34143831431801750000 1.27592014041887250000 
1.56061272940110500000 1.99953752097172280000 1.79522687121877690000 
1.83614860917275950000 1.97365295628746610000 1.56730579994594320000 
1.37750982012045790000 1.74437662580142790000 1.32120777381301680000 
1.59499150226813490000 1.70878193247029440000 1.92642847598662440000 
1.94580845336402850000 1.36229524891598450000 1.03467690416027260000 
1.96149330298187600000 1.71125823533694390000 1.51114432667629890000 
1.01137542703097800000 1.89037880797039870000 1.56134949906329150000 
1.14827296740320460000 1.43172478977755450000 1.46764676249650950000 
1.00788016882948320000 1.63687681364001600000 1.01119303831895070000 
1.76783080385482740000 1.65018743748054390000 1.99526439099002720000 
1.58825840545409850000 1.03141764313754370000 1.81335340033269520000 
1.14417626233740900000 1.60595486734281570000 1.94730806135108160000 
1.58464659983972120000 1.52107010252097190000 1.99554584007565380000 
1.69732588764995840000 1.56541699730786690000 1.90301372658162050000 
1.68022878430969480000 1.91135464536312380000 1.01548733367766800000 
1.18388162404111100000 1.28292347717234480000 1.83571140065243580000 
1.59379976485433140000 1.77061582884199710000 1.35807504797215910000 
1.45505639319214760000 1.67768638210494260000 1.90188659211581460000 
1.92040092711683070000 1.31665442498958640000 1.10177013600555030000 
1.73505616285265930000 1.12289049592516800000 1.09764532549602590000 
1.01205105572009100000 1.62390930570436140000 1.15096749933891830000 
1.07393801501900300000 1.07542469777801840000 1.89648539759741450000 
1.84589871004839190000 1.89813967662395290000 1.79589861257899130000 
1.15038126721395110000 1.03231636739097850000 1.88590550152445080000 
1.26119008034749340000 1.21606882709865640000 1.48000830989737150000 
1.75901180484085230000 1.93710728751901890000 1.90698622996637250000 
1.56969702300683190000 1.78943554268079310000 1.29802029634622240000 
1.91759263264471750000 1.13729913622351190000 1.33043628910405110000 
1.45095423243894420000 1.07054964838037290000 1.98126014460069140000 
1.00327388759740410000 1.67376454677334090000 1.54563437780812410000 
1.92447046939363700000 1.93763768486971430000 1.64874976354944950000 
1.79153730602644880000 1.42358914075747790000 1.99944031798762320000 
1.37692371244974580000 1.62524401556962440000 1.87296354821739360000 
1.20313971202032750000 1.95585362666799380000 1.88658827607212220000 
1.10516888023066030000 1.38654247296540080000 1.90736145589446670000 
1.46021551839616110000 1.55411521146439790000 1.14287842540815340000 
1.30728046061001350000 1.56674668364833660000 1.47580794895412140000 
1.23281362922234750000 1.91820350221798000000 1.38152126519417730000 
1.23124035059395440000 1.09014807653768920000 1.86082875393914790000 
1.51157213267489010000 1.33131535316018090000 1.85871174613541720000 
1.91071694555481850000 1.20802911653167660000 1.34754849987108450000 
1.70787387922881620000 1.87238839439037100000 1.82205562784271290000 
1.84252940073261100000 1.35472925150955480000 1.42513169511060660000 
1.97468869187816850000 1.80197599739112960000 1.58760408842913450000 
1.90564183356686210000 1.64985782479987850000 1.43391800968508560000 
1.81783015489671680000 1.57535457780016190000 1.90730242743575170000 
1.47649146554571040000 1.97768480705785190000 1.72256053923667450000 
1.17622722765507070000 1.38224329054119140000 1.31729321419547120000 
1.30084799571285580000 1.08035356313970880000 1.70429708954267540000 
1.18218881506849960000 1.55014173436183710000 1.90672294245903750000 
1.21038077757506280000 1.42445928614029580000 1.43388042034521290000 
1.54715394635478390000 1.85706619661356180000 1.49903653287206360000 
1.52336091634972990000 1.14528923297635530000 1.38431637912738110000 
1.30012629389549870000 1.84701300740909420000 1.69200225366332410000 
1.64768504948318980000 1.91778185162163540000 1.05643888421333760000 
1.45855879509064470000 1.93979455908196920000 1.87435632905931060000 
1.61882177712411220000 1.04969743960503980000 1.37216644249102160000 
1.24755621455861850000 1.91997290536310380000 1.35920622721734890000 
1.74673090135382190000 1.79626408786845840000 1.20897764353767200000 
1.03590328017574510000 1.24488516842937220000 1.69456040336098510000 
1.65490398857274430000 1.45369297549743680000 1.52867265566806850000 
1.04902437148815800000 1.55472739722553800000 1.35608125602413660000 
1.98550966823415400000 1.93540540089393900000 1.27734520153837820000 
1.31696940176632980000 1.19733711082819580000 1.89863053111894730000 
1.76793746255327070000 1.25060113675532620000 1.11991774349388270000 
1.01803645085112620000 1.64484174894859230000 1.61069904317984310000 
1.25629195668313880000 1.46225674016143950000 1.65311596165029400000 
1.23894120424185860000 1.82037838832357820000 1.21656478619290560000 
1.00493196885778220000 1.67816493564131130000 1.79072456885473130000 
1.61114312371553800000 1.93316209532672170000 1.01659927633421310000 
1.14225127369331810000 1.22033952964467350000 1.10676590799945140000 
1.38981776920691220000 1.14496499170732190000 1.44512283573256560000 
1.28641341161365920000 1.40039603858517460000 1.98503154835449310000 
1.43505768807162530000 1.97022520936091070000 1.93701361561942950000 
1.00356826501632780000 1.75166518732219600000 1.17823024929911170000 
1.16086515367135990000 1.59944486745956200000 1.25060493694862760000 
1.75105606928443100000 1.34460128201632560000 1.16718793658048450000 
1.61230617086874650000 1.76248903542676840000 1.26783296970908820000 
1.20511200050170440000 1.57959056565661380000 1.33951665786138260000 
1.08810357648122240000 1.72921529848599050000 1.69384258196508460000 
1.08065170966371030000 1.46008509111072930000 1.38642308474179890000 
1.98770567647235800000 1.29599129027374160000 1.24727370342147430000 
1.43461572322152640000 1.80349231133467370000 1.44351039612612020000 
1.30772445399317230000 1.93126406160772080000 1.99329707111178990000 
1.83947881792688950000 1.27316990020562000000 1.33441343476479200000 
1.10605289074006200000 1.88021894417141610000 1.66052584808113530000 
1.16133596632854960000 1.28846048189339490000 1.36288756539075110000 
1.79513350001747060000 1.78536417962955100000 1.95673276813295450000 
1.57302173945430420000 1.41928755425917120000 1.00103939293173210000 
1.61511352516241200000 1.06556733953350640000 1.91484524893488640000 
1.24793846362049470000 1.53868000724510100000 1.74177931869769060000 
1.09355212220187980000 1.16818641260292360000 1.03134972301233320000 
1.32811872672843380000 1.61567624654686080000 1.02878979426877360000 
1.03452012027525520000 1.55519559069696740000 1.92512430596554070000 
1.78339024107175880000 1.80017490112492990000 1.87654842255685380000 
1.41958597236111590000 1.28581076388813690000 1.91151852842098830000 
1.90261420444957820000 1.81439054696464550000 1.24310345273892860000 
1.80061607110815980000 1.47292800822231150000 1.40006412354967360000 
1.63478924893202260000 1.13302643605348790000 1.69333851360512070000 
1.41064797262852100000 1.98662829694845880000 1.67961381683329790000 
1.20502897855645920000 1.53626830653985100000 1.27270792277429480000 
1.71006560407875670000 1.20976858016355320000 1.96566537694468440000 
1.00615914633562080000 1.07765176463751990000 1.00648945183596680000 
1.44134975189150950000 1.35525383243185480000 1.95225029115322110000 
1.90304059406640460000 1.97522229587823620000 1.46346459770687120000 
1.25347566892079930000 1.68063250661316620000 1.21195142710552940000 
1.28970657789431910000 1.89803451876958130000 1.76028563714037880000 
1.63305473960798220000 1.85755584443523940000 1.63237704553089990000 
1.48684021945751170000 1.17444360016283000000 1.28494151725731020000 
1.11574723134158570000 1.60388890920669590000 1.83925949803013730000 
1.25486211121350880000 1.78690514932532160000 1.89310192352492530000 
1.83655377339355600000 1.18073301878889560000 1.40489828643264470000 
1.45262908000114590000 1.21368996969389810000 1.02654858469805670000 
1.64146686418502810000 1.85434068948800390000 1.90458555883944290000 
1.49682503371356710000 1.53871290951158830000 1.80666179367234410000 
1.37977943175435680000 1.70784342262346510000 1.21103660713918050000 
1.07273388095984390000 1.74198347135469910000 1.05261813150601040000 
1.79486487464031550000 1.82605977800755430000 1.39159504060800220000 
1.99628498667211020000 1.96163212842088890000 1.08553653744915410000 
1.31070373315800470000 1.73856421892221720000 1.34741114955226360000 
1.95019763591397250000 1.17376813076648930000 1.70860999308962520000 
1.76527515454819950000 1.10724444432784440000 1.35480508310523610000 
1.21167553020542900000 1.96387658026296340000 1.71441191811906470000 
1.80063717148772870000 1.38551812351117380000 1.77793542769462380000 
1.70342898520175230000 1.73746646885139230000 1.68003931805370050000 
1.81138740825573040000 1.85801498854977650000 1.96138656049714790000 
1.86454128167441400000 1.04965296006550200000 1.41153368148652510000 
1.43582389273186490000 1.47654573980685620000 1.57458948457263160000 
1.16819348405085520000 1.67892891389536070000 1.40306208627470720000 
1.10825240311239210000 1.06427398057815400000 1.90762732868521940000 
1.80721797569899320000 1.80117601231895690000 1.47109931898867810000 
1.90198546090140600000 1.96496808084724830000 1.50711362153194810000 
1.54126491552142130000 1.30298473463825660000 1.59963959576142130000 
1.85405246517942460000 1.81953915242816280000 1.23118374815269460000 
1.29589652038705230000 1.75048213268854090000 1.37499532181494240000 
1.03405129310477450000 1.10187376804789740000 1.99022865193985270000 
1.88044677934298490000 1.87376160471001120000 1.82966904546138550000 
1.16218191328719290000 1.97388088819892690000 1.93590587157464160000 
1.85516299769987910000 1.85785977803242090000 1.10148013607324710000 
1.42696395950169670000 1.11513783924688290000 1.93341725178759780000 
1.10988505690132370000 1.36351752345355440000 1.99450551513400450000 
1.00125069570425040000 1.22846983014255140000 1.99119646017945540000 
1.00260987743731490000 1.96986204813765720000 1.79817629930660510000 
1.16486489715557770000 1.34854523483746910000 1.68588422367056330000 
1.06008061458120340000 1.36336143368923350000 1.74182046926682440000 
1.62033017174204290000 1.03856342433489620000 1.61819706259201630000 
1.55915795546648430000 1.53678087172802510000 1.29320678981498880000 
1.84545477756058010000 1.81418946874002170000 1.59000052306521300000 
1.38990213938317300000 1.63220332438451730000 1.09504748370231810000 
1.46062851147432400000 1.11361286405846480000 1.46165906191994570000 
1.13722131040237300000 1.46396326834753700000 1.71995324133323280000 
1.74425644761994450000 1.58672160970152490000 1.66022370050006970000 
1.88882516889126780000 1.57757529414558580000 1.77814885041997320000 
1.87424767148108450000 1.43960183751443880000 1.45484278505172870000 
1.50720300322944430000 1.75889404905374190000 1.71281424067646170000 
1.59402827243211690000 1.36683590743263150000 1.63398317114086140000 
1.85319812133748020000 1.09506058564776130000 1.24916380876827170000 
1.12501779443590970000 1.50159711919401650000 1.85553773538614510000 
1.64983861910992550000 1.47284126932244730000 1.58151282706289200000 
1.88742592606820940000 1.63950666293946170000 1.48286628310538250000 
1.70845958608037820000 1.75280554716997860000 1.48369549944689850000 
1.03814451023021070000 1.98168009652220660000 1.58063636255371740000 
1.67770424407104520000 1.92910391298261890000 1.50536396835321160000 
1.65838901576254940000 1.26011700059768290000 1.53940605319281330000 
1.80601054100205590000 1.07866282273592010000 1.71576262399490330000 
1.07779300330022630000 1.65800133838980530000 1.37869487837461870000 
1.50607926151592130000 1.51356061229993210000 1.45693028913910270000 
1.70728112903987110000 1.71972060582393540000 1.33788011192348730000 
1.70695362740485330000 1.22986924863107580000 1.42735092053030410000 
1.85249023554223010000 1.30694112954600830000 1.62582221288639730000 
1.14540486882021320000 1.76468261175428180000 1.38050946793668090000 
1.26153286326793770000 1.46718873156661630000 1.05810883467218610000 
1.15335350364820680000 1.83828481455051510000 1.91918935750538130000 
1.73111851287543340000 1.96232304406316630000 1.74221682248891320000 
1.02759945576420850000 1.11006296231356940000 1.41895814815306780000 
1.14454169947567740000 1.06467133624840080000 1.05924480115570050000 
1.20439470746974500000 1.66136328977431420000 1.72244878022468620000 
1.35903868959262760000 1.48063495117826550000 1.43970918591846960000 
1.97108165015473880000 1.22231710442566510000 1.16922697150676820000 
1.74547391145843300000 1.78076980280083190000 1.54325386487638610000 
1.92930530801324210000 1.75087602722904530000 1.62297171651064680000 
1.68186842328059430000 1.01688888574989230000 1.59652167538613550000 
1.31245903460387070000 1.63151724571570340000 1.12442443854457540000 
1.19153046114896740000 1.28062065080501620000 1.99753346066728120000 
1.08764451115340540000 1.87963107313996660000 1.73305206779695030000 
1.43281688390301530000 1.47129766134018510000 1.14920546165672980000 
1.63490206565077980000 1.12195002299470390000 1.91606943318180380000 
1.36676838471205730000 1.82570047944341150000 1.57129880935806640000 
1.89286393476624790000 1.02685770172371840000 1.42819336506180420000 
1.67133980849604580000 1.67707907132479160000 1.17634164296779580000 
1.63740405592258110000 1.09553660293451350000 1.86104417234313500000 
1.24208458456306060000 1.91394681990060870000 1.40254702657397480000 
1.47896017790626640000 1.01802086982141970000 1.07404586468535210000 
1.06125755481182770000 1.68848709638317370000 1.60936250807917510000 
1.83159265626235030000 1.34417091978476510000 1.39914890672983420000 
1.16911679613900050000 1.97848686124802800000 1.51280008968414850000 
1.90732199403134000000 1.30840918251194300000 1.96793286029619630000 
1.83237745399837680000 1.07238812712218290000 1.03288894839830170000 
1.95153841382608100000 1.56187099794813730000 1.61556974872184410000 
1.01154141735844320000 1.81429804214157490000 1.24191556042996790000 
1.69052087484662090000 1.51693264750435030000 1.66299250039997990000 
1.96854300358015830000 1.84269797681924970000 1.72845971486876190000 
1.75372236900974630000 1.37996287827060350000 1.15286182108016640000 
1.84367313506404320000 1.47779330945037120000 1.71631642717682900000 
1.25617427120189060000 1.67801664250345460000 1.02339719594326750000 
1.56244060711386570000 1.91202328549817470000 1.42082382809047040000 
1.76622615387978050000 1.67375912608405850000 1.61698326045742520000 
1.87282570881352050000 1.32142060591533040000 1.20752154299391030000 
1.45743293304309950000 1.07932642708705280000 1.21127692172045000000 
1.38219354326635440000 1.68329137967277380000 1.59702783064536140000 
1.85153508467156440000 1.25314683557946300000 1.33366159463208360000 
1.62824938403273940000 1.32804670250194200000 1.94742623779424130000 
1.48843525508471660000 1.10394214168212530000 1.27547812192239580000 
1.01795843803625070000 1.30859409998617540000 1.81545321905419100000 
1.08536498475341950000 1.47911614505654710000 1.38302588513994280000 
1.98887847811531130000 1.75979809308392700000 1.24623379666101600000 
1.12865035320495500000 1.97453372412519860000 1.97047542706557670000 
1.15516685497050830000 1.02588976073188930000 1.16519326968152280000 
1.79306095893467510000 1.97118724975573630000 1.36720247923505990000 
1.17933363757994260000 1.46736162860210720000 1.37221592464117560000 
1.31887882287832950000 1.62386697378197240000 1.84433384925209620000 
1.87641790137103910000 1.11105218194070290000 1.07287383804958060000 
1.42692732435039700000 1.39445613666204340000 1.92069750372043990000 
1.28619144207137090000 1.19462782953441620000 1.96687598904878120000 
1.08857778653508160000 1.61291108111484150000 1.93964122388226200000 
1.83947069766526950000 1.31773834628657240000 1.46309152183380430000 
1.05633184194062380000 1.00162457746616160000 1.31125344238695260000 
1.31176114453739690000 1.43936761504790240000 1.39358156118681920000 
1.45107242697466780000 1.39692508318724550000 1.14202815654632510000 
1.84726954384165020000 1.07763613010620270000 1.11168265042844670000 
1.66217347206737440000 1.80173875847519090000 1.10618618374172260000 
1.32564395265231890000 1.70834993753933560000 1.03473083083721720000 
1.48488928858314200000 1.04351772017513910000 1.68691286037756980000 
1.30093956441865630000 1.06281956796083120000 1.10478492862053600000 
1.58313689735492690000 1.26179157031527820000 1.83315182827216550000 
1.94282334555636790000 1.03256407336394070000 1.28835981513824540000 
1.03366345106535040000 1.53146924460359510000 1.58896642046041440000 
1.64794210561754670000 1.77733805009719450000 1.18167342751052100000 
1.19227380941779090000 1.67521740709814030000 1.23299800163253970000 
1.58801428737557400000 1.92499835055602950000 1.72258250056473840000 
1.33229693744523110000 1.17309446727525300000 1.61395140864431740000 
1.02867985174560550000 1.16590416749883690000 1.58450137472032470000 
1.43421088145297950000 1.64552182440405970000 1.29848354406979020000 
1.90787343099233490000 1.97562817523017010000 1.69950689821534380000 
1.90146001502348150000 1.36621419633392430000 1.10883154086804030000 
1.39008800822374720000 1.64042962783711840000 1.73974914798420420000 
1.39457400533963380000 1.04941770840961370000 1.95423779697916090000 
1.94373657927103280000 1.90738916933178130000 1.40256885951805120000 
1.98442649117037260000 1.86869547278029930000 1.01088867873475690000 
1.67860154809413790000 1.36515610662566480000 1.43655999683588000000 
1.39221673943260790000 1.19876495071505510000 1.01943153583450980000 
1.07414998711550090000 1.01424607766826650000 1.71371341209350380000 
1.30574142087626030000 1.71659363815501260000 1.69824849235480690000 
1.75092642752554340000 1.05880417210700270000 1.54654077551911760000 
1.96618605184660120000 1.74784488542870850000 1.00466340975150880000 
1.83274521772843650000 1.44753799669442310000 1.54860623552507000000 
1.98805325323336300000 1.40169502367595960000 1.78965171910091560000 
1.46800588703936370000 1.74327731924935560000 1.98896964144253800000 
1.19349492657412680000 1.99505932685079630000 1.04269790197428880000 
1.55958851981464970000 1.59198335358395490000 1.83533537930434320000 
1.75359705055829940000 1.12912089717862350000 1.35810661543534960000 
1.49006131260499020000 1.18181324376052690000 1.20206349118003450000 
1.14556524251474620000 1.75756550234608030000 1.15998042848748220000 
1.75707120751536430000 1.64601675506505730000 1.59480499648912380000 
1.66028037503533920000 1.39409600637707040000 1.60886687167504090000 
1.57101675841604530000 1.37087443661227600000 1.98763034604757110000 
1.37782986694332220000 1.17870301377753740000 1.60762064306431230000 
1.93721009617413720000 1.29794223729955990000 1.87038453209416810000 
1.67028197726813280000 1.37341086779423890000 1.42146167939399400000 
1.31057762541146780000 1.90208456926078310000 1.21153674338295230000 
1.05917186666892230000 1.48955520257306650000 1.37306570402260750000 
1.60770070789326790000 1.19359580217029280000 1.82738362629634170000 
1.38378092115734710000 1.18895451517006290000 1.01053236788879250000 
1.93191306460435500000 1.41834079504227060000 1.01237884944188240000 
1.78339505069577850000 
consumed time for generating 100000000 randoms.
BLOCK [0, 1) AVE: 484ms.
BLOCK (0, 1] AVE: 481ms.
BLOCK (0, 1) AVE: 550ms.
BLOCK [1, 2) AVE: 373ms.
SEQ [0, 1) 1 AVE:1484ms.
total = 500013146.390899
SEQ [0, 1) 2 AVE:1117ms.
total = 25021.698943
ADD   AVE: 132ms.
total = 50000.000000
SEQ (0, 1] 1 AVE:1489ms.
total = 499982081.739277
SEQ (0, 1] 2 AVE:1112ms.
total = 24997.696497
ADD   AVE: 132ms.
total = 50000.000000
SEQ (0, 1) 1 AVE:3167ms.
total = 500008643.750767
SEQ (0, 1) 2 AVE:3134ms.
total = 24973.412155
ADD   AVE: 132ms.
total = 50000.000000
SEQ [1, 2) 1 AVE: 823ms.
total = 1499993195.288439
SEQ [1, 2) 2 AVE: 836ms.
total = 74960.367307
ADD   AVE: 132ms.
total = 50000.000000
