generated randoms
0.8419371366 0.5513470784 0.3513019606 0.7663451264 0.6874778741 
0.0924194256 0.5016084256 0.9202951945 0.4504348839 0.7594811630 
0.4263777928 0.4800638530 0.5675752775 0.6408813710 0.5709639417 
0.0712902074 0.4470135229 0.4576317499 0.7426336863 0.6882145332 
0.4845972203 0.2661368123 0.9314599980 0.5011650583 0.7016632860 
0.6117274386 0.0377105458 0.5130060713 0.4702400014 0.1458458589 
0.3788464384 0.2660630512 0.6059495371 0.8831892232 0.2485561714 
0.8571858158 0.6679034844 0.8050288817 0.8588252900 0.3305950827 
0.2759973888 0.9999912711 0.7134906537 0.9391962327 0.2694473809 
0.3345590524 0.1428034252 0.9442451595 0.7947425871 0.7519972596 
0.3445462668 0.3431517096 0.7343910633 0.8695799353 0.1070883300 
0.7472688518 0.2037389159 0.3463339975 0.6017198825 0.7032972112 
0.4690337690 0.5188727152 0.8782909127 0.6040263537 0.0601309803 
0.0511813916 0.8358591743 0.4944103991 0.2578790932 0.1692174750 
0.8130237628 0.0712456924 0.9474985786 0.9785657624 0.2143127400 
0.4485831447 0.5684918984 0.4002080487 0.0404753796 0.6568915252 
0.2115640322 0.3473856721 0.9109813307 0.0004140991 0.5513083567 
0.9308539645 0.2177249736 0.8083647569 0.9468198131 0.1046542232 
0.7430507809 0.3749498365 0.0871545442 0.8592145954 0.0862912905 
0.4882724486 0.1483053425 0.2232839408 0.6011825084 0.3051621217 
0.0182542257 0.6271460791 0.5815965271 0.6719415291 0.6911342971 
0.0666472961 0.7882517092 0.8077342224 0.2258566146 0.9552329126 
0.8381074414 0.0994530234 0.7456518287 0.9336416470 0.3538414104 
0.7772211940 0.2956101902 0.1201257938 0.5391301487 0.8983904642 
0.4453210508 0.0422569338 0.3605723590 0.8564692393 0.9328565024 
0.2283213640 0.0818382839 0.6051656016 0.5377631069 0.2254626935 
0.8613516331 0.5177222656 0.3200118307 0.9015527360 0.8228762918 
0.1495033137 0.7895180134 0.7287369200 0.2872647425 0.9179978088 
0.6237025990 0.8343341793 0.3866731581 0.2899463183 0.0778922544 
0.0457337841 0.6908220668 0.9896255480 0.9718401457 0.9783770248 
0.0422663299 0.8268643380 0.8598059532 0.6171659740 0.1030357637 
0.3191836470 0.0818007428 0.9272434001 0.5608759744 0.4798667065 
0.5800269644 0.1861816205 0.9908414186 0.5133119208 0.8078745840 
0.9955324102 0.4330918200 0.9419351069 0.3653021427 0.0638507573 
0.2749161323 0.6219736548 0.0064197204 0.4047909334 0.2176754076 
0.9644206341 0.0302824926 0.8506702288 0.9070965054 0.4487150359 
0.3264480761 0.0307014215 0.4777340818 0.9101151418 0.2278427171 
0.8614059048 0.6780362918 0.0776787461 0.1997321300 0.9432578931 
0.3514550443 0.0019917719 0.2265219056 0.7506244919 0.3157635567 
0.8216593634 0.6625359402 0.2788642954 0.3221329674 0.6731390575 
0.7468089806 0.0566395579 0.3293825690 0.5816738296 0.0816675493 
0.5039729490 0.7829915856 0.5432578656 0.1545379234 0.6993503918 
0.5949826068 0.0863412862 0.4731648552 0.6966322802 0.1549338409 
0.5580465029 0.7545979029 0.5587344101 0.9398458102 0.9459408191 
0.2614233912 0.0789879794 0.4197741371 0.8978622035 0.8586433863 
0.9896707659 0.7613050947 0.8750512195 0.3782460323 0.8251690465 
0.7673283971 0.8346151271 0.2670898635 0.5271176376 0.9800113451 
0.0220132664 0.2040394797 0.9849261408 0.0896645526 0.7947300060 
0.1452560253 0.7087277407 0.8057412243 0.8083834819 0.7270276077 
0.5059633242 0.5820663145 0.6333175091 0.6897645519 0.5346188761 
0.3743383145 0.5795940569 0.4833905794 0.1313240089 0.8857768566 
0.5208610060 0.5813946215 0.5857558584 0.6673722154 0.3472451544 
0.4726585883 0.5643861098 0.0626003599 0.0561196789 0.2468094718 
0.6282478135 0.6285524122 0.8424688765 0.9171308318 0.6879078921 
0.0721024008 0.2599063382 0.4371840963 0.4493939912 0.4612357060 
0.4094552367 0.3040822004 0.5648181408 0.6915255656 0.2354357519 
0.7224873014 0.7915021667 0.4560203112 0.0043590944 0.6625646640 
0.2916950084 0.4015996246 0.8634945298 0.3376706434 0.5499863691 
0.3084179121 0.6540664469 0.5519520395 0.9116408282 0.3282999959 
0.0135974282 0.1138562944 0.7012223880 0.9011905538 0.4221780146 
0.2560785056 0.3742840191 0.8754985845 0.1316737761 0.8038268495 
0.3039580362 0.0977234999 0.4605342601 0.5007202043 0.0139653846 
0.1347191795 0.1676039676 0.1385878850 0.2216044741 0.2837431585 
0.9431856215 0.0262404250 0.3686327518 0.7138226456 0.1939908028 
0.2874397187 0.8423059861 0.4870733837 0.3329010222 0.3059966095 
0.5636393831 0.1996330265 0.3227029393 0.0556385466 0.8785910429 
0.3042393906 0.0147608460 0.7996000306 0.1432016052 0.3730342517 
0.5919796477 0.6887145416 0.2843015720 0.3777642607 0.5854323038 
0.0722656803 0.1915375797 0.8265253986 0.8276631401 0.8253540979 
0.4487964880 0.4685621431 0.7587711745 0.1673034590 0.6688130027 
0.1004472508 0.3365589428 0.0625162590 0.2048898700 0.7735919711 
0.4157431081 0.1277516334 0.8621621378 0.4661567203 0.7663768605 
0.1422431443 0.3825058448 0.8577023452 0.1205807940 0.3981761098 
0.9660311275 0.1413973095 0.4557585920 0.5715198556 0.7738355320 
0.5398926200 0.8082992837 0.0885491151 0.8330179209 0.2729411682 
0.3172497975 0.3534266115 0.8270334418 0.4986413220 0.7776304382 
0.2798519029 0.0739344065 0.0097361742 0.5410247403 0.3889535567 
0.4174917823 0.1038630819 0.7382795475 0.4251685909 0.9935387878 
0.8656520289 0.2849186976 0.9756569838 0.6708727553 0.6548036165 
0.3118353800 0.5683416349 0.5905872855 0.6849285982 0.5292433992 
0.5473918793 0.8923315980 0.2610717024 0.1431288268 0.9894855187 
0.5101066493 0.2199849005 0.2227937772 0.9319700888 0.4620275835 
0.0996360509 0.5479826289 0.2061263656 0.2123802408 0.3981037272 
0.5167796036 0.4494953584 0.6416459804 0.0796297931 0.3353830406 
0.6655022644 0.3203662088 0.9312147805 0.3905018118 0.6417064206 
0.8855550515 0.0564423671 0.4493579745 0.6144437397 0.5300834251 
0.6165817779 0.9726903093 0.1665653242 0.8902842738 0.1762805332 
0.8921406521 0.3573958194 0.9264482121 0.0351409375 0.0797577169 
0.4118962901 0.4690612858 0.5013255304 0.3426479537 0.8923718792 
0.5332648326 0.5585862882 0.3220068369 0.6461161176 0.8070323529 
0.0477519815 0.1215650946 0.1196925197 0.0491638924 0.3941904643 
0.5172220277 0.6882556311 0.1491399160 0.0073369333 0.0340399191 
0.5021660357 0.2864006900 0.2808050970 0.9994267069 0.8676347718 
0.4143673627 0.3135015342 0.2406105932 0.9396868278 0.0808465888 
0.6811736096 0.0870567268 0.8955479456 0.1826707041 0.7391065287 
0.8151496796 0.1144946074 0.7489027375 0.6125008118 0.8574256881 
0.8431411094 0.2922919447 0.0128712693 0.8762386243 0.1985724798 
0.1530475611 0.0341600040 0.4638002962 0.5156405851 0.3882737968 
0.2615897611 0.6604000385 0.0346722789 0.6729145074 0.4106418330 
0.9433781066 0.1583735291 0.7406617430 0.5763226734 0.8781788423 
0.4884258807 0.9679160773 0.8344652070 0.7310862046 0.3969640456 
0.1391261487 0.8695597773 0.6934693738 0.5378945351 0.3055004572 
0.8222614206 0.4143903835 0.9893127211 0.1319863392 0.1651443063 
0.4206325877 0.0986203538 0.0790017201 0.2950325756 0.3040609821 
0.7699111391 0.7188325553 0.8118416229 0.8174869799 0.7054130453 
0.7881317797 0.8431331474 0.2061224970 0.0414598563 0.6154154380 
0.7886496850 0.9648581613 0.3589968392 0.4247405666 0.5449223127 
0.9669336266 0.9010699980 0.7682897905 0.0194397529 0.2193556581 
0.5595195487 0.1725892538 0.7219785821 0.8351971709 0.3837705701 
0.4816451194 0.4568402509 0.9536044796 0.8978350068 0.9722023583 
0.8177920146 0.5218281767 0.5055186195 0.4467718912 0.0628237749 
0.1739265651 0.3605354055 0.1894960364 0.2035435115 0.7545686785 
0.6581405755 0.1875266615 0.1908491707 0.0920858822 0.9652998096 
0.9992877956 0.8598855601 0.7423988994 0.6455037801 0.1896214773 
0.0517004045 0.9718197183 0.2005686697 0.2732330554 0.9584857042 
0.7661781302 0.3114449084 0.8866653783 0.1407849555 0.9104658779 
0.7759580143 0.1975886805 0.8091422117 0.5501985246 0.1367994620 
0.8244231706 0.6312195509 0.3935056879 0.4629773528 0.9279474791 
0.3092378136 0.3108711095 0.2502916961 0.2430383771 0.3942665324 
0.1317379370 0.4558521047 0.2858585866 0.9899373874 0.0513146152 
0.8954006005 0.4185178074 0.6193215477 0.9678708568 0.7814820366 
0.0266838378 0.6516410122 0.0088758929 0.2690527118 0.0660554717 
0.4809839638 0.3547644968 0.0789463851 0.9551295700 0.3620423956 
0.7217740170 0.5324510245 0.6474369056 0.7626979217 0.7177076203 
0.6415194918 0.4977929141 0.3074143587 0.9639529630 0.2639379896 
0.7618921937 0.6029510609 0.0807993185 0.8081730932 0.2392748029 
0.1199383046 0.5458571107 0.9525115278 0.4968065448 0.4885916928 
0.8492128242 0.3003874904 0.3978950073 0.3825811793 0.7436807450 
0.4920754087 0.7424551911 0.9104805350 0.8139787955 0.5956693900 
0.0475094008 0.2065307290 0.5585870906 0.1824091693 0.6517620778 
0.3765894447 0.1719999722 0.2133245959 0.8607304387 0.0892262934 
0.1598228185 0.8039760981 0.2095441604 0.5511054119 0.1561149219 
0.9517394043 0.7121615432 0.8430984388 0.6337250223 0.3231879684 
0.0611892654 0.4798152766 0.3944172879 0.1580850752 0.8839655910 
0.1375117481 0.1740018782 0.9677669487 0.0460182636 0.4329622725 
0.2159720038 0.6640869043 0.6815593699 0.8234870360 0.4701137343 
0.3954763637 0.9968285552 0.4858129707 0.2038698104 0.1777703974 
0.5644386734 0.1322046043 0.1454244603 0.1393826044 0.7962866387 
0.1031948990 0.5016949205 0.0847759666 0.1429971806 0.7931861638 
0.8871624689 0.5491997109 0.4151115480 0.2673914409 0.2442221083 
0.0132050249 0.4370332860 0.9899508192 0.7944192902 0.6587158814 
0.0353824049 0.5552574958 0.6985044122 0.8203329042 0.8356632976 
0.2275713310 0.0638729781 0.8201387882 0.2996025691 0.8829900944 
0.6502685173 0.9103900552 0.3996132946 0.3030898035 0.0282069233 
0.9862151818 0.1006314993 0.6747324677 0.9607665064 0.5899401953 
0.1122233310 0.3919728855 0.6442128143 0.3619114103 0.9866306441 
0.6894105996 0.8383822882 0.2206632157 0.3230350843 0.3184035541 
0.6982092775 0.1397364912 0.6639473732 0.3940788644 0.1158486890 
0.7277698344 0.2761794801 0.8240957557 0.7723506860 0.0291890469 
0.1271571344 0.8583801450 0.7554741628 0.3859339058 0.4024371672 
0.0944539953 0.7605654770 0.7793971704 0.7541531092 0.2473707029 
0.2042572817 0.6587114729 0.7456393874 0.6050836311 0.0154253120 
0.9671541620 0.9779610111 0.6373562653 0.4440602101 0.3689347078 
0.8721017281 0.3166981541 0.9574434958 0.7795276450 0.7526938182 
0.7380001975 0.1880234284 0.4397436837 0.0720670632 0.1669468117 
0.0482578018 0.2247377292 0.0070240006 0.4282142311 0.1526650641 
0.9204479813 0.3758730242 0.9997506991 0.9644626521 0.3083694070 
0.5195779278 0.5310649933 0.5811704653 0.9179557969 0.8398952052 
0.7293186166 0.9460711776 0.1434058610 0.2032731391 0.3628781738 
0.8908449830 0.6991136588 0.3230052536 0.6823800529 0.8617194246 
0.6604536394 0.8074254734 0.9088477337 0.7025833842 0.8164077988 
0.9048685731 0.7949608989 0.6677454876 0.5456163379 0.3745886580 
0.8828800225 0.9780588773 0.4589488007 0.7640910212 0.0763150940 
0.5439529779 0.3897894493 0.7241652341 0.2794896834 0.3855617424 
0.1649868153 0.5535486276 0.2785949059 0.2108713596 0.8056523573 
0.9178357905 0.1257104568 0.1414291541 0.2959261071 0.3714086066 
0.4877309435 0.9421520647 0.1737000348 0.1925125038 0.4260978234 
0.7934511480 0.1740724326 0.9887214970 0.8385316426 0.1334644764 
0.5522065291 0.6003935026 0.9521268322 0.7725785030 0.7264041220 
0.2072570652 0.9091175651 0.1225212885 0.9972027409 0.7150957302 
0.3750884056 0.5192437441 0.9547680289 0.0474227000 0.9435437045 
0.9253504571 0.6265681853 0.6354826149 0.3673453634 0.8456908463 
0.1680332129 0.1779292944 0.5315879920 0.4996365462 0.6746245758 
0.6057793634 0.8529920971 0.6790869349 0.4363645725 0.1208286176 
0.3558483771 0.3715722097 0.4829017215 0.1112512962 0.1169600637 
0.2617696947 0.6787908007 0.5590878799 0.8216165051 0.1346742252 
0.1371224439 0.4157258818 0.3316997281 0.2761850511 0.3400141265 
0.4446376175 0.3278783434 0.4226600169 0.7300508859 0.8962034066 
0.0190317119 0.9976114019 0.2982446051 0.0912504608 0.2046777854 
0.4558925477 0.7163400750 0.1419082096 0.7283528657 0.2732554036 
0.4248045176 0.7673727588 0.2722094604 0.2582872658 0.1417913588 
0.9218868315 0.7864656165 0.5027423891 0.6127289587 0.0174617552 
0.9632860085 0.8983534619 0.4252107913 0.0513342755 0.1774237483 
0.1449630932 0.6654177468 0.1810872094 0.7579271757 0.5197050097 
0.3715874103 0.2538617333 0.7277645989 0.6608347587 0.0918832008 
0.4974964567 0.4913179466 0.7715870271 0.5084382042 0.7201090231 
0.8270892004 0.0287508541 0.8053773093 0.7722797412 0.7754560626 
0.7206444680 0.3361665272 0.1845976723 0.5002852112 0.5210577357 
0.5943977028 0.8595164827 0.2603312407 0.8060396528 0.2746613404 
0.3684818093 0.2223031493 0.3912438276 0.7295659932 0.0535784103 
0.7853811202 0.0076656409 0.6714075991 0.6822381150 0.5913369739 
0.2630167904 0.4885750108 0.7803052297 0.3416626237 0.7959599388 
0.7584651692 0.6109789576 0.2343044562 0.4429908350 0.8290568387 
0.0329224826 0.3033620306 0.6607017886 0.1203036237 0.5800636579 
0.2814248463 0.6837144070 0.1151555653 0.3066565718 0.3961035566 
0.2956352277 0.7935441964 0.0611410274 0.8575880073 0.8549563694 
0.0451840312 0.3781693240 0.7122981743 0.9684808436 0.1101973222 
0.1571759380 0.9346590678 0.5721041510 0.2668408939 0.7188267251 
0.3076623650 0.7505244360 0.0258825473 0.1337923432 0.1711903450 
0.9141601982 0.9314415971 0.3452792838 0.2175115330 0.0584064003 
consumed time for generating 100000000 randoms.
BLOCK MIN: 760ms.
      AVE: 764ms.
SEQUE MIN:1010ms.
      AVE:1014ms.
total = 1000000001938638208.000000
ADD   MIN: 490ms.
      AVE: 498ms.
total = 1000000000.000000
