generated randoms [0,1)
0.78522220224764516239 0.51221537804588668230 0.68355349029104028880 
0.80474431522059663990 0.96924598992005206455 0.64292224271506626110 
0.44236888836802235048 0.30204241828303213246 0.57903973880459336243 
0.37940186160228139833 0.46108553164155963167 0.13127618562097143062 
0.35726425127456873376 0.94896020733528696489 0.50115218337009426186 
0.70874056336137636336 0.61609144769899981675 0.89837838585807472391 
0.60621257217882118518 0.35941656655298759304 0.22144812949215197939 
0.18381874194927716459 0.31802082272339338154 0.81773961752244028744 
0.51544811557226033472 0.52920144583523098802 0.82550105051535083156 
0.45532956067177221549 0.61522317120796521372 0.43712748869113760009 
0.62872769322105126477 0.13719874734077164291 0.74966453410448008476 
0.88870172509127476346 0.31857026467617610699 0.04891698946147426952 
0.11056160834275052807 0.88779439407716820298 0.87855122024432663608 
0.10879824386103975620 0.21627860004805166128 0.39796343600464423318 
0.71073583137364981788 0.24488101519444560594 0.18784593987260533865 
0.35841981107080522762 0.84309683980636940248 0.65911471654378894769 
0.08012618044056862843 0.08146579246546292730 0.92372969704872098795 
0.42356327669998394825 0.33028787703478701410 0.15442644240681180356 
0.78284881571350073415 0.12120091877265237734 0.49333820063113043020 
0.44532025765685867569 0.96431611157092489428 0.10402946089082498737 
0.57956292726656744030 0.28027334361484945724 0.27615475646953924205 
0.82029840303633361209 0.61465338111905087892 0.83527326869348028637 
0.20016042041610071500 0.21346309477670111221 0.59045443693187049661 
0.52256815181348836852 0.33310711180491914263 0.51926763668629405402 
0.08024823434892369711 0.59239794319999239391 0.76883146692762749375 
0.87771724115417271150 0.46150097215616803226 0.71250031411585723617 
0.57853701278418245835 0.49683397021296982210 0.97246796023862458469 
0.52850615087421171090 0.04008150084673522962 0.99192805411149964634 
0.76838762355621392786 0.50517563994120995297 0.68640229456869605862 
0.32735766188848214320 0.24493726349573674561 0.32266282390764544630 
0.52956927847241686003 0.61360335046772451761 0.59649626248749432200 
0.15889758330342185211 0.05926113399495758216 0.98216316897069555480 
0.42522161064575669798 0.71162452403232667741 0.57537751096127665029 
0.81759375688027424722 0.18190973189345061023 0.93486070667895271313 
0.59798064290517416453 0.37876798913240539157 0.81835304482961013228 
0.28787173928831411018 0.42997039634831191179 0.34616682183505420589 
0.19946841782217594741 0.73557381343524741446 0.83692997396258972387 
0.09196694241326430763 0.18514726510530943315 0.63919211173257672876 
0.44790060231046591177 0.26468814133920282039 0.74444814477193044233 
0.92188787130627525279 0.28146694139274508473 0.20565069365906940568 
0.73718664828603119865 0.92372164711727355879 0.56377730157939165423 
0.46666852426318050640 0.51303955737318562846 0.36864730208658613719 
0.03296890070256774941 0.28356294717109564729 0.90889979332112091903 
0.73647525673521396783 0.31823147902481285776 0.39365432103451047929 
0.78530346840103337769 0.09464260032055671346 0.35099312348882238943 
0.80213936354682524588 0.25351091605343833990 0.68556814462604065419 
0.04831925182490914850 0.88095738844032744908 0.77443915062458246190 
0.59867399520486030973 0.64593169588675469761 0.56340373703743140688 
0.50426762837729555145 0.58433718528340006237 0.03006965832956587370 
0.19562276345987483772 0.69936323357851160054 0.53590437841663174368 
0.50517577589263118476 0.54624387787765082969 0.18700876423948109561 
0.42175409407959985053 0.65184555098733487633 0.82412981511595972961 
0.99794063874052962859 0.86779576441173533752 0.04214378934778983954 
0.56688722465113938753 0.57739862501698646646 0.75046348424699615975 
0.81139140009810439835 0.32440682094826200910 0.23306969932446497396 
0.27490227153511193059 0.61486805590340232186 0.46832175721761148957 
0.39463306152796473469 0.25537610839810920282 0.67154023994322953328 
0.76434405088202184153 0.77262649536493488434 0.04523803710869622741 
0.99629800017801262157 0.99988578570213015873 0.88139822280358748330 
0.93168762389518522404 0.54165196037546525787 0.01744402279882217854 
0.81750969928478256499 0.77109230764862068952 0.06210209097770702513 
0.46388485532001677569 0.41551103600919514491 0.72461268804435352564 
0.97624960341015531995 0.63008142668535982445 0.61257192393737125435 
0.19460275417611994087 0.58507835217965409313 0.23787390001184682831 
0.29908058951937910308 0.93265820800655330203 0.50977322518188405986 
0.43677446295168076418 0.44485191496156284430 0.99776870407175333177 
0.97064160459387660573 0.84735899448750351404 0.13130911979892667674 
0.66797707122032590199 0.65040356595520587568 0.80550406313901889988 
0.59068288856972017697 0.55205270758857993840 0.75357406564536688620 
0.51484369147946384970 0.62164781813632319363 0.40985628532738149765 
0.12764207187312437419 0.12285379848030308914 0.00077526796818006005 
0.17785733234319844875 0.31595892948250337007 0.15855635353245411956 
0.31289192975022350751 0.33029881569632535410 0.43714698623380443543 
0.23868419390256212509 0.42134244403210474594 0.20396063480011150659 
0.86439717285111883349 0.37804282563750901680 0.96116652091236320921 
0.03333449267106791680 0.50627045875334020231 0.75233984346333238058 
0.24849068226271087134 0.41886455299305969113 0.80654444656588508700 
0.29491330819422123533 0.61998065257094348013 0.06006832655568339341 
0.84991258054286289436 0.66958731380377556341 0.18256892060756046980 
0.89740637922202082244 0.93850907059779142827 0.24048645258634082644 
0.14854682304560484774 0.21257832161310674657 0.52424816983622668509 
0.46438089224380396658 0.53327208547914617398 0.78828199493050155056 
0.83585800580578228924 0.59858577285944014612 0.86247478514192543742 
0.08701075408253267085 0.35127673779221679773 0.26715843262527516622 
0.89275618765885611516 0.66979425133056302855 0.74461617405759072952 
0.88924807983499287722 0.95040853168526973072 0.98567534314450799826 
0.79370872390383584438 0.19872148501521258446 0.68151091846403355490 
0.18023444664742416244 0.67672086946490361825 0.74101192794227421778 
0.46714121264085561869 0.78381710512879121389 0.07503939107210877424 
0.35664850160115069144 0.78620890245019836584 0.67651398000448281778 
0.65942586721199369926 0.29699613124007995246 0.54577443243900791714 
0.01207492284048861109 0.72259446727648390940 0.48399572299858006907 
0.24589778805854423105 0.31808978854799940805 0.00636402353283238575 
0.44044075510389113504 0.44049291891753927786 0.21834646526241652253 
0.99337345513164909683 0.35236661124311918769 0.77727976395246822783 
0.87388511475849517396 0.59547675664386834349 0.45635249301890667972 
0.24414971554686215605 0.16028076821574854804 0.26708684351331535289 
0.13195536574686927977 0.40288141512204878047 0.42847999064007269432 
0.17003644788225980022 0.98253163243724772613 0.54180867365159190996 
0.55016012960197158144 0.58940934243997600284 0.61082221665404778932 
0.63033293740810925065 0.55505069165686782284 0.45451716549273424306 
0.84628522631664315767 0.66237755745933446505 0.00424105911330197038 
0.97253714898134591138 0.00040302123487978569 0.11486230113066597802 
0.16793670877872068914 0.81520388506016749908 0.15897817916467449351 
0.70978738906530569608 0.84705219224613714779 0.97379511924998052308 
0.65345582338855079385 0.58104172769565543000 0.65265052177063465066 
0.47825122550633336616 0.74822994093869232834 0.56721654005198174353 
0.10715557937733710681 0.13268678396034383482 0.00922018073188368703 
0.44699434137822824376 0.41508001741974753784 0.07330029808599181074 
0.38638278533168501916 0.55799611554245798217 0.27587277333813453595 
0.43868430350737019907 0.02606969141748494145 0.14570629810460511422 
0.69333372744704613311 0.29518373565101607703 0.00988284898961455660 
0.49694457859789165077 0.62931084059743147563 0.32938100682465942803 
0.71219214814646769618 0.21385807305752635443 0.63939272029129057273 
0.74831182663478457151 0.76446664650093532067 0.47293752119816656609 
0.95184508206903228889 0.68837362676341884438 0.94370418285927648583 
0.82536666478844900041 0.43090532360101230225 0.47533695602617753728 
0.21711486430079585119 0.65181017940993934978 0.80616784036307720385 
0.95131868516203144104 0.54628293459568344481 0.15417354779068181969 
0.43273259516092910104 0.75960076483861249663 0.99864681205515570817 
0.34644128400561613468 0.50775186733140542650 0.57740577339725129846 
0.30601797293329124905 0.95961685316831135673 0.93357579345069541255 
0.68585399324839912971 0.13155288517967167472 0.06772371524176601376 
0.64340463378412260376 0.09700974363329306627 0.70705755291872818269 
0.31079575152354288470 0.45408762750302411604 0.59723936279417721984 
0.88010185487956116290 0.00261260768690863010 0.62521568130531646190 
0.68998647040739236047 0.32838073571615256085 0.27654507193841992851 
0.83555678823707824066 0.82962135665809100260 0.38941286108338069027 
0.16244387727687814582 0.35551475758026973573 0.65737974888438799326 
0.65333794930374855525 0.51340606340286076836 0.27559146724507810333 
0.54544051817117877867 0.99828209335614892517 0.98939743907844079907 
0.67707883643239274996 0.52501287387131934103 0.29601021163830187888 
0.75123370922503340807 0.09339779498953637571 0.52514365751580527331 
0.19046280452696628949 0.50250396210751824277 0.54001201109651564281 
0.61543285084980148270 0.22751435997003444101 0.87526802421518890007 
0.24442342753274526324 0.53969306107308545606 0.45820787352793734826 
0.05595214133171544368 0.26533003203012595073 0.56133306833331175767 
0.17974645475407591277 0.70501100165349384064 0.98832637953338320358 
0.86454282544517746523 0.86027816422318936773 0.39237191883488709010 
0.61096371692103335072 0.67125063265002449242 0.15647106538252741892 
0.65286881510101335557 0.23217009738772143024 0.94656508690367657799 
0.72523879396137180819 0.60826302146890331990 0.11082617364215940903 
0.10713917238951697897 0.70413047886276203258 0.83443633346173107235 
0.20882788381945549538 0.13167906762137393528 0.48257702306975480688 
0.52755177016993703987 0.03400028526742948642 0.10528024183081918785 
0.44370198301493002369 0.27042743436107286037 0.53182928659512462843 
0.33356191658344691575 0.69947348360235017672 0.84981834715020387883 
0.09966749252826478944 0.10883125032816098887 0.28463408672619094908 
0.74045840318746480868 0.29032073015142834116 0.34335860214727920159 
0.56599930294300904166 0.77774415880388847455 0.74854405827628611725 
0.18632261767779034756 0.77145725034689971444 0.47835192186241282108 
0.97204993473916445623 0.55065251220691302514 0.88745943088766576778 
0.05479953414339822082 0.75300107729895593422 0.34291086226170164331 
0.09292329319364522888 0.24624125761921655808 0.97159936568255189648 
0.65673942984451771920 0.46872808558667955481 0.40594272181101387353 
0.15693921696556389911 0.43561078042674661326 0.33066429687769738344 
0.76363546508019819470 0.06947707814701975515 0.37446563493886175777 
0.71947744509920696920 0.41530116312174536475 0.14873272662323677729 
0.01905319230094670857 0.09120381724591974937 0.57023913043540241929 
0.00914954644121368510 0.67559443010178532596 0.63053274299423933691 
0.51634839231141049787 0.40860705544962838687 0.47098014501606688675 
0.07713970284091775653 0.47503457381910818569 0.68142932086146101867 
0.96345318223668385826 0.52638233752218344108 0.37142522535048438925 
0.31561562589234859466 0.15439592443460137261 0.71009715426399155902 
0.33681298462363140622 0.36644712561122139149 0.70632054662461807304 
0.85709911543742833828 0.74825073876896630587 0.29868472851548300007 
0.94759878138797737357 0.71996309388648715988 0.11702964060861020812 
0.58445160975493437583 0.84247681883118064050 0.44825926299106999551 
0.63936704097505225874 0.55127995878840918564 0.44917869875082239162 
0.96469202801753350940 0.95064192607722031170 0.20117282879699094345 
0.55294108124357377321 0.57435871675056615615 0.81623958063691115505 
0.56528830355478931757 0.98563362651059005515 0.89395458710912567568 
0.52532686474602696691 0.84712471863284388718 0.17023559670285837164 
0.79321456877449914025 0.15038034886001705459 0.24194646746059755849 
0.27624257528597584432 0.40366625284115564831 0.72363665423636169827 
0.45663900513804245307 0.37879331645790359495 0.64773681330932664224 
0.96015208283060649030 0.86058476484138868301 0.29643832189231189567 
0.50499622367110563737 0.61963607444320678574 0.94248361436356642429 
0.14501063311047945881 0.30730830637954276163 0.27633407205303961440 
0.87130357030671623519 0.37875393182895211730 0.54540875010480349694 
0.94796891101337532604 0.33438629329103397581 0.53449064001625590237 
0.09551499900218796135 0.58465396356894916430 0.10671559454804535605 
0.67440834726815768185 0.42828800922710819066 0.07633258725606983930 
0.87922443729375521215 0.60910189252262614268 0.01048504663996352448 
0.86499221908276613391 0.24832649976962439808 0.36271650554786161180 
0.10988310710780857526 0.07678415080187250830 0.19036620954461258570 
0.13112514197528191140 0.10994303933521121230 0.79161000530571179468 
0.67698391214846664887 0.15700792455051693075 0.47584594135689339822 
0.17350777137163730934 0.36956047164332428423 0.59714937436756665434 
0.91116131896556207259 0.44321574785917539074 0.79995605945707848328 
0.22164459871379915690 0.83223685751231202268 0.75276130582525646595 
0.91226017209751919523 0.23201979174243159143 0.19640518458141409397 
0.08705028124003066914 0.98265529584287514275 0.48812899811302101760 
0.81729044255991833978 0.63950963975064589739 0.89621016360976035742 
0.31434944716306301160 0.72233823146582198937 0.55296082194782347763 
0.50871944909642108357 0.12888877269422782668 0.32747755081851703807 
0.57818634964293380563 0.43203522676365491151 0.35358915408724134188 
0.64536294851944120410 0.06357138849246890544 0.75977730584845093453 
0.16187798375794404393 0.66268578800172561749 0.40629458814074315143 
0.13221174399373736286 0.47803456208924099968 0.67142717172014543259 
0.41220486961096125533 0.30500478239372030842 0.20031437986190958611 
0.28436779423128211164 0.36040645094063261666 0.88537759076807964753 
0.73913917672398876668 0.52289218683540594768 0.34478536022818651041 
0.74765797231192032690 0.00249956228485403997 0.53959853474787178307 
0.19305291557519299595 0.73993744008649819932 0.88029700602263027953 
0.17969711357208506541 0.53461130579727944578 0.02689735214591304491 
0.32143147351896361741 0.73126692363395551233 0.16502348171201330906 
0.96170650535963675409 0.60297209160307163600 0.79376624893189773324 
0.07316695170207299093 0.83770679659021962671 0.14529997963424534646 
0.50746083784988615939 0.57711147023604825179 0.87435076376040044011 
0.66180696749025402781 0.42643379950844706450 0.80278014496609828576 
0.22496067145715614721 0.68288899800795088701 0.87390451291340509599 
0.74815099837505960600 0.56416778577277337803 0.15132988918074041784 
0.67126836072610451822 0.16130188527142652610 0.73279928105799219118 
0.87970169884388371706 0.75708017450691600381 0.29615687825526793020 
0.63988477516875907902 0.75439291156933241389 0.51196079621050549768 
0.70832871357737481333 0.20133898179218201463 0.24700781090201440193 
0.33295898045059968418 0.68413651086835725046 0.49146794096509505145 
0.19585952114489191267 0.62437915872556448704 0.99833530740547415938 
0.46909801801818384881 0.40799729975138898652 0.99012789652521626671 
0.02653005549009557207 0.82570851986790794186 0.54659108713702275750 
0.33560724949780040838 0.93150846991472913139 0.29734446853562035429 
0.25892029557468654311 0.90808039504469495462 0.08156391879607971518 
0.33959906239624970681 0.13173106491991282141 0.11449016574555037629 
0.70896430671110266530 0.18451637819821598008 0.85816589686861455277 
0.08665736391089051693 0.38457113903825934642 0.90170264238388275757 
0.69739438790511298905 0.73633433736266384884 0.66904905706957884526 
0.11472206828653463973 0.26964321817634706591 0.51146585702463864820 
0.06199489191957185952 0.38803910954709097680 0.59992487324865972909 
0.27204939737541766753 0.52527079100559381786 0.98668022811749600542 
0.98347779770004373212 0.65594880919210996062 0.80329849176000212019 
0.62321555230456193719 0.61197995746369793224 0.82620891464093504375 
0.79962537337957173555 0.14292981068087340368 0.82535088045913362897 
0.01194238850800344309 0.25260585216467412728 0.87365143525969557459 
0.26526464808309291321 0.36840135295106368751 0.20045650529953551455 
0.97793104558316357178 0.89373325118176083492 0.63705212589407977930 
0.74841381662603234659 0.99704637637258586302 0.16201442544079380781 
0.58915525240830968201 0.55241551783651243746 0.88136933144919216154 
0.58040474766464766887 0.08016211859388255867 0.51118667985002175236 
0.15872536487020627582 0.79344840847458764088 0.18135089074741106430 
0.92521419446430308575 0.06632178435706892472 0.12575660123137755164 
0.51908689873535762693 0.89147151483703801489 0.66117822261606162826 
0.32217164643078710640 0.51121707736748467354 0.07845677318414145951 
0.69902048741696654055 0.16941236789246438832 0.73703475743953084098 
0.30487963186880984168 0.25940152078174816275 0.67082089735875216618 
0.59243292195257590826 0.20377989337503810141 0.81106038544953995562 
0.18645028360696680458 0.97775910522868159092 0.96489902035295838090 
0.29452356560996428847 0.90143652459995893267 0.72751490275464125723 
0.32731102841564485573 0.79209352389914799986 0.07488143180877737670 
0.38790262114616269606 0.65656405152365326927 0.52771785467192677821 
0.50444874566640240943 0.12282168750575173100 0.37691127173613536705 
0.24866797033495391389 0.42024274683836893018 0.43896053793946543387 
0.88546251010653520552 0.98675319180794618390 0.81741539834353793559 
0.50462656309476905392 0.14411910499383551176 0.91333777360163681536 
0.92920863287229593652 0.39553277931675889789 0.37627390335380139774 
0.16464614646401187770 0.14769340941783637433 0.46510284443770144591 
0.19499598510651705574 0.38429644694468279020 0.17460517854855939213 
0.83233524565259342509 0.40405100471678090379 0.42615492826162215678 
0.82519490015965368812 0.24556164620560871903 0.87749134200363232416 
0.78722866624631460120 0.11040069052277856620 0.03859030884969860686 
0.92074387750359543148 0.34951324496740521219 0.48625121912828395132 
0.90641497106982149568 0.93704277158412940807 0.40021472179025296967 
0.28898323624040433977 0.62535949616110242388 0.59201282232653018589 
0.90620687258299503775 0.16424571660038522758 0.36384406076078823489 
0.93516134280677865043 0.39201954219457091355 0.54097395542369985932 
0.50935367573571954658 0.71855370843127008840 0.24780149893211089740 
0.00160659130537443851 0.18890750896393360136 0.30485558350453878518 
0.52437659572659822693 0.50444917518047560634 0.64746613321568591282 
0.83461625626253721499 0.48169017791122148431 0.60563611055116539639 
0.06004850191075483679 0.55833305071221572824 0.74918692954267185335 
0.78076446639592322896 0.41122844300387795258 0.53083670568280005853 
0.89608463247132608132 0.85767953230242977014 0.20990481657519866054 
0.54375641959635001577 0.66599100612362005513 0.06633518213045519474 
0.18285787479716963944 0.35468623508179897286 0.20899418604002106825 
0.83511955856275998933 0.21221495775435661457 0.60600657132726132303 
0.74989013982187269214 0.07174836651994520587 0.44033952727875980138 
0.23418680891040133396 0.44863221198823954872 0.39982660147396642536 
0.33039449926153574566 0.59444774556358104256 0.42044850084610030372 
0.03207414649587003730 0.69851511084689188458 0.47264334820254583214 
0.96467777041979152486 0.88321287314964536108 0.23336204441064456461 
0.17774299356386369375 0.28368679877558422575 0.35310980723037688200 
0.39709866004271376916 0.75868195714501296401 0.18383998332997997238 
0.82181038317395804782 0.44733849030487049525 0.54454401540643981861 
0.30478451490635993792 0.75453917717873397741 0.00667734443662260091 
0.66125497549826683930 0.42106284726491560733 0.04569725215195608037 
0.99867161797492465247 0.59525100541416531286 0.24843848081375052850 
0.00129978901067251407 0.00559802938046494170 0.31712226177131341842 
0.65491024873575320875 0.88677043611687556002 0.08162085937967500371 
0.71635902115828109515 0.51421020806637551814 0.79831893880273430142 
0.64139855110709609320 0.01234529102687398350 0.24116019179067427203 
0.40090437626291319795 0.86465546927797309884 0.87420834754358711649 
0.38235146005328823904 0.72399444539260615628 0.85356730931583313371 
0.57793557211698742826 0.04632530739903306660 0.29095206853233079869 
0.78006914957290485191 0.44881110387797185091 0.98207139449477232063 
0.12630635270852197394 0.31882219893449237347 0.24432152979141763538 
0.25145468762569267440 0.13988813209753803157 0.13498171992791885287 
0.64733202688940916225 0.94492766773475800335 0.20494345195372298818 
0.96495387266657139946 0.59250707833089966137 0.10212841779056214264 
0.76674961269912467188 0.21867686883220360805 0.58010079262450608972 
0.13683434448544007367 0.55763755549750637641 0.41050912150001561685 
0.44116681591501971660 0.78865529277021151344 0.79193102951688110203 
0.76619441914781449832 0.04278031088107492330 0.01098520498168498172 
0.94155624260867720743 0.62067539783278147247 0.81260094545944361322 
0.43810058849332822462 0.23081632965685860981 0.20891242296707424053 
0.64462707941432806358 0.40601213578016426275 0.76509213161285249960 
0.63555602723554072142 0.81055643337447613739 0.04276108016032620363 
0.96188386350497556698 0.58299291729947366747 0.31849289563381066870 
0.15277487847959325684 0.85697556704164457031 0.08756904557109734810 
0.74616586489253400316 0.59607808419271979261 0.51993794239928226020 
0.91193228043791174642 0.40526204704593582484 0.13912873102364620159 
0.09017007896507345244 0.21428124197929077077 0.27901884008026134332 
0.15337687491211160484 0.55464272068240960678 0.21874064948536986464 
0.99019695402003016227 0.06400440770721105288 0.61284455569267670683 
0.12756190595004324173 0.53100391366904431401 0.10780085907151404356 
0.26091886173822609329 0.03887952569787445078 0.20550759417200770152 
0.03508862418801439453 0.28704840869362890921 0.47366244925081324446 
0.10947470767905476130 0.04652512830112476294 0.55946179896857306524 
0.32055687990994341519 0.75033138946086608279 0.21784800505344215082 
0.25266055982698376603 0.80680706043647254511 0.52805266342992163153 
0.70128504185121087744 0.69282111671722712565 0.03797623339294098344 
0.86874015742745425150 0.42756171609762883001 0.18908499767685627013 
0.38372289463243114405 0.28264101341429404002 0.52573323689944739812 
0.21669095216106226687 0.70990841143918381739 0.16258026313268891805 
0.07724978653976188880 0.07100460780024064888 0.06273712244804396931 
0.26941546786115511125 0.90055292162758937557 0.47672081206241512241 
0.89779878137306190489 0.42877844229808315113 0.74412920693003137274 
0.82401781275745689115 0.45946815232616056157 0.91676316870277596571 
0.99807586267839121241 0.18041029299666977437 0.67617081134037304579 
0.90469316443700997787 0.69735071987913088698 0.84549642758366827522 
0.18217038989437028818 0.40756224396029239188 0.32422104825737729783 
0.56791176446087354712 0.83337094557663182748 0.52095964830897134590 
0.55732389908039525750 0.89058852074432826029 0.04400453537674642313 
0.21833704629821015786 0.85705043405702086012 0.35110134851795349320 
0.81546548362963844347 
generated randoms (0, 1]
0.21477779775235483761 0.48778462195411331770 0.31644650970895971120 
0.19525568477940336010 0.03075401007994793545 0.35707775728493373890 
0.55763111163197764952 0.69795758171696786754 0.42096026119540663757 
0.62059813839771860167 0.53891446835844036833 0.86872381437902856938 
0.64273574872543126624 0.05103979266471303511 0.49884781662990573814 
0.29125943663862363664 0.38390855230100018325 0.10162161414192527609 
0.39378742782117881482 0.64058343344701240696 0.77855187050784802061 
0.81618125805072283541 0.68197917727660661846 0.18226038247755971256 
0.48455188442773966528 0.47079855416476901198 0.17449894948464916844 
0.54467043932822778451 0.38477682879203478628 0.56287251130886239991 
0.37127230677894873523 0.86280125265922835709 0.25033546589551991524 
0.11129827490872523654 0.68142973532382389301 0.95108301053852573048 
0.88943839165724947193 0.11220560592283179702 0.12144877975567336392 
0.89120175613896024380 0.78372139995194833872 0.60203656399535576682 
0.28926416862635018212 0.75511898480555439406 0.81215406012739466135 
0.64158018892919477238 0.15690316019363059752 0.34088528345621105231 
0.91987381955943137157 0.91853420753453707270 0.07627030295127901205 
0.57643672330001605175 0.66971212296521298590 0.84557355759318819644 
0.21715118428649926585 0.87879908122734762266 0.50666179936886956980 
0.55467974234314132431 0.03568388842907510572 0.89597053910917501263 
0.42043707273343255970 0.71972665638515054276 0.72384524353046075795 
0.17970159696366638791 0.38534661888094912108 0.16472673130651971363 
0.79983957958389928500 0.78653690522329888779 0.40954556306812950339 
0.47743184818651163148 0.66689288819508085737 0.48073236331370594598 
0.91975176565107630289 0.40760205680000760609 0.23116853307237250625 
0.12228275884582728850 0.53849902784383196774 0.28749968588414276383 
0.42146298721581754165 0.50316602978703017790 0.02753203976137541531 
0.47149384912578828910 0.95991849915326477038 0.00807194588850035366 
0.23161237644378607214 0.49482436005879004703 0.31359770543130394138 
0.67264233811151785680 0.75506273650426325439 0.67733717609235455370 
0.47043072152758313997 0.38639664953227548239 0.40350373751250567800 
0.84110241669657814789 0.94073886600504241784 0.01783683102930444520 
0.57477838935424330202 0.28837547596767332259 0.42462248903872334971 
0.18240624311972575278 0.81809026810654938977 0.06513929332104728687 
0.40201935709482583547 0.62123201086759460843 0.18164695517038986772 
0.71212826071168588982 0.57002960365168808821 0.65383317816494579411 
0.80053158217782405259 0.26442618656475258554 0.16307002603741027613 
0.90803305758673569237 0.81485273489469056685 0.36080788826742327124 
0.55209939768953408823 0.73531185866079717961 0.25555185522806955767 
0.07811212869372474721 0.71853305860725491527 0.79434930634093059432 
0.26281335171396880135 0.07627835288272644121 0.43622269842060834577 
0.53333147573681949360 0.48696044262681437154 0.63135269791341386281 
0.96703109929743225059 0.71643705282890435271 0.09110020667887908097 
0.26352474326478603217 0.68176852097518714224 0.60634567896548952071 
0.21469653159896662231 0.90535739967944328654 0.64900687651117761057 
0.19786063645317475412 0.74648908394656166010 0.31443185537395934581 
0.95168074817509085150 0.11904261155967255092 0.22556084937541753810 
0.40132600479513969027 0.35406830411324530239 0.43659626296256859312 
0.49573237162270444855 0.41566281471659993763 0.96993034167043412630 
0.80437723654012516228 0.30063676642148839946 0.46409562158336825632 
0.49482422410736881524 0.45375612212234917031 0.81299123576051890439 
0.57824590592040014947 0.34815444901266512367 0.17587018488404027039 
0.00205936125947037141 0.13220423558826466248 0.95785621065221016046 
0.43311277534886061247 0.42260137498301353354 0.24953651575300384025 
0.18860859990189560165 0.67559317905173799090 0.76693030067553502604 
0.72509772846488806941 0.38513194409659767814 0.53167824278238851043 
0.60536693847203526531 0.74462389160189079718 0.32845976005677046672 
0.23565594911797815847 0.22737350463506511566 0.95476196289130377259 
0.00370199982198737843 0.00011421429786984127 0.11860177719641251670 
0.06831237610481477596 0.45834803962453474213 0.98255597720117782146 
0.18249030071521743501 0.22890769235137931048 0.93789790902229297487 
0.53611514467998322431 0.58448896399080485509 0.27538731195564647436 
0.02375039658984468005 0.36991857331464017555 0.38742807606262874565 
0.80539724582388005913 0.41492164782034590687 0.76212609998815317169 
0.70091941048062089692 0.06734179199344669797 0.49022677481811594014 
0.56322553704831923582 0.55514808503843715570 0.00223129592824666823 
0.02935839540612339427 0.15264100551249648596 0.86869088020107332326 
0.33202292877967409801 0.34959643404479412432 0.19449593686098110012 
0.40931711143027982303 0.44794729241142006160 0.24642593435463311380 
0.48515630852053615030 0.37835218186367680637 0.59014371467261850235 
0.87235792812687562581 0.87714620151969691086 0.99922473203181993995 
0.82214266765680155125 0.68404107051749662993 0.84144364646754588044 
0.68710807024977649249 0.66970118430367464590 0.56285301376619556457 
0.76131580609743787491 0.57865755596789525406 0.79603936519988849341 
0.13560282714888116651 0.62195717436249098320 0.03883347908763679079 
0.96666550732893208320 0.49372954124665979769 0.24766015653666761942 
0.75150931773728912866 0.58113544700694030887 0.19345555343411491300 
0.70508669180577876467 0.38001934742905651987 0.93993167344431660659 
0.15008741945713710564 0.33041268619622443659 0.81743107939243953020 
0.10259362077797917756 0.06149092940220857173 0.75951354741365917356 
0.85145317695439515226 0.78742167838689325343 0.47575183016377331491 
0.53561910775619603342 0.46672791452085382602 0.21171800506949844944 
0.16414199419421771076 0.40141422714055985388 0.13752521485807456258 
0.91298924591746732915 0.64872326220778320227 0.73284156737472483378 
0.10724381234114388484 0.33020574866943697145 0.25538382594240927048 
0.11075192016500712278 0.04959146831473026928 0.01432465685549200174 
0.20629127609616415562 0.80127851498478741554 0.31848908153596644510 
0.81976555335257583756 0.32327913053509638175 0.25898807205772578222 
0.53285878735914438131 0.21618289487120878611 0.92496060892789122576 
0.64335149839884930856 0.21379109754980163416 0.32348601999551718222 
0.34057413278800630074 0.70300386875992004754 0.45422556756099208286 
0.98792507715951138891 0.27740553272351609060 0.51600427700141993093 
0.75410221194145576895 0.68191021145200059195 0.99363597646716761425 
0.55955924489610886496 0.55950708108246072214 0.78165353473758347747 
0.00662654486835090317 0.64763338875688081231 0.22272023604753177217 
0.12611488524150482604 0.40452324335613165651 0.54364750698109332028 
0.75585028445313784395 0.83971923178425145196 0.73291315648668464711 
0.86804463425313072023 0.59711858487795121953 0.57152000935992730568 
0.82996355211774019978 0.01746836756275227387 0.45819132634840809004 
0.44983987039802841856 0.41059065756002399716 0.38917778334595221068 
0.36966706259189074935 0.44494930834313217716 0.54548283450726575694 
0.15371477368335684233 0.33762244254066553495 0.99575894088669802962 
0.02746285101865408862 0.99959697876512021431 0.88513769886933402198 
0.83206329122127931086 0.18479611493983250092 0.84102182083532550649 
0.29021261093469430392 0.15294780775386285221 0.02620488075001947692 
0.34654417661144920615 0.41895827230434457000 0.34734947822936534934 
0.52174877449366663384 0.25177005906130767166 0.43278345994801825647 
0.89284442062266289319 0.86731321603965616518 0.99077981926811631297 
0.55300565862177175624 0.58491998258025246216 0.92669970191400818926 
0.61361721466831498084 0.44200388445754201783 0.72412722666186546405 
0.56131569649262980093 0.97393030858251505855 0.85429370189539488578 
0.30666627255295386689 0.70481626434898392297 0.99011715101038544340 
0.50305542140210834923 0.37068915940256852437 0.67061899317534057197 
0.28780785185353230382 0.78614192694247364557 0.36060727970870942727 
0.25168817336521542849 0.23553335349906467933 0.52706247880183343391 
0.04815491793096771111 0.31162637323658115562 0.05629581714072351417 
0.17463333521155099959 0.56909467639898769775 0.52466304397382246272 
0.78288513569920414881 0.34818982059006065022 0.19383215963692279615 
0.04868131483796855896 0.45371706540431655519 0.84582645220931818031 
0.56726740483907089896 0.24039923516138750337 0.00135318794484429183 
0.65355871599438386532 0.49224813266859457350 0.42259422660274870154 
0.69398202706670875095 0.04038314683168864327 0.06642420654930458745 
0.31414600675160087029 0.86844711482032832528 0.93227628475823398624 
0.35659536621587739624 0.90299025636670693373 0.29294244708127181731 
0.68920424847645711530 0.54591237249697588396 0.40276063720582278016 
0.11989814512043883710 0.99738739231309136990 0.37478431869468353810 
0.31001352959260763953 0.67161926428384743915 0.72345492806158007149 
0.16444321176292175934 0.17037864334190899740 0.61058713891661930973 
0.83755612272312185418 0.64448524241973026427 0.34262025111561200674 
0.34666205069625144475 0.48659393659713923164 0.72440853275492189667 
0.45455948182882122133 0.00171790664385107483 0.01060256092155920093 
0.32292116356760725004 0.47498712612868065897 0.70398978836169812112 
0.24876629077496659193 0.90660220501046362429 0.47485634248419472669 
0.80953719547303371051 0.49749603789248175723 0.45998798890348435719 
0.38456714915019851730 0.77248564002996555899 0.12473197578481109993 
0.75557657246725473676 0.46030693892691454394 0.54179212647206265174 
0.94404785866828455632 0.73466996796987404927 0.43866693166668824233 
0.82025354524592408723 0.29498899834650615936 0.01167362046661679642 
0.13545717455482253477 0.13972183577681063227 0.60762808116511290990 
0.38903628307896664928 0.32874936734997550758 0.84352893461747258108 
0.34713118489898664443 0.76782990261227856976 0.05343491309632342201 
0.27476120603862819181 0.39173697853109668010 0.88917382635784059097 
0.89286082761048302103 0.29586952113723796742 0.16556366653826892765 
0.79117211618054450462 0.86832093237862606472 0.51742297693024519312 
0.47244822983006296013 0.96599971473257051358 0.89471975816918081215 
0.55629801698506997631 0.72957256563892713963 0.46817071340487537157 
0.66643808341655308425 0.30052651639764982328 0.15018165284979612117 
0.90033250747173521056 0.89116874967183901113 0.71536591327380905092 
0.25954159681253519132 0.70967926984857165884 0.65664139785272079841 
0.43400069705699095834 0.22225584119611152545 0.25145594172371388275 
0.81367738232220965244 0.22854274965310028556 0.52164807813758717892 
0.02795006526083554377 0.44934748779308697486 0.11254056911233423222 
0.94520046585660177918 0.24699892270104406578 0.65708913773829835669 
0.90707670680635477112 0.75375874238078344192 0.02840063431744810352 
0.34326057015548228080 0.53127191441332044519 0.59405727818898612647 
0.84306078303443610089 0.56438921957325338674 0.66933570312230261656 
0.23636453491980180530 0.93052292185298024485 0.62553436506113824223 
0.28052255490079303080 0.58469883687825463525 0.85126727337676322271 
0.98094680769905329143 0.90879618275408025063 0.42976086956459758071 
0.99085045355878631490 0.32440556989821467404 0.36946725700576066309 
0.48365160768858950213 0.59139294455037161313 0.52901985498393311325 
0.92286029715908224347 0.52496542618089181431 0.31857067913853898133 
0.03654681776331614174 0.47361766247781655892 0.62857477464951561075 
0.68438437410765140534 0.84560407556539862739 0.28990284573600844098 
0.66318701537636859378 0.63355287438877860851 0.29367945337538192696 
0.14290088456257166172 0.25174926123103369413 0.70131527148451699993 
0.05240121861202262643 0.28003690611351284012 0.88297035939138979188 
0.41554839024506562417 0.15752318116881935950 0.55174073700893000449 
0.36063295902494774126 0.44872004121159081436 0.55082130124917760838 
0.03530797198246649060 0.04935807392277968830 0.79882717120300905655 
0.44705891875642622679 0.42564128324943384385 0.18376041936308884495 
0.43471169644521068243 0.01436637348940994485 0.10604541289087432432 
0.47467313525397303309 0.15287528136715611282 0.82976440329714162836 
0.20678543122550085975 0.84961965113998294541 0.75805353253940244151 
0.72375742471402415568 0.59633374715884435169 0.27636334576363830173 
0.54336099486195754693 0.62120668354209640505 0.35226318669067335776 
0.03984791716939350970 0.13941523515861131699 0.70356167810768810433 
0.49500377632889436263 0.38036392555679321426 0.05751638563643357571 
0.85498936688952054119 0.69269169362045723837 0.72366592794696038560 
0.12869642969328376481 0.62124606817104788270 0.45459124989519650306 
0.05203108898662467396 0.66561370670896602419 0.46550935998374409763 
0.90448500099781203865 0.41534603643105083570 0.89328440545195464395 
0.32559165273184231815 0.57171199077289180934 0.92366741274393016070 
0.12077556270624478785 0.39089810747737385732 0.98951495336003647552 
0.13500778091723386609 0.75167350023037560192 0.63728349445213838820 
0.89011689289219142474 0.92321584919812749170 0.80963379045538741430 
0.86887485802471808860 0.89005696066478878770 0.20838999469428820532 
0.32301608785153335113 0.84299207544948306925 0.52415405864310660178 
0.82649222862836269066 0.63043952835667571577 0.40285062563243334566 
0.08883868103443792741 0.55678425214082460926 0.20004394054292151672 
0.77835540128620084310 0.16776314248768797732 0.24723869417474353405 
0.08773982790248080477 0.76798020825756840857 0.80359481541858590603 
0.91294971875996933086 0.01734470415712485725 0.51187100188697898240 
0.18270955744008166022 0.36049036024935410261 0.10378983639023964258 
0.68565055283693698840 0.27766176853417801063 0.44703917805217652237 
0.49128055090357891643 0.87111122730577217332 0.67252244918148296193 
0.42181365035706619437 0.56796477323634508849 0.64641084591275865812 
0.35463705148055879590 0.93642861150753109456 0.24022269415154906547 
0.83812201624205595607 0.33731421199827438251 0.59370541185925684857 
0.86778825600626263714 0.52196543791075900032 0.32857282827985456741 
0.58779513038903874467 0.69499521760627969158 0.79968562013809041389 
0.71563220576871788836 0.63959354905936738334 0.11462240923192035247 
0.26086082327601123332 0.47710781316459405232 0.65521463977181348959 
0.25234202768807967310 0.99750043771514596003 0.46040146525212821693 
0.80694708442480700405 0.26006255991350180068 0.11970299397736972047 
0.82030288642791493459 0.46538869420272055422 0.97310264785408695509 
0.67856852648103638259 0.26873307636604448767 0.83497651828798669094 
0.03829349464036324591 0.39702790839692836400 0.20623375106810226676 
0.92683304829792700907 0.16229320340978037329 0.85470002036575465354 
0.49253916215011384061 0.42288852976395174821 0.12564923623959955989 
0.33819303250974597219 0.57356620049155293550 0.19721985503390171424 
0.77503932854284385279 0.31711100199204911299 0.12609548708659490401 
0.25184900162494039400 0.43583221422722662197 0.84867011081925958216 
0.32873163927389548178 0.83869811472857347390 0.26720071894200780882 
0.12029830115611628294 0.24291982549308399619 0.70384312174473206980 
0.36011522483124092098 0.24560708843066758611 0.48803920378949450232 
0.29167128642262518667 0.79866101820781798537 0.75299218909798559807 
0.66704101954940031582 0.31586348913164274954 0.50853205903490494855 
0.80414047885510808733 0.37562084127443551296 0.00166469259452584062 
0.53090198198181615119 0.59200270024861101348 0.00987210347478373329 
0.97346994450990442793 0.17429148013209205814 0.45340891286297724250 
0.66439275050219959162 0.06849153008527086861 0.70265553146437964571 
0.74107970442531345689 0.09191960495530504538 0.91843608120392028482 
0.66040093760375029319 0.86826893508008717859 0.88550983425444962371 
0.29103569328889733470 0.81548362180178401992 0.14183410313138544723 
0.91334263608910948307 0.61542886096174065358 0.09829735761611724243 
0.30260561209488701095 0.26366566263733615116 0.33095094293042115474 
0.88527793171346536027 0.73035678182365293409 0.48853414297536135180 
0.93800510808042814048 0.61196089045290902320 0.40007512675134027091 
0.72795060262458233247 0.47472920899440618214 0.01331977188250399458 
0.01652220229995626788 0.34405119080789003938 0.19670150823999787981 
0.37678444769543806281 0.38802004253630206776 0.17379108535906495625 
0.20037462662042826445 0.85707018931912659632 0.17464911954086637103 
0.98805761149199655691 0.74739414783532587272 0.12634856474030442541 
0.73473535191690708679 0.63159864704893631249 0.79954349470046448545 
0.02206895441683642822 0.10626674881823916508 0.36294787410592022070 
0.25158618337396765341 0.00295362362741413698 0.83798557455920619219 
0.41084474759169031799 0.44758448216348756254 0.11863066855080783846 
0.41959525233535233113 0.91983788140611744133 0.48881332014997824764 
0.84127463512979372418 0.20655159152541235912 0.81864910925258893570 
0.07478580553569691425 0.93367821564293107528 0.87424339876862244836 
0.48091310126464237307 0.10852848516296198511 0.33882177738393837174 
0.67782835356921289360 0.48878292263251532646 0.92154322681585854049 
0.30097951258303345945 0.83058763210753561168 0.26296524256046915902 
0.69512036813119015832 0.74059847921825183725 0.32917910264124783382 
0.40756707804742409174 0.79622010662496189859 0.18893961455046004438 
0.81354971639303319542 0.02224089477131840908 0.03510097964704161910 
0.70547643439003571153 0.09856347540004106733 0.27248509724535874277 
0.67268897158435514427 0.20790647610085200014 0.92511856819122262330 
0.61209737885383730394 0.34343594847634673073 0.47228214532807322179 
0.49555125433359759057 0.87717831249424826900 0.62308872826386463295 
0.75133202966504608611 0.57975725316163106982 0.56103946206053456613 
0.11453748989346479448 0.01324680819205381610 0.18258460165646206441 
0.49537343690523094608 0.85588089500616448824 0.08666222639836318464 
0.07079136712770406348 0.60446722068324110211 0.62372609664619860226 
0.83535385353598812230 0.85230659058216362567 0.53489715556229855409 
0.80500401489348294426 0.61570355305531720980 0.82539482145144060787 
0.16766475434740657491 0.59594899528321909621 0.57384507173837784322 
0.17480509984034631188 0.75443835379439128097 0.12250865799636767584 
0.21277133375368539880 0.88959930947722143380 0.96140969115030139314 
0.07925612249640456852 0.65048675503259478781 0.51374878087171604868 
0.09358502893017850432 0.06295722841587059193 0.59978527820974703033 
0.71101676375959566023 0.37464050383889757612 0.40798717767346981411 
0.09379312741700496225 0.83575428339961477242 0.63615593923921176511 
0.06483865719322134957 0.60798045780542908645 0.45902604457630014068 
0.49064632426428045342 0.28144629156872991160 0.75219850106788910260 
0.99839340869462556149 0.81109249103606639864 0.69514441649546121482 
0.47562340427340177307 0.49555082481952439366 0.35253386678431408718 
0.16538374373746278501 0.51830982208877851569 0.39436388944883460361 
0.93995149808924516321 0.44166694928778427176 0.25081307045732814665 
0.21923553360407677104 0.58877155699612204742 0.46916329431719994147 
0.10391536752867391868 0.14232046769757022986 0.79009518342480133946 
0.45624358040364998423 0.33400899387637994487 0.93366481786954480526 
0.81714212520283036056 0.64531376491820102714 0.79100581395997893175 
0.16488044143724001067 0.78778504224564338543 0.39399342867273867697 
0.25010986017812730786 0.92825163348005479413 0.55966047272124019862 
0.76581319108959866604 0.55136778801176045128 0.60017339852603357464 
0.66960550073846425434 0.40555225443641895744 0.57955149915389969628 
0.96792585350412996270 0.30148488915310811542 0.52735665179745416786 
0.03532222958020847514 0.11678712685035463892 0.76663795558935543539 
0.82225700643613630625 0.71631320122441577425 0.64689019276962311800 
0.60290133995728623084 0.24131804285498703599 0.81616001667002002762 
0.17818961682604195218 0.55266150969512950475 0.45545598459356018139 
0.69521548509364006208 0.24546082282126602259 0.99332265556337739909 
0.33874502450173316070 0.57893715273508439267 0.95430274784804391963 
0.00132838202507534753 0.40474899458583468714 0.75156151918624947150 
0.99870021098932748593 0.99440197061953505830 0.68287773822868658158 
0.34508975126424679125 0.11322956388312443998 0.91837914062032499629 
0.28364097884171890485 0.48578979193362448186 0.20168106119726569858 
0.35860144889290390680 0.98765470897312601650 0.75883980820932572797 
0.59909562373708680205 0.13534453072202690116 0.12579165245641288351 
0.61764853994671176096 0.27600555460739384372 0.14643269068416686629 
0.42206442788301257174 0.95367469260096693340 0.70904793146766920131 
0.21993085042709514809 0.55118889612202814909 0.01792860550522767937 
0.87369364729147802606 0.68117780106550762653 0.75567847020858236462 
0.74854531237430732560 0.86011186790246196843 0.86501828007208114713 
0.35266797311059083775 0.05507233226524199665 0.79505654804627701182 
0.03504612733342860054 0.40749292166910033863 0.89787158220943785736 
0.23325038730087532812 0.78132313116779639195 0.41989920737549391028 
0.86316565551455992633 0.44236244450249362359 0.58949087849998438315 
0.55883318408498028340 0.21134470722978848656 0.20806897048311889797 
0.23380558085218550168 0.95721968911892507670 0.98901479501831501828 
0.05844375739132279257 0.37932460216721852753 0.18739905454055638678 
0.56189941150667177538 0.76918367034314139019 0.79108757703292575947 
0.35537292058567193642 0.59398786421983573725 0.23490786838714750040 
0.36444397276445927858 0.18944356662552386261 0.95723891983967379637 
0.03811613649502443302 0.41700708270052633253 0.68150710436618933130 
0.84722512152040674316 0.14302443295835542969 0.91243095442890265190 
0.25383413510746599684 0.40392191580728020739 0.48006205760071773980 
0.08806771956208825358 0.59473795295406417516 0.86087126897635379841 
0.90982992103492654756 0.78571875802070922923 0.72098115991973865668 
0.84662312508788839516 0.44535727931759039322 0.78125935051463013536 
0.00980304597996983773 0.93599559229278894712 0.38715544430732329317 
0.87243809404995675827 0.46899608633095568599 0.89219914092848595644 
0.73908113826177390671 0.96112047430212554922 0.79449240582799229848 
0.96491137581198560547 0.71295159130637109079 0.52633755074918675554 
0.89052529232094523870 0.95347487169887523706 0.44053820103142693476 
0.67944312009005658481 0.24966861053913391721 0.78215199494655784918 
0.74733944017301623397 0.19319293956352745489 0.47194733657007836847 
0.29871495814878912256 0.30717888328277287435 0.96202376660705901656 
0.13125984257254574850 0.57243828390237116999 0.81091500232314372987 
0.61627710536756885595 0.71735898658570595998 0.47426676310055260188 
0.78330904783893773313 0.29009158856081618261 0.83741973686731108195 
0.92275021346023811120 0.92899539219975935112 0.93726287755195603069 
0.73058453213884488875 0.09944707837241062443 0.52327918793758487759 
0.10220121862693809511 0.57122155770191684887 0.25587079306996862726 
0.17598218724254310885 0.54053184767383943843 0.08323683129722403429 
0.00192413732160878759 0.81958970700333022563 0.32382918865962695421 
0.09530683556299002213 0.30264928012086911302 0.15450357241633172478 
0.81782961010562971182 0.59243775603970760812 0.67577895174262270217 
0.43208823553912645288 0.16662905442336817252 0.47904035169102865410 
0.44267610091960474250 0.10941147925567173971 0.95599546462325357687 
0.78166295370178984214 0.14294956594297913988 0.64889865148204650680 
0.18453451637036155653 
generated randoms (0,1)
0.78522220224764516239 0.51221537804588668230 0.68355349029104028880 
0.80474431522059686195 0.96924598992005228659 0.64292224271506648314 
0.44236888836802257252 0.30204241828303213246 0.57903973880459358448 
0.37940186160228139833 0.46108553164155963167 0.13127618562097143062 
0.35726425127456873376 0.94896020733528696489 0.50115218337009426186 
0.70874056336137658541 0.61609144769899981675 0.89837838585807472391 
0.60621257217882118518 0.35941656655298781509 0.22144812949215197939 
0.18381874194927738664 0.31802082272339338154 0.81773961752244050949 
0.51544811557226055676 0.52920144583523121007 0.82550105051535083156 
0.45532956067177221549 0.61522317120796521372 0.43712748869113782213 
0.62872769322105148682 0.13719874734077186496 0.74966453410448008476 
0.88870172509127498550 0.31857026467617610699 0.04891698946147449156 
0.11056160834275075011 0.88779439407716842503 0.87855122024432685812 
0.10879824386103975620 0.21627860004805188332 0.39796343600464445522 
0.71073583137364981788 0.24488101519444582799 0.18784593987260556069 
0.35841981107080544966 0.84309683980636962453 0.65911471654378916973 
0.08012618044056885047 0.08146579246546292730 0.92372969704872098795 
0.42356327669998417029 0.33028787703478701410 0.15442644240681180356 
0.78284881571350095619 0.12120091877265237734 0.49333820063113065224 
0.44532025765685889773 0.96431611157092489428 0.10402946089082498737 
0.57956292726656744030 0.28027334361484945724 0.27615475646953924205 
0.82029840303633361209 0.61465338111905087892 0.83527326869348050842 
0.20016042041610071500 0.21346309477670133425 0.59045443693187071865 
0.52256815181348836852 0.33310711180491936467 0.51926763668629427606 
0.08024823434892369711 0.59239794319999261596 0.76883146692762749375 
0.87771724115417293355 0.46150097215616825430 0.71250031411585745822 
0.57853701278418268039 0.49683397021296982210 0.97246796023862480673 
0.52850615087421171090 0.04008150084673522962 0.99192805411149964634 
0.76838762355621414990 0.50517563994120995297 0.68640229456869605862 
0.32735766188848214320 0.24493726349573674561 0.32266282390764566834 
0.52956927847241686003 0.61360335046772473966 0.59649626248749432200 
0.15889758330342185211 0.05926113399495780421 0.98216316897069577685 
0.42522161064575692002 0.71162452403232667741 0.57537751096127665029 
0.81759375688027424722 0.18190973189345061023 0.93486070667895293518 
0.59798064290517438657 0.37876798913240539157 0.81835304482961013228 
0.28787173928831433223 0.42997039634831213384 0.34616682183505420589 
0.19946841782217616945 0.73557381343524741446 0.83692997396258994591 
0.09196694241326430763 0.18514726510530965520 0.63919211173257672876 
0.44790060231046591177 0.26468814133920282039 0.74444814477193044233 
0.92188787130627525279 0.28146694139274530677 0.20565069365906940568 
0.73718664828603119865 0.92372164711727378084 0.56377730157939187627 
0.46666852426318050640 0.51303955737318562846 0.36864730208658635924 
0.03296890070256774941 0.28356294717109586934 0.90889979332112091903 
0.73647525673521418987 0.31823147902481285776 0.39365432103451047929 
0.78530346840103359973 0.09464260032055693550 0.35099312348882238943 
0.80213936354682524588 0.25351091605343856195 0.68556814462604065419 
0.04831925182490937054 0.88095738844032767112 0.77443915062458246190 
0.59867399520486030973 0.64593169588675469761 0.56340373703743140688 
0.50426762837729577349 0.58433718528340006237 0.03006965832956587370 
0.19562276345987483772 0.69936323357851182259 0.53590437841663196572 
0.50517577589263118476 0.54624387787765082969 0.18700876423948131766 
0.42175409407959985053 0.65184555098733487633 0.82412981511595995165 
0.99794063874052985064 0.86779576441173555956 0.04214378934778983954 
0.56688722465113960958 0.57739862501698646646 0.75046348424699638180 
0.81139140009810462040 0.32440682094826223114 0.23306969932446519600 
0.27490227153511193059 0.61486805590340254390 0.46832175721761148957 
0.39463306152796495674 0.25537610839810942487 0.67154023994322975533 
0.76434405088202184153 0.77262649536493488434 0.04523803710869622741 
0.99629800017801284362 0.99988578570213015873 0.88139822280358770534 
0.93168762389518522404 0.54165196037546547991 0.01744402279882240059 
0.81750969928478256499 0.77109230764862091156 0.06210209097770724718 
0.46388485532001699774 0.41551103600919536696 0.72461268804435374769 
0.97624960341015554199 0.63008142668535982445 0.61257192393737125435 
0.19460275417612016291 0.58507835217965431518 0.23787390001184705035 
0.29908058951937932513 0.93265820800655352407 0.50977322518188405986 
0.43677446295168098622 0.44485191496156306634 0.99776870407175333177 
0.97064160459387660573 0.84735899448750351404 0.13130911979892689878 
0.66797707122032590199 0.65040356595520587568 0.80550406313901912192 
0.59068288856972039902 0.55205270758858016045 0.75357406564536710825 
0.51484369147946407175 0.62164781813632319363 0.40985628532738149765 
0.12764207187312437419 0.12285379848030308914 0.00077526796818028210 
0.17785733234319844875 0.31595892948250337007 0.15855635353245411956 
0.31289192975022372956 0.33029881569632535410 0.43714698623380443543 
0.23868419390256234713 0.42134244403210474594 0.20396063480011172864 
0.86439717285111883349 0.37804282563750901680 0.96116652091236320921 
0.03333449267106813885 0.50627045875334020231 0.75233984346333238058 
0.24849068226271087134 0.41886455299305969113 0.80654444656588508700 
0.29491330819422123533 0.61998065257094370217 0.06006832655568339341 
0.84991258054286311641 0.66958731380377556341 0.18256892060756046980 
0.89740637922202082244 0.93850907059779165031 0.24048645258634082644 
0.14854682304560484774 0.21257832161310674657 0.52424816983622668509 
0.46438089224380418862 0.53327208547914639603 0.78828199493050177260 
0.83585800580578228924 0.59858577285944014612 0.86247478514192565946 
0.08701075408253289289 0.35127673779221679773 0.26715843262527516622 
0.89275618765885611516 0.66979425133056325059 0.74461617405759095156 
0.88924807983499287722 0.95040853168526973072 0.98567534314450822031 
0.79370872390383584438 0.19872148501521258446 0.68151091846403377694 
0.18023444664742416244 0.67672086946490384030 0.74101192794227421778 
0.46714121264085561869 0.78381710512879121389 0.07503939107210899628 
0.35664850160115091349 0.78620890245019858789 0.67651398000448303982 
0.65942586721199369926 0.29699613124007995246 0.54577443243900813918 
0.01207492284048883313 0.72259446727648390940 0.48399572299858006907 
0.24589778805854423105 0.31808978854799963010 0.00636402353283238575 
0.44044075510389135708 0.44049291891753949990 0.21834646526241674458 
0.99337345513164909683 0.35236661124311940974 0.77727976395246822783 
0.87388511475849539600 0.59547675664386834349 0.45635249301890667972 
0.24414971554686215605 0.16028076821574877009 0.26708684351331535289 
0.13195536574686950182 0.40288141512204878047 0.42847999064007269432 
0.17003644788226002227 0.98253163243724794818 0.54180867365159213200 
0.55016012960197158144 0.58940934243997600284 0.61082221665404801136 
0.63033293740810925065 0.55505069165686804489 0.45451716549273446510 
0.84628522631664337972 0.66237755745933468710 0.00424105911330197038 
0.97253714898134613343 0.00040302123487978569 0.11486230113066597802 
0.16793670877872091118 0.81520388506016749908 0.15897817916467471555 
0.70978738906530591812 0.84705219224613714779 0.97379511924998074512 
0.65345582338855101590 0.58104172769565543000 0.65265052177063487271 
0.47825122550633358820 0.74822994093869232834 0.56721654005198174353 
0.10715557937733710681 0.13268678396034405687 0.00922018073188390908 
0.44699434137822824376 0.41508001741974775989 0.07330029808599181074 
0.38638278533168501916 0.55799611554245820422 0.27587277333813475799 
0.43868430350737042112 0.02606969141748494145 0.14570629810460533626 
0.69333372744704635515 0.29518373565101607703 0.00988284898961455660 
0.49694457859789165077 0.62931084059743169767 0.32938100682465942803 
0.71219214814646769618 0.21385807305752657648 0.63939272029129079478 
0.74831182663478457151 0.76446664650093532067 0.47293752119816656609 
0.95184508206903228889 0.68837362676341906642 0.94370418285927670787 
0.82536666478844922246 0.43090532360101252429 0.47533695602617753728 
0.21711486430079607324 0.65181017940993934978 0.80616784036307742589 
0.95131868516203144104 0.54628293459568344481 0.15417354779068204174 
0.43273259516092932309 0.75960076483861249663 0.99864681205515570817 
0.34644128400561613468 0.50775186733140542650 0.57740577339725152051 
0.30601797293329124905 0.95961685316831135673 0.93357579345069541255 
0.68585399324839912971 0.13155288517967167472 0.06772371524176601376 
0.64340463378412260376 0.09700974363329328831 0.70705755291872818269 
0.31079575152354288470 0.45408762750302433808 0.59723936279417721984 
0.88010185487956138495 0.00261260768690863010 0.62521568130531668395 
0.68998647040739258252 0.32838073571615278290 0.27654507193841992851 
0.83555678823707846270 0.82962135665809122465 0.38941286108338091232 
0.16244387727687814582 0.35551475758026973573 0.65737974888438821530 
0.65333794930374877730 0.51340606340286076836 0.27559146724507832538 
0.54544051817117877867 0.99828209335614892517 0.98939743907844079907 
0.67707883643239274996 0.52501287387131934103 0.29601021163830210092 
0.75123370922503363012 0.09339779498953659775 0.52514365751580549535 
0.19046280452696628949 0.50250396210751824277 0.54001201109651586485 
0.61543285084980170474 0.22751435997003466305 0.87526802421518890007 
0.24442342753274526324 0.53969306107308567810 0.45820787352793757030 
0.05595214133171544368 0.26533003203012595073 0.56133306833331197971 
0.17974645475407613482 0.70501100165349384064 0.98832637953338342562 
0.86454282544517746523 0.86027816422318958978 0.39237191883488731214 
0.61096371692103335072 0.67125063265002471447 0.15647106538252741892 
0.65286881510101335557 0.23217009738772165228 0.94656508690367657799 
0.72523879396137203024 0.60826302146890331990 0.11082617364215940903 
0.10713917238951720101 0.70413047886276225462 0.83443633346173107235 
0.20882788381945549538 0.13167906762137415733 0.48257702306975480688 
0.52755177016993726191 0.03400028526742970847 0.10528024183081918785 
0.44370198301493002369 0.27042743436107286037 0.53182928659512485048 
0.33356191658344713780 0.69947348360235017672 0.84981834715020387883 
0.09966749252826478944 0.10883125032816098887 0.28463408672619094908 
0.74045840318746480868 0.29032073015142834116 0.34335860214727920159 
0.56599930294300926370 0.77774415880388869660 0.74854405827628611725 
0.18632261767779056960 0.77145725034689971444 0.47835192186241282108 
0.97204993473916467828 0.55065251220691302514 0.88745943088766598983 
0.05479953414339822082 0.75300107729895615627 0.34291086226170164331 
0.09292329319364545093 0.24624125761921678013 0.97159936568255189648 
0.65673942984451794125 0.46872808558667977685 0.40594272181101387353 
0.15693921696556389911 0.43561078042674661326 0.33066429687769738344 
0.76363546508019841674 0.06947707814701975515 0.37446563493886197982 
0.71947744509920696920 0.41530116312174558679 0.14873272662323677729 
0.01905319230094693062 0.09120381724591974937 0.57023913043540264134 
0.00914954644121368510 0.67559443010178532596 0.63053274299423933691 
0.51634839231141049787 0.40860705544962860891 0.47098014501606688675 
0.07713970284091797858 0.47503457381910840773 0.68142932086146124071 
0.96345318223668408031 0.52638233752218366313 0.37142522535048461130 
0.31561562589234859466 0.15439592443460159465 0.71009715426399178106 
0.33681298462363140622 0.36644712561122161354 0.70632054662461807304 
0.85709911543742856033 0.74825073876896630587 0.29868472851548300007 
0.94759878138797737357 0.71996309388648715988 0.11702964060861043016 
0.58445160975493437583 0.84247681883118086255 0.44825926299107021755 
0.63936704097505248079 0.55127995878840940769 0.44917869875082261366 
0.96469202801753373144 0.95064192607722053374 0.20117282879699094345 
0.55294108124357399525 0.57435871675056637820 0.81623958063691115505 
0.56528830355478931757 0.98563362651059027719 0.89395458710912589773 
0.52532686474602718896 0.84712471863284410922 0.17023559670285837164 
0.79321456877449914025 0.15038034886001727664 0.24194646746059755849 
0.27624257528597584432 0.40366625284115564831 0.72363665423636169827 
0.45663900513804267511 0.37879331645790359495 0.64773681330932686429 
0.96015208283060649030 0.86058476484138890505 0.29643832189231189567 
0.50499622367110563737 0.61963607444320678574 0.94248361436356664633 
0.14501063311047945881 0.30730830637954276163 0.27633407205303961440 
0.87130357030671645724 0.37875393182895211730 0.54540875010480349694 
0.94796891101337554808 0.33438629329103419785 0.53449064001625612441 
0.09551499900218796135 0.58465396356894916430 0.10671559454804557809 
0.67440834726815768185 0.42828800922710841270 0.07633258725607006134 
0.87922443729375543420 0.60910189252262614268 0.01048504663996374653 
0.86499221908276635595 0.24832649976962462013 0.36271650554786183385 
0.10988310710780857526 0.07678415080187250830 0.19036620954461258570 
0.13112514197528191140 0.10994303933521121230 0.79161000530571201672 
0.67698391214846664887 0.15700792455051693075 0.47584594135689362027 
0.17350777137163730934 0.36956047164332450627 0.59714937436756687639 
0.91116131896556207259 0.44321574785917561279 0.79995605945707848328 
0.22164459871379915690 0.83223685751231202268 0.75276130582525646595 
0.91226017209751941728 0.23201979174243159143 0.19640518458141431601 
0.08705028124003066914 0.98265529584287514275 0.48812899811302101760 
0.81729044255991856183 0.63950963975064589739 0.89621016360976057946 
0.31434944716306323365 0.72233823146582198937 0.55296082194782347763 
0.50871944909642130561 0.12888877269422782668 0.32747755081851726011 
0.57818634964293402767 0.43203522676365513355 0.35358915408724134188 
0.64536294851944142614 0.06357138849246912748 0.75977730584845093453 
0.16187798375794426597 0.66268578800172561749 0.40629458814074337347 
0.13221174399373736286 0.47803456208924122173 0.67142717172014543259 
0.41220486961096125533 0.30500478239372053046 0.20031437986190980816 
0.28436779423128233368 0.36040645094063283871 0.88537759076807964753 
0.73913917672398876668 0.52289218683540616972 0.34478536022818651041 
0.74765797231192032690 0.00249956228485426202 0.53959853474787178307 
0.19305291557519299595 0.73993744008649842137 0.88029700602263027953 
0.17969711357208528746 0.53461130579727966783 0.02689735214591304491 
0.32143147351896383945 0.73126692363395551233 0.16502348171201330906 
0.96170650535963697614 0.60297209160307185805 0.79376624893189773324 
0.07316695170207299093 0.83770679659021962671 0.14529997963424556850 
0.50746083784988615939 0.57711147023604847384 0.87435076376040066215 
0.66180696749025424985 0.42643379950844706450 0.80278014496609828576 
0.22496067145715614721 0.68288899800795088701 0.87390451291340531803 
0.74815099837505960600 0.56416778577277360007 0.15132988918074041784 
0.67126836072610474027 0.16130188527142652610 0.73279928105799219118 
0.87970169884388371706 0.75708017450691600381 0.29615687825526815224 
0.63988477516875907902 0.75439291156933241389 0.51196079621050549768 
0.70832871357737503537 0.20133898179218223667 0.24700781090201462398 
0.33295898045059968418 0.68413651086835725046 0.49146794096509505145 
0.19585952114489191267 0.62437915872556470909 0.99833530740547415938 
0.46909801801818384881 0.40799729975138920857 0.99012789652521626671 
0.02653005549009557207 0.82570851986790816390 0.54659108713702297955 
0.33560724949780040838 0.93150846991472913139 0.29734446853562057633 
0.25892029557468654311 0.90808039504469495462 0.08156391879607993722 
0.33959906239624992885 0.13173106491991304345 0.11449016574555037629 
0.70896430671110288735 0.18451637819821598008 0.85816589686861477482 
0.08665736391089073898 0.38457113903825956847 0.90170264238388297962 
0.69739438790511321109 0.73633433736266407088 0.66904905706957884526 
0.11472206828653486177 0.26964321817634728795 0.51146585702463887024 
0.06199489191957208156 0.38803910954709119885 0.59992487324865995113 
0.27204939737541766753 0.52527079100559403990 0.98668022811749600542 
0.98347779770004373212 0.65594880919210996062 0.80329849176000212019 
0.62321555230456193719 0.61197995746369815429 0.82620891464093504375 
0.79962537337957173555 0.14292981068087340368 0.82535088045913362897 
0.01194238850800366514 0.25260585216467412728 0.87365143525969579663 
0.26526464808309291321 0.36840135295106368751 0.20045650529953573660 
0.97793104558316357178 0.89373325118176105697 0.63705212589408000134 
0.74841381662603256864 0.99704637637258586302 0.16201442544079402985 
0.58915525240830990406 0.55241551783651243746 0.88136933144919216154 
0.58040474766464789091 0.08016211859388255867 0.51118667985002175236 
0.15872536487020627582 0.79344840847458786293 0.18135089074741128634 
0.92521419446430308575 0.06632178435706914676 0.12575660123137777369 
0.51908689873535762693 0.89147151483703823693 0.66117822261606185030 
0.32217164643078732844 0.51121707736748489559 0.07845677318414145951 
0.69902048741696654055 0.16941236789246461036 0.73703475743953084098 
0.30487963186881006372 0.25940152078174816275 0.67082089735875238823 
0.59243292195257590826 0.20377989337503810141 0.81106038544953995562 
0.18645028360696680458 0.97775910522868181296 0.96489902035295860294 
0.29452356560996428847 0.90143652459995915471 0.72751490275464125723 
0.32731102841564507777 0.79209352389914822190 0.07488143180877737670 
0.38790262114616269606 0.65656405152365349132 0.52771785467192677821 
0.50444874566640263147 0.12282168750575173100 0.37691127173613536705 
0.24866797033495413594 0.42024274683836915223 0.43896053793946543387 
0.88546251010653542757 0.98675319180794640594 0.81741539834353793559 
0.50462656309476927596 0.14411910499383551176 0.91333777360163703740 
0.92920863287229615857 0.39553277931675911994 0.37627390335380161979 
0.16464614646401209974 0.14769340941783659638 0.46510284443770166796 
0.19499598510651705574 0.38429644694468279020 0.17460517854855939213 
0.83233524565259364714 0.40405100471678090379 0.42615492826162237883 
0.82519490015965391017 0.24556164620560871903 0.87749134200363232416 
0.78722866624631460120 0.11040069052277856620 0.03859030884969860686 
0.92074387750359565352 0.34951324496740521219 0.48625121912828395132 
0.90641497106982149568 0.93704277158412963011 0.40021472179025319171 
0.28898323624040433977 0.62535949616110264593 0.59201282232653018589 
0.90620687258299503775 0.16424571660038522758 0.36384406076078845693 
0.93516134280677865043 0.39201954219457113560 0.54097395542370008137 
0.50935367573571954658 0.71855370843127031044 0.24780149893211089740 
0.00160659130537443851 0.18890750896393382341 0.30485558350453900722 
0.52437659572659822693 0.50444917518047582838 0.64746613321568591282 
0.83461625626253721499 0.48169017791122148431 0.60563611055116539639 
0.06004850191075505883 0.55833305071221572824 0.74918692954267185335 
0.78076446639592345100 0.41122844300387817462 0.53083670568280028057 
0.89608463247132630336 0.85767953230242999219 0.20990481657519866054 
0.54375641959635001577 0.66599100612362005513 0.06633518213045541678 
0.18285787479716986148 0.35468623508179919490 0.20899418604002106825 
0.83511955856275998933 0.21221495775435683662 0.60600657132726154508 
0.74989013982187269214 0.07174836651994520587 0.44033952727875980138 
0.23418680891040133396 0.44863221198823954872 0.39982660147396642536 
0.33039449926153596770 0.59444774556358104256 0.42044850084610030372 
0.03207414649587003730 0.69851511084689188458 0.47264334820254583214 
0.96467777041979174690 0.88321287314964558313 0.23336204441064478665 
0.17774299356386369375 0.28368679877558444780 0.35310980723037688200 
0.39709866004271376916 0.75868195714501296401 0.18383998332998019443 
0.82181038317395826986 0.44733849030487049525 0.54454401540644004065 
0.30478451490636015997 0.75453917717873397741 0.00667734443662282295 
0.66125497549826683930 0.42106284726491582937 0.04569725215195608037 
0.99867161797492465247 0.59525100541416553490 0.24843848081375052850 
0.00129978901067251407 0.00559802938046494170 0.31712226177131364047 
0.65491024873575320875 0.88677043611687556002 0.08162085937967522575 
0.71635902115828131720 0.51421020806637574019 0.79831893880273452346 
0.64139855110709631525 0.01234529102687420554 0.24116019179067449407 
0.40090437626291319795 0.86465546927797309884 0.87420834754358733854 
0.38235146005328846108 0.72399444539260637832 0.85356730931583313371 
0.57793557211698742826 0.04632530739903306660 0.29095206853233102073 
0.78006914957290507395 0.44881110387797185091 0.98207139449477254267 
0.12630635270852219598 0.31882219893449259551 0.24432152979141785742 
0.25145468762569289645 0.13988813209753803157 0.13498171992791907492 
0.64733202688940916225 0.94492766773475822539 0.20494345195372321022 
0.96495387266657162151 0.59250707833089966137 0.10212841779056236469 
0.76674961269912489392 0.21867686883220360805 0.58010079262450608972 
0.13683434448544029571 0.55763755549750659846 0.41050912150001583889 
0.44116681591501971660 0.78865529277021173549 0.79193102951688110203 
0.76619441914781449832 0.04278031088107492330 0.01098520498168498172 
0.94155624260867720743 0.62067539783278147247 0.81260094545944361322 
0.43810058849332844666 0.23081632965685883185 0.20891242296707424053 
0.64462707941432806358 0.40601213578016426275 0.76509213161285249960 
0.63555602723554094347 0.81055643337447613739 0.04276108016032620363 
0.96188386350497556698 0.58299291729947388951 0.31849289563381089074 
0.15277487847959325684 0.85697556704164479235 0.08756904557109757015 
0.74616586489253422521 0.59607808419272001466 0.51993794239928248224 
0.91193228043791196846 0.40526204704593582484 0.13912873102364620159 
0.09017007896507345244 0.21428124197929077077 0.27901884008026134332 
0.15337687491211160484 0.55464272068240982883 0.21874064948537008668 
0.99019695402003038431 0.06400440770721105288 0.61284455569267692887 
0.12756190595004324173 0.53100391366904431401 0.10780085907151426561 
0.26091886173822609329 0.03887952569787445078 0.20550759417200770152 
0.03508862418801439453 0.28704840869362890921 0.47366244925081324446 
0.10947470767905476130 0.04652512830112498499 0.55946179896857306524 
0.32055687990994363723 0.75033138946086608279 0.21784800505344237287 
0.25266055982698376603 0.80680706043647254511 0.52805266342992163153 
0.70128504185121109948 0.69282111671722712565 0.03797623339294120548 
0.86874015742745425150 0.42756171609762883001 0.18908499767685627013 
0.38372289463243114405 0.28264101341429426206 0.52573323689944762016 
0.21669095216106248891 0.70990841143918381739 0.16258026313268891805 
0.07724978653976211085 0.07100460780024087093 0.06273712244804419136 
0.26941546786115533330 0.90055292162758937557 0.47672081206241512241 
0.89779878137306190489 0.42877844229808315113 0.74412920693003159478 
0.82401781275745711319 0.45946815232616056157 0.91676316870277596571 
0.99807586267839121241 0.18041029299666999641 0.67617081134037326784 
0.90469316443700997787 0.69735071987913088698 0.84549642758366849726 
0.18217038989437051022 0.40756224396029261392 0.32422104825737751987 
0.56791176446087354712 0.83337094557663182748 0.52095964830897156794 
0.55732389908039547954 0.89058852074432848234 0.04400453537674642313 
0.21833704629821037990 0.85705043405702086012 0.35110134851795371524 
0.81546548362963844347 
generated randoms [1, 2)
1.78522220224764516239 1.51221537804588668230 1.68355349029104028880 
1.80474431522059663990 1.96924598992005206455 1.64292224271506626110 
1.44236888836802235048 1.30204241828303213246 1.57903973880459336243 
1.37940186160228139833 1.46108553164155963167 1.13127618562097143062 
1.35726425127456873376 1.94896020733528696489 1.50115218337009426186 
1.70874056336137636336 1.61609144769899981675 1.89837838585807472391 
1.60621257217882118518 1.35941656655298759304 1.22144812949215197939 
1.18381874194927716459 1.31802082272339338154 1.81773961752244028744 
1.51544811557226033472 1.52920144583523098802 1.82550105051535083156 
1.45532956067177221549 1.61522317120796521372 1.43712748869113760009 
1.62872769322105126477 1.13719874734077164291 1.74966453410448008476 
1.88870172509127476346 1.31857026467617610699 1.04891698946147426952 
1.11056160834275052807 1.88779439407716820298 1.87855122024432663608 
1.10879824386103975620 1.21627860004805166128 1.39796343600464423318 
1.71073583137364981788 1.24488101519444560594 1.18784593987260533865 
1.35841981107080522762 1.84309683980636940248 1.65911471654378894769 
1.08012618044056862843 1.08146579246546292730 1.92372969704872098795 
1.42356327669998394825 1.33028787703478701410 1.15442644240681180356 
1.78284881571350073415 1.12120091877265237734 1.49333820063113043020 
1.44532025765685867569 1.96431611157092489428 1.10402946089082498737 
1.57956292726656744030 1.28027334361484945724 1.27615475646953924205 
1.82029840303633361209 1.61465338111905087892 1.83527326869348028637 
1.20016042041610071500 1.21346309477670111221 1.59045443693187049661 
1.52256815181348836852 1.33310711180491914263 1.51926763668629405402 
1.08024823434892369711 1.59239794319999239391 1.76883146692762749375 
1.87771724115417271150 1.46150097215616803226 1.71250031411585723617 
1.57853701278418245835 1.49683397021296982210 1.97246796023862458469 
1.52850615087421171090 1.04008150084673522962 1.99192805411149964634 
1.76838762355621392786 1.50517563994120995297 1.68640229456869605862 
1.32735766188848214320 1.24493726349573674561 1.32266282390764544630 
1.52956927847241686003 1.61360335046772451761 1.59649626248749432200 
1.15889758330342185211 1.05926113399495758216 1.98216316897069555480 
1.42522161064575669798 1.71162452403232667741 1.57537751096127665029 
1.81759375688027424722 1.18190973189345061023 1.93486070667895271313 
1.59798064290517416453 1.37876798913240539157 1.81835304482961013228 
1.28787173928831411018 1.42997039634831191179 1.34616682183505420589 
1.19946841782217594741 1.73557381343524741446 1.83692997396258972387 
1.09196694241326430763 1.18514726510530943315 1.63919211173257672876 
1.44790060231046591177 1.26468814133920282039 1.74444814477193044233 
1.92188787130627525279 1.28146694139274508473 1.20565069365906940568 
1.73718664828603119865 1.92372164711727355879 1.56377730157939165423 
1.46666852426318050640 1.51303955737318562846 1.36864730208658613719 
1.03296890070256774941 1.28356294717109564729 1.90889979332112091903 
1.73647525673521396783 1.31823147902481285776 1.39365432103451047929 
1.78530346840103337769 1.09464260032055671346 1.35099312348882238943 
1.80213936354682524588 1.25351091605343833990 1.68556814462604065419 
1.04831925182490914850 1.88095738844032744908 1.77443915062458246190 
1.59867399520486030973 1.64593169588675469761 1.56340373703743140688 
1.50426762837729555145 1.58433718528340006237 1.03006965832956587370 
1.19562276345987483772 1.69936323357851160054 1.53590437841663174368 
1.50517577589263118476 1.54624387787765082969 1.18700876423948109561 
1.42175409407959985053 1.65184555098733487633 1.82412981511595972961 
1.99794063874052962859 1.86779576441173533752 1.04214378934778983954 
1.56688722465113938753 1.57739862501698646646 1.75046348424699615975 
1.81139140009810439835 1.32440682094826200910 1.23306969932446497396 
1.27490227153511193059 1.61486805590340232186 1.46832175721761148957 
1.39463306152796473469 1.25537610839810920282 1.67154023994322953328 
1.76434405088202184153 1.77262649536493488434 1.04523803710869622741 
1.99629800017801262157 1.99988578570213015873 1.88139822280358748330 
1.93168762389518522404 1.54165196037546525787 1.01744402279882217854 
1.81750969928478256499 1.77109230764862068952 1.06210209097770702513 
1.46388485532001677569 1.41551103600919514491 1.72461268804435352564 
1.97624960341015531995 1.63008142668535982445 1.61257192393737125435 
1.19460275417611994087 1.58507835217965409313 1.23787390001184682831 
1.29908058951937910308 1.93265820800655330203 1.50977322518188405986 
1.43677446295168076418 1.44485191496156284430 1.99776870407175333177 
1.97064160459387660573 1.84735899448750351404 1.13130911979892667674 
1.66797707122032590199 1.65040356595520587568 1.80550406313901889988 
1.59068288856972017697 1.55205270758857993840 1.75357406564536688620 
1.51484369147946384970 1.62164781813632319363 1.40985628532738149765 
1.12764207187312437419 1.12285379848030308914 1.00077526796818006005 
1.17785733234319844875 1.31595892948250337007 1.15855635353245411956 
1.31289192975022350751 1.33029881569632535410 1.43714698623380443543 
1.23868419390256212509 1.42134244403210474594 1.20396063480011150659 
1.86439717285111883349 1.37804282563750901680 1.96116652091236320921 
1.03333449267106791680 1.50627045875334020231 1.75233984346333238058 
1.24849068226271087134 1.41886455299305969113 1.80654444656588508700 
1.29491330819422123533 1.61998065257094348013 1.06006832655568339341 
1.84991258054286289436 1.66958731380377556341 1.18256892060756046980 
1.89740637922202082244 1.93850907059779142827 1.24048645258634082644 
1.14854682304560484774 1.21257832161310674657 1.52424816983622668509 
1.46438089224380396658 1.53327208547914617398 1.78828199493050155056 
1.83585800580578228924 1.59858577285944014612 1.86247478514192543742 
1.08701075408253267085 1.35127673779221679773 1.26715843262527516622 
1.89275618765885611516 1.66979425133056302855 1.74461617405759072952 
1.88924807983499287722 1.95040853168526973072 1.98567534314450799826 
1.79370872390383584438 1.19872148501521258446 1.68151091846403355490 
1.18023444664742416244 1.67672086946490361825 1.74101192794227421778 
1.46714121264085561869 1.78381710512879121389 1.07503939107210877424 
1.35664850160115069144 1.78620890245019836584 1.67651398000448281778 
1.65942586721199369926 1.29699613124007995246 1.54577443243900791714 
1.01207492284048861109 1.72259446727648390940 1.48399572299858006907 
1.24589778805854423105 1.31808978854799940805 1.00636402353283238575 
1.44044075510389113504 1.44049291891753927786 1.21834646526241652253 
1.99337345513164909683 1.35236661124311918769 1.77727976395246822783 
1.87388511475849517396 1.59547675664386834349 1.45635249301890667972 
1.24414971554686215605 1.16028076821574854804 1.26708684351331535289 
1.13195536574686927977 1.40288141512204878047 1.42847999064007269432 
1.17003644788225980022 1.98253163243724772613 1.54180867365159190996 
1.55016012960197158144 1.58940934243997600284 1.61082221665404778932 
1.63033293740810925065 1.55505069165686782284 1.45451716549273424306 
1.84628522631664315767 1.66237755745933446505 1.00424105911330197038 
1.97253714898134591138 1.00040302123487978569 1.11486230113066597802 
1.16793670877872068914 1.81520388506016749908 1.15897817916467449351 
1.70978738906530569608 1.84705219224613714779 1.97379511924998052308 
1.65345582338855079385 1.58104172769565543000 1.65265052177063465066 
1.47825122550633336616 1.74822994093869232834 1.56721654005198174353 
1.10715557937733710681 1.13268678396034383482 1.00922018073188368703 
1.44699434137822824376 1.41508001741974753784 1.07330029808599181074 
1.38638278533168501916 1.55799611554245798217 1.27587277333813453595 
1.43868430350737019907 1.02606969141748494145 1.14570629810460511422 
1.69333372744704613311 1.29518373565101607703 1.00988284898961455660 
1.49694457859789165077 1.62931084059743147563 1.32938100682465942803 
1.71219214814646769618 1.21385807305752635443 1.63939272029129057273 
1.74831182663478457151 1.76446664650093532067 1.47293752119816656609 
1.95184508206903228889 1.68837362676341884438 1.94370418285927648583 
1.82536666478844900041 1.43090532360101230225 1.47533695602617753728 
1.21711486430079585119 1.65181017940993934978 1.80616784036307720385 
1.95131868516203144104 1.54628293459568344481 1.15417354779068181969 
1.43273259516092910104 1.75960076483861249663 1.99864681205515570817 
1.34644128400561613468 1.50775186733140542650 1.57740577339725129846 
1.30601797293329124905 1.95961685316831135673 1.93357579345069541255 
1.68585399324839912971 1.13155288517967167472 1.06772371524176601376 
1.64340463378412260376 1.09700974363329306627 1.70705755291872818269 
1.31079575152354288470 1.45408762750302411604 1.59723936279417721984 
1.88010185487956116290 1.00261260768690863010 1.62521568130531646190 
1.68998647040739236047 1.32838073571615256085 1.27654507193841992851 
1.83555678823707824066 1.82962135665809100260 1.38941286108338069027 
1.16244387727687814582 1.35551475758026973573 1.65737974888438799326 
1.65333794930374855525 1.51340606340286076836 1.27559146724507810333 
1.54544051817117877867 1.99828209335614892517 1.98939743907844079907 
1.67707883643239274996 1.52501287387131934103 1.29601021163830187888 
1.75123370922503340807 1.09339779498953637571 1.52514365751580527331 
1.19046280452696628949 1.50250396210751824277 1.54001201109651564281 
1.61543285084980148270 1.22751435997003444101 1.87526802421518890007 
1.24442342753274526324 1.53969306107308545606 1.45820787352793734826 
1.05595214133171544368 1.26533003203012595073 1.56133306833331175767 
1.17974645475407591277 1.70501100165349384064 1.98832637953338320358 
1.86454282544517746523 1.86027816422318936773 1.39237191883488709010 
1.61096371692103335072 1.67125063265002449242 1.15647106538252741892 
1.65286881510101335557 1.23217009738772143024 1.94656508690367657799 
1.72523879396137180819 1.60826302146890331990 1.11082617364215940903 
1.10713917238951697897 1.70413047886276203258 1.83443633346173107235 
1.20882788381945549538 1.13167906762137393528 1.48257702306975480688 
1.52755177016993703987 1.03400028526742948642 1.10528024183081918785 
1.44370198301493002369 1.27042743436107286037 1.53182928659512462843 
1.33356191658344691575 1.69947348360235017672 1.84981834715020387883 
1.09966749252826478944 1.10883125032816098887 1.28463408672619094908 
1.74045840318746480868 1.29032073015142834116 1.34335860214727920159 
1.56599930294300904166 1.77774415880388847455 1.74854405827628611725 
1.18632261767779034756 1.77145725034689971444 1.47835192186241282108 
1.97204993473916445623 1.55065251220691302514 1.88745943088766576778 
1.05479953414339822082 1.75300107729895593422 1.34291086226170164331 
1.09292329319364522888 1.24624125761921655808 1.97159936568255189648 
1.65673942984451771920 1.46872808558667955481 1.40594272181101387353 
1.15693921696556389911 1.43561078042674661326 1.33066429687769738344 
1.76363546508019819470 1.06947707814701975515 1.37446563493886175777 
1.71947744509920696920 1.41530116312174536475 1.14873272662323677729 
1.01905319230094670857 1.09120381724591974937 1.57023913043540241929 
1.00914954644121368510 1.67559443010178532596 1.63053274299423933691 
1.51634839231141049787 1.40860705544962838687 1.47098014501606688675 
1.07713970284091775653 1.47503457381910818569 1.68142932086146101867 
1.96345318223668385826 1.52638233752218344108 1.37142522535048438925 
1.31561562589234859466 1.15439592443460137261 1.71009715426399155902 
1.33681298462363140622 1.36644712561122139149 1.70632054662461807304 
1.85709911543742833828 1.74825073876896630587 1.29868472851548300007 
1.94759878138797737357 1.71996309388648715988 1.11702964060861020812 
1.58445160975493437583 1.84247681883118064050 1.44825926299106999551 
1.63936704097505225874 1.55127995878840918564 1.44917869875082239162 
1.96469202801753350940 1.95064192607722031170 1.20117282879699094345 
1.55294108124357377321 1.57435871675056615615 1.81623958063691115505 
1.56528830355478931757 1.98563362651059005515 1.89395458710912567568 
1.52532686474602696691 1.84712471863284388718 1.17023559670285837164 
1.79321456877449914025 1.15038034886001705459 1.24194646746059755849 
1.27624257528597584432 1.40366625284115564831 1.72363665423636169827 
1.45663900513804245307 1.37879331645790359495 1.64773681330932664224 
1.96015208283060649030 1.86058476484138868301 1.29643832189231189567 
1.50499622367110563737 1.61963607444320678574 1.94248361436356642429 
1.14501063311047945881 1.30730830637954276163 1.27633407205303961440 
1.87130357030671623519 1.37875393182895211730 1.54540875010480349694 
1.94796891101337532604 1.33438629329103397581 1.53449064001625590237 
1.09551499900218796135 1.58465396356894916430 1.10671559454804535605 
1.67440834726815768185 1.42828800922710819066 1.07633258725606983930 
1.87922443729375521215 1.60910189252262614268 1.01048504663996352448 
1.86499221908276613391 1.24832649976962439808 1.36271650554786161180 
1.10988310710780857526 1.07678415080187250830 1.19036620954461258570 
1.13112514197528191140 1.10994303933521121230 1.79161000530571179468 
1.67698391214846664887 1.15700792455051693075 1.47584594135689339822 
1.17350777137163730934 1.36956047164332428423 1.59714937436756665434 
1.91116131896556207259 1.44321574785917539074 1.79995605945707848328 
1.22164459871379915690 1.83223685751231202268 1.75276130582525646595 
1.91226017209751919523 1.23201979174243159143 1.19640518458141409397 
1.08705028124003066914 1.98265529584287514275 1.48812899811302101760 
1.81729044255991833978 1.63950963975064589739 1.89621016360976035742 
1.31434944716306301160 1.72233823146582198937 1.55296082194782347763 
1.50871944909642108357 1.12888877269422782668 1.32747755081851703807 
1.57818634964293380563 1.43203522676365491151 1.35358915408724134188 
1.64536294851944120410 1.06357138849246890544 1.75977730584845093453 
1.16187798375794404393 1.66268578800172561749 1.40629458814074315143 
1.13221174399373736286 1.47803456208924099968 1.67142717172014543259 
1.41220486961096125533 1.30500478239372030842 1.20031437986190958611 
1.28436779423128211164 1.36040645094063261666 1.88537759076807964753 
1.73913917672398876668 1.52289218683540594768 1.34478536022818651041 
1.74765797231192032690 1.00249956228485403997 1.53959853474787178307 
1.19305291557519299595 1.73993744008649819932 1.88029700602263027953 
1.17969711357208506541 1.53461130579727944578 1.02689735214591304491 
1.32143147351896361741 1.73126692363395551233 1.16502348171201330906 
1.96170650535963675409 1.60297209160307163600 1.79376624893189773324 
1.07316695170207299093 1.83770679659021962671 1.14529997963424534646 
1.50746083784988615939 1.57711147023604825179 1.87435076376040044011 
1.66180696749025402781 1.42643379950844706450 1.80278014496609828576 
1.22496067145715614721 1.68288899800795088701 1.87390451291340509599 
1.74815099837505960600 1.56416778577277337803 1.15132988918074041784 
1.67126836072610451822 1.16130188527142652610 1.73279928105799219118 
1.87970169884388371706 1.75708017450691600381 1.29615687825526793020 
1.63988477516875907902 1.75439291156933241389 1.51196079621050549768 
1.70832871357737481333 1.20133898179218201463 1.24700781090201440193 
1.33295898045059968418 1.68413651086835725046 1.49146794096509505145 
1.19585952114489191267 1.62437915872556448704 1.99833530740547415938 
1.46909801801818384881 1.40799729975138898652 1.99012789652521626671 
1.02653005549009557207 1.82570851986790794186 1.54659108713702275750 
1.33560724949780040838 1.93150846991472913139 1.29734446853562035429 
1.25892029557468654311 1.90808039504469495462 1.08156391879607971518 
1.33959906239624970681 1.13173106491991282141 1.11449016574555037629 
1.70896430671110266530 1.18451637819821598008 1.85816589686861455277 
1.08665736391089051693 1.38457113903825934642 1.90170264238388275757 
1.69739438790511298905 1.73633433736266384884 1.66904905706957884526 
1.11472206828653463973 1.26964321817634706591 1.51146585702463864820 
1.06199489191957185952 1.38803910954709097680 1.59992487324865972909 
1.27204939737541766753 1.52527079100559381786 1.98668022811749600542 
1.98347779770004373212 1.65594880919210996062 1.80329849176000212019 
1.62321555230456193719 1.61197995746369793224 1.82620891464093504375 
1.79962537337957173555 1.14292981068087340368 1.82535088045913362897 
1.01194238850800344309 1.25260585216467412728 1.87365143525969557459 
1.26526464808309291321 1.36840135295106368751 1.20045650529953551455 
1.97793104558316357178 1.89373325118176083492 1.63705212589407977930 
1.74841381662603234659 1.99704637637258586302 1.16201442544079380781 
1.58915525240830968201 1.55241551783651243746 1.88136933144919216154 
1.58040474766464766887 1.08016211859388255867 1.51118667985002175236 
1.15872536487020627582 1.79344840847458764088 1.18135089074741106430 
1.92521419446430308575 1.06632178435706892472 1.12575660123137755164 
1.51908689873535762693 1.89147151483703801489 1.66117822261606162826 
1.32217164643078710640 1.51121707736748467354 1.07845677318414145951 
1.69902048741696654055 1.16941236789246438832 1.73703475743953084098 
1.30487963186880984168 1.25940152078174816275 1.67082089735875216618 
1.59243292195257590826 1.20377989337503810141 1.81106038544953995562 
1.18645028360696680458 1.97775910522868159092 1.96489902035295838090 
1.29452356560996428847 1.90143652459995893267 1.72751490275464125723 
1.32731102841564485573 1.79209352389914799986 1.07488143180877737670 
1.38790262114616269606 1.65656405152365326927 1.52771785467192677821 
1.50444874566640240943 1.12282168750575173100 1.37691127173613536705 
1.24866797033495391389 1.42024274683836893018 1.43896053793946543387 
1.88546251010653520552 1.98675319180794618390 1.81741539834353793559 
1.50462656309476905392 1.14411910499383551176 1.91333777360163681536 
1.92920863287229593652 1.39553277931675889789 1.37627390335380139774 
1.16464614646401187770 1.14769340941783637433 1.46510284443770144591 
1.19499598510651705574 1.38429644694468279020 1.17460517854855939213 
1.83233524565259342509 1.40405100471678090379 1.42615492826162215678 
1.82519490015965368812 1.24556164620560871903 1.87749134200363232416 
1.78722866624631460120 1.11040069052277856620 1.03859030884969860686 
1.92074387750359543148 1.34951324496740521219 1.48625121912828395132 
1.90641497106982149568 1.93704277158412940807 1.40021472179025296967 
1.28898323624040433977 1.62535949616110242388 1.59201282232653018589 
1.90620687258299503775 1.16424571660038522758 1.36384406076078823489 
1.93516134280677865043 1.39201954219457091355 1.54097395542369985932 
1.50935367573571954658 1.71855370843127008840 1.24780149893211089740 
1.00160659130537443851 1.18890750896393360136 1.30485558350453878518 
1.52437659572659822693 1.50444917518047560634 1.64746613321568591282 
1.83461625626253721499 1.48169017791122148431 1.60563611055116539639 
1.06004850191075483679 1.55833305071221572824 1.74918692954267185335 
1.78076446639592322896 1.41122844300387795258 1.53083670568280005853 
1.89608463247132608132 1.85767953230242977014 1.20990481657519866054 
1.54375641959635001577 1.66599100612362005513 1.06633518213045519474 
1.18285787479716963944 1.35468623508179897286 1.20899418604002106825 
1.83511955856275998933 1.21221495775435661457 1.60600657132726132303 
1.74989013982187269214 1.07174836651994520587 1.44033952727875980138 
1.23418680891040133396 1.44863221198823954872 1.39982660147396642536 
1.33039449926153574566 1.59444774556358104256 1.42044850084610030372 
1.03207414649587003730 1.69851511084689188458 1.47264334820254583214 
1.96467777041979152486 1.88321287314964536108 1.23336204441064456461 
1.17774299356386369375 1.28368679877558422575 1.35310980723037688200 
1.39709866004271376916 1.75868195714501296401 1.18383998332997997238 
1.82181038317395804782 1.44733849030487049525 1.54454401540643981861 
1.30478451490635993792 1.75453917717873397741 1.00667734443662260091 
1.66125497549826683930 1.42106284726491560733 1.04569725215195608037 
1.99867161797492465247 1.59525100541416531286 1.24843848081375052850 
1.00129978901067251407 1.00559802938046494170 1.31712226177131341842 
1.65491024873575320875 1.88677043611687556002 1.08162085937967500371 
1.71635902115828109515 1.51421020806637551814 1.79831893880273430142 
1.64139855110709609320 1.01234529102687398350 1.24116019179067427203 
1.40090437626291319795 1.86465546927797309884 1.87420834754358711649 
1.38235146005328823904 1.72399444539260615628 1.85356730931583313371 
1.57793557211698742826 1.04632530739903306660 1.29095206853233079869 
1.78006914957290485191 1.44881110387797185091 1.98207139449477232063 
1.12630635270852197394 1.31882219893449237347 1.24432152979141763538 
1.25145468762569267440 1.13988813209753803157 1.13498171992791885287 
1.64733202688940916225 1.94492766773475800335 1.20494345195372298818 
1.96495387266657139946 1.59250707833089966137 1.10212841779056214264 
1.76674961269912467188 1.21867686883220360805 1.58010079262450608972 
1.13683434448544007367 1.55763755549750637641 1.41050912150001561685 
1.44116681591501971660 1.78865529277021151344 1.79193102951688110203 
1.76619441914781449832 1.04278031088107492330 1.01098520498168498172 
1.94155624260867720743 1.62067539783278147247 1.81260094545944361322 
1.43810058849332822462 1.23081632965685860981 1.20891242296707424053 
1.64462707941432806358 1.40601213578016426275 1.76509213161285249960 
1.63555602723554072142 1.81055643337447613739 1.04276108016032620363 
1.96188386350497556698 1.58299291729947366747 1.31849289563381066870 
1.15277487847959325684 1.85697556704164457031 1.08756904557109734810 
1.74616586489253400316 1.59607808419271979261 1.51993794239928226020 
1.91193228043791174642 1.40526204704593582484 1.13912873102364620159 
1.09017007896507345244 1.21428124197929077077 1.27901884008026134332 
1.15337687491211160484 1.55464272068240960678 1.21874064948536986464 
1.99019695402003016227 1.06400440770721105288 1.61284455569267670683 
1.12756190595004324173 1.53100391366904431401 1.10780085907151404356 
1.26091886173822609329 1.03887952569787445078 1.20550759417200770152 
1.03508862418801439453 1.28704840869362890921 1.47366244925081324446 
1.10947470767905476130 1.04652512830112476294 1.55946179896857306524 
1.32055687990994341519 1.75033138946086608279 1.21784800505344215082 
1.25266055982698376603 1.80680706043647254511 1.52805266342992163153 
1.70128504185121087744 1.69282111671722712565 1.03797623339294098344 
1.86874015742745425150 1.42756171609762883001 1.18908499767685627013 
1.38372289463243114405 1.28264101341429404002 1.52573323689944739812 
1.21669095216106226687 1.70990841143918381739 1.16258026313268891805 
1.07724978653976188880 1.07100460780024064888 1.06273712244804396931 
1.26941546786115511125 1.90055292162758937557 1.47672081206241512241 
1.89779878137306190489 1.42877844229808315113 1.74412920693003137274 
1.82401781275745689115 1.45946815232616056157 1.91676316870277596571 
1.99807586267839121241 1.18041029299666977437 1.67617081134037304579 
1.90469316443700997787 1.69735071987913088698 1.84549642758366827522 
1.18217038989437028818 1.40756224396029239188 1.32422104825737729783 
1.56791176446087354712 1.83337094557663182748 1.52095964830897134590 
1.55732389908039525750 1.89058852074432826029 1.04400453537674642313 
1.21833704629821015786 1.85705043405702086012 1.35110134851795349320 
1.81546548362963844347 
consumed time for generating 100000000 randoms.
BLOCK [0, 1) AVE:1657ms.
dsum = 24978.120089
BLOCK (0, 1] AVE:1621ms.
dsum = 25021.879911
BLOCK (0, 1) AVE:1632ms.
dsum = 24978.120089
BLOCK [1, 2) AVE:1035ms.
dsum = 74978.120089
SEQ [0, 1) 1 AVE:3439ms.
total = 500002624.671744
SEQ [0, 1) 2 AVE:2994ms.
total = 24982.193111
ADD   AVE: 518ms.
total = 50000.000000
SEQ (0, 1] 1 AVE:3289ms.
total = 499987337.121955
SEQ (0, 1] 2 AVE:2917ms.
total = 25021.302675
ADD   AVE: 518ms.
total = 50000.000000
SEQ (0, 1) 1 AVE:3439ms.
total = 500026113.272016
SEQ (0, 1) 2 AVE:2977ms.
total = 25042.381362
ADD   AVE: 518ms.
total = 50000.000000
SEQ [1, 2) 1 AVE:2911ms.
total = 1499995448.791116
SEQ [1, 2) 2 AVE:2295ms.
total = 74874.478398
ADD   AVE: 518ms.
total = 50000.000000
