generated randoms
0.6275926561 0.0468712788 0.7180008043 0.3434963950 0.4374397260 
0.7310863421 0.7625475273 0.5080518511 0.1615014864 0.8277160411 
0.9539082763 0.7876921900 0.0965760534 0.5931875890 0.7352461440 
0.3764581633 0.1348886941 0.3882987338 0.5107188295 0.0185534169 
0.9259734522 0.8256782764 0.3947793287 0.8447191120 0.2655191719 
0.4645693379 0.0080367056 0.4428821158 0.8006701526 0.9960295707 
0.1596946264 0.7913417242 0.6199413962 0.8597766474 0.3873481947 
0.6953553767 0.2074330325 0.6485310294 0.8947124530 0.5066388358 
0.6366063969 0.5174264660 0.7775159178 0.9450571156 0.9332966293 
0.1167408001 0.6797611796 0.0036080205 0.2810930805 0.8422482732 
0.5939524599 0.9160637314 0.7963502891 0.5859792870 0.3058902588 
0.9472266986 0.4833378569 0.3364682146 0.3572600312 0.7831565188 
0.4015568587 0.2777332373 0.0237765048 0.4255441857 0.0574381716 
0.3376060165 0.7394841439 0.7820004098 0.3801989119 0.5214313822 
0.4914792665 0.9143589497 0.2947824025 0.8552475994 0.2915133337 
0.9324831794 0.0308870690 0.5069057075 0.1085273926 0.4170847832 
0.9259427196 0.8897141531 0.1174384559 0.5559063020 0.8863043170 
0.6535151684 0.7050454019 0.2450439469 0.1509188272 0.4537383222 
0.0585685851 0.0835808486 0.2876540637 0.5730125937 0.4603797312 
0.8800488269 0.0148677343 0.4390823359 0.9222847929 0.8998367885 
0.1848452682 0.1345513530 0.0566153918 0.4776606360 0.5136391819 
0.3764818771 0.2590422980 0.0434400434 0.0161706937 0.1811458778 
0.0357582960 0.0472967690 0.2776441997 0.0170907309 0.4262259759 
0.5422485971 0.2454216428 0.6578116283 0.3784068565 0.8408366074 
0.8648279580 0.3629967191 0.0329687847 0.9056290674 0.9454660954 
0.7063306660 0.9886258623 0.7212179981 0.2100258108 0.1790759168 
0.6104908624 0.3727229127 0.0237694113 0.3341368180 0.0418269921 
0.6257664292 0.8982630244 0.0445093135 0.9584934387 0.8984544234 
0.5983474388 0.9430097200 0.9880183486 0.3578670314 0.9503445054 
0.9319582324 0.4927709841 0.6729787254 0.2966757110 0.1705739928 
0.0223691982 0.1197311466 0.0516553653 0.4147388803 0.4551645906 
0.8779181447 0.9744529531 0.8649529113 0.7917926668 0.2577306134 
0.1602024122 0.6133696571 0.9602208059 0.0377085473 0.1054372898 
0.0953423756 0.5924892660 0.2900641146 0.5032825414 0.4999146523 
0.1969482066 0.8621779781 0.1729685780 0.6528842787 0.3933953576 
0.6187033970 0.7328980003 0.3067906784 0.8069606543 0.9566081909 
0.2540357828 0.7367797518 0.9499553268 0.3102474245 0.2699873994 
0.6818087979 0.7786018610 0.3027510661 0.0663150944 0.1922240744 
0.2483724762 0.0663158160 0.4846248529 0.2321088241 0.3707340746 
0.2580091500 0.8793334379 0.2628632725 0.4681613448 0.2722782948 
0.8917078285 0.5954944610 0.4926222204 0.6276267355 0.6209482474 
0.8917224563 0.8033039109 0.4967512745 0.7094662943 0.8974408950 
0.4246753501 0.7377865446 0.6297237856 0.3263511101 0.5984014408 
0.7044977558 0.3068386487 0.5648314393 0.4738819811 0.3802340649 
0.2795608354 0.4651754918 0.4624001582 0.4258314456 0.2116537820 
0.4935291381 0.9851677987 0.5069520335 0.5579916944 0.2874500556 
0.0809586929 0.7670512812 0.6936142291 0.9300674849 0.9755845305 
0.0852555396 0.0289424358 0.2214796813 0.6226249615 0.9088602930 
0.0400735341 0.5379508716 0.4548527069 0.1400666938 0.4637637482 
0.6923567995 0.5964535027 0.0472678596 0.4992148622 0.5763327151 
0.5598414880 0.2736676203 0.6961627717 0.6637319884 0.6339682902 
0.6533688804 0.1110709683 0.9513665162 0.5786421813 0.6685699189 
0.7614079223 0.0846698301 0.5314114512 0.0317362657 0.7371375317 
0.7526024076 0.2727267656 0.5037162168 0.7270815065 0.0778410639 
0.6825211394 0.4536864467 0.6892758236 0.2672063134 0.6296378655 
0.8163503416 0.4512431534 0.1714446155 0.0524315710 0.6343317020 
0.3957031137 0.7924715972 0.7908751529 0.0608855061 0.8482824752 
0.7678504904 0.7367477490 0.2848016776 0.1212863178 0.5580360055 
0.7266844326 0.6677383934 0.5254141642 0.3425350141 0.6708740498 
0.2957718232 0.9437377228 0.1350219605 0.9033774096 0.5143464705 
0.9610398213 0.4544620592 0.6790547324 0.3661564359 0.9829628615 
0.3118503316 0.5882913510 0.0893626738 0.5116395008 0.3111943090 
0.5121786090 0.4633950096 0.8932401577 0.4512480326 0.1538727855 
0.8702870906 0.8294650091 0.2170525701 0.8886067653 0.1002023558 
0.9412349689 0.5021959581 0.6286539405 0.3432650623 0.7072842194 
0.9242198013 0.1725865221 0.3519788515 0.3621823388 0.2491192543 
0.1280371974 0.3974586593 0.0082153640 0.2644321846 0.4441459933 
0.6285982698 0.0843153998 0.7918804832 0.2835959715 0.3882503519 
0.4844725281 0.7135704062 0.0877428060 0.5990417309 0.8848740730 
0.2987528813 0.3133049679 0.1952984574 0.6996582479 0.8209954886 
0.1104114383 0.7260996780 0.5003897727 0.5189962174 0.3774872969 
0.3158865864 0.6069878724 0.4075522367 0.8735196515 0.5101663462 
0.0970929523 0.3615022284 0.7932396174 0.2318592764 0.5705173514 
0.5401889831 0.8413138322 0.3648998074 0.9604945975 0.7937706405 
0.1307094715 0.9834104377 0.8276626164 0.5704002053 0.9398849131 
0.2080287477 0.3942605339 0.7373800808 0.9418762705 0.7749363370 
0.5254285477 0.0459194762 0.9002198501 0.0570437588 0.2567664179 
0.2603106804 0.3392539028 0.3474046432 0.5543477863 0.4034891894 
0.2676644470 0.1280754843 0.6539258424 0.7898086206 0.6317872914 
0.0555084716 0.0099614017 0.1090193413 0.8957020955 0.5324913534 
0.3764240619 0.1047138699 0.1605354838 0.5765307454 0.1284245101 
0.7790133785 0.4422534858 0.2993534600 0.1423779293 0.7003415934 
0.3397427583 0.5886435806 0.8047909424 0.2739308744 0.3939261870 
0.9530627048 0.9124207384 0.1715419304 0.7772028620 0.6132410847 
0.6772772869 0.0710517735 0.2976859956 0.1438367072 0.3885334379 
0.2870851862 0.6107985188 0.6329460185 0.8902202961 0.0537378347 
0.9237271996 0.2467297704 0.9779611372 0.1477947571 0.6182819708 
0.3546923469 0.1574424320 0.9886981875 0.6501745472 0.9390437885 
0.5265863276 0.6982214044 0.3695555613 0.4081512063 0.5410047450 
0.5275061584 0.4136623764 0.9172381220 0.0244885776 0.3268116979 
0.5981230919 0.1456746423 0.1524439253 0.3958551966 0.6428924839 
0.0738530168 0.5947819999 0.0170761285 0.6225808668 0.1254667120 
0.3489479121 0.5536058733 0.4600255816 0.1199418108 0.5259148117 
0.0245849000 0.0661002504 0.7297732411 0.6730474937 0.8838475722 
0.1576221911 0.6166173218 0.4107802590 0.5746112916 0.1464122222 
0.5615269938 0.8737041327 0.2564946477 0.6538409884 0.2651709350 
0.5052416859 0.5041010912 0.2355987310 0.2151016255 0.1217095657 
0.8430670311 0.5163976148 0.1692607102 0.0533758761 0.5659454411 
0.9913997711 0.7392664270 0.8174083005 0.3426309102 0.6982068934 
0.8167112474 0.6117667748 0.8610234746 0.7881013362 0.6886599651 
0.6606292280 0.4555675979 0.1362770818 0.0932596079 0.9743617717 
0.1418567253 0.1349817317 0.4863475812 0.1965282359 0.4962784469 
0.7101629283 0.4737797510 0.3375590911 0.9066688349 0.5599247601 
0.5363781225 0.9097478579 0.9681452409 0.1848270375 0.6141997331 
0.7191934161 0.4986345829 0.1564372518 0.0238305791 0.1872171800 
0.1565180629 0.3715973236 0.8304897900 0.8036136664 0.0870557549 
0.6355228770 0.4400262552 0.6579810409 0.0708740283 0.1111181283 
0.5608566198 0.7931540324 0.8537132636 0.5306628871 0.2367774864 
0.0803272082 0.1209081599 0.7493299954 0.6578528957 0.4390107460 
0.8723643090 0.4732205089 0.7092397741 0.0654107814 0.9876729420 
0.6189639437 0.2403253368 0.6857241061 0.9683625712 0.7534428033 
0.6647479959 0.5771273391 0.0496034999 0.6069043164 0.3423845154 
0.9519374954 0.3323535632 0.5913822781 0.4057498509 0.7640718057 
0.1789019860 0.6575257464 0.6670350249 0.9086098729 0.2670322168 
0.3184527314 0.0258000321 0.4784274087 0.0421585673 0.6546904657 
0.9701958468 0.8405347927 0.8725132700 0.9460237709 0.5365779103 
0.6416409212 0.3510615194 0.4232720551 0.2252447694 0.7642588767 
0.0593061885 0.9254738612 0.5345063142 0.3365580886 0.0120186612 
0.0329633524 0.4445358081 0.7796752263 0.7933676072 0.0186290544 
0.5370097650 0.4275292579 0.2242151694 0.4329253741 0.0449497505 
0.2308420222 0.5728348237 0.8866945174 0.6411615814 0.6545272953 
0.6606284894 0.6601303825 0.1938693776 0.2554232627 0.6047115346 
0.1836719630 0.0283444665 0.9709262039 0.4577297763 0.8664017769 
0.4205480798 0.2414585898 0.5822701247 0.4347974962 0.8199465252 
0.5627162379 0.6667282049 0.9066908817 0.4713102396 0.8239454588 
0.7386892176 0.7587723824 0.8774911771 0.4760320515 0.6420801400 
0.3499733978 0.2541538052 0.8117090529 0.8566622063 0.7957032800 
0.2983698903 0.3133260901 0.7387750024 0.3246621981 0.7851684563 
0.5296520385 0.6109370919 0.2874597906 0.5434334962 0.2406734561 
0.7196693670 0.9357885982 0.1008707223 0.9672497609 0.1986603509 
0.5927339755 0.0144825163 0.7538836341 0.8715429930 0.2278265222 
0.2402830928 0.1417189025 0.8692043492 0.5566855989 0.6942785970 
0.6423734105 0.3849912393 0.8103383200 0.6800091487 0.9614922927 
0.6541381389 0.2016001980 0.6584977147 0.5644500374 0.4811796689 
0.0326634787 0.6817973920 0.2677294309 0.2989625062 0.5909955158 
0.4319702706 0.0096092946 0.0314882165 0.9161813303 0.6955554848 
0.6282979647 0.6641194861 0.4121381624 0.3800751478 0.5185207555 
0.6779521500 0.1832293101 0.3800625051 0.0109637971 0.0626126623 
0.1655478091 0.6329620134 0.4569979019 0.3348307973 0.8371790799 
0.7257147499 0.8356433675 0.5056872160 0.1085376912 0.8841930289 
0.7167245303 0.0642184899 0.0500586016 0.8682554846 0.8910161773 
0.0420039308 0.2457211623 0.9842297305 0.0215165330 0.1780897053 
0.5510443586 0.2242839201 0.5789645741 0.4195224333 0.0263925524 
0.1282769421 0.0416567021 0.6700515497 0.5775425591 0.7584734111 
0.2404990059 0.0992419949 0.9496948019 0.2910113768 0.6899174873 
0.6047050324 0.8625262073 0.0579266958 0.6832158166 0.9583378590 
0.3322326469 0.2828290425 0.6093456025 0.7343432225 0.8725088470 
0.7125210927 0.5104728786 0.7146519199 0.1082360325 0.4477448606 
0.5489321783 0.9284443645 0.2704378242 0.5272770227 0.5434491479 
0.4940162874 0.5508193571 0.3358682232 0.1955365835 0.2941509664 
0.7642081341 0.6297271882 0.6601577083 0.5238054309 0.1544013607 
0.1173165124 0.3832970482 0.5501007819 0.5230842342 0.3473064634 
0.3632307881 0.5510000030 0.0140462482 0.0264152766 0.5508656817 
0.3470775007 0.9643801105 0.9794052134 0.0918396895 0.7333466339 
0.7884055308 0.5192901366 0.5759035498 0.6376641295 0.3173189348 
0.9723073210 0.6840524724 0.1962722447 0.2238537477 0.2951800983 
0.6386062173 0.1477120801 0.4229913251 0.5801692494 0.9977808167 
0.5563177549 0.2226767291 0.8542374741 0.7954506975 0.3437910824 
0.2403470867 0.4165406888 0.1295804985 0.3267163726 0.3147305434 
0.1274922806 0.7856607667 0.9446856577 0.8863607016 0.1451364569 
0.9585164981 0.7470889094 0.1850673219 0.1896656265 0.9926259153 
0.8942331560 0.7644666062 0.2610053863 0.3778289995 0.9382519560 
0.8243021834 0.4201818185 0.9260475319 0.4354423409 0.8983896917 
0.6759025296 0.2510402207 0.8090764996 0.9959760881 0.0313949322 
0.2031877058 0.0150468615 0.7610538424 0.9563368376 0.2531656057 
0.9431952269 0.3257040969 0.6014904585 0.2754383916 0.0715499761 
0.0632266914 0.7395280834 0.5009160087 0.2778875954 0.5654899988 
0.7009888770 0.5910207211 0.3939314638 0.5393139442 0.7485169285 
0.0617909857 0.4983096127 0.2379977349 0.5072718502 0.6868660617 
0.2361868877 0.6059479039 0.2242926229 0.5113884957 0.2549120172 
0.6208432767 0.0306261945 0.3684849893 0.9738721764 0.1627538480 
0.3007262134 0.5579540088 0.3469068105 0.3185272447 0.7548409136 
0.3122588173 0.8633966770 0.9357194913 0.9016129287 0.1192796860 
0.5214915984 0.2258347601 0.2902057878 0.4229171032 0.3276070297 
0.6537405363 0.1841143673 0.0044039088 0.2519824254 0.4744798292 
0.2693776886 0.7496054888 0.5873723292 0.8992466231 0.9624457562 
0.1550231770 0.7669004190 0.8083028021 0.4987587425 0.7577120106 
0.5830900141 0.0661402765 0.8169587423 0.3166253932 0.9744502247 
0.5795818328 0.4542904289 0.0257461803 0.6692549941 0.2356681943 
0.1428849928 0.8905760963 0.0224889579 0.3821207957 0.5897536684 
0.2467791908 0.6149218100 0.2853548630 0.9564117687 0.5909541303 
0.3402550274 0.0164557541 0.3513179709 0.3301362987 0.3986707696 
0.6695815636 0.3547544112 0.7098575497 0.3017946276 0.0582185322 
0.6160996476 0.1348523900 0.1799192963 0.8423820476 0.7859229502 
0.3085651726 0.3183697878 0.7833587659 0.3559805315 0.9027542013 
0.9951928587 0.2188824332 0.9741067040 0.9761611560 0.6018808993 
0.2663000269 0.7264304435 0.8656751333 0.9242761803 0.7234949073 
0.4736159685 0.0155375661 0.6032668503 0.6652006856 0.0124332637 
0.0402649260 0.7857850024 0.9971870715 0.0068367803 0.8679630735 
0.1531786046 0.7930076874 0.0653877419 0.7267098872 0.7855330832 
0.2225936366 0.4618288232 0.3539171899 0.9211875792 0.7516425243 
0.6570860668 0.3028968891 0.9511734461 0.0890100946 0.9159716370 
0.9618256640 0.5707552477 0.9027135708 0.2623525089 0.9837963072 
0.4613660140 0.5830264621 0.8149633692 0.2902843222 0.7097954014 
0.5270891800 0.0033252937 0.5482238011 0.7339777581 0.0332386495 
0.4954356738 0.3072277996 0.5780530662 0.5811060851 0.0747862618 
0.0871801297 0.8906609107 0.8348612939 0.6652846293 0.6239457287 
0.5226047526 0.1257713045 0.4552998283 0.4540580710 0.8312440684 
0.4542000301 0.6218740180 0.1226292935 0.8486269470 0.5210067617 
0.4662022375 0.5840462866 0.0680963591 0.9239395484 0.2677018985 
consumed time for generating 100000000 randoms.
BLOCK MIN:1139ms.
      AVE:1148ms.
SEQUE MIN:1311ms.
      AVE:1322ms.
total = 500006671.269066
ADD   MIN: 203ms.
      AVE: 204ms.
total = 1000000000.000000
