MEXP = 19937, MAXDEGREE = 19968, N = 191
seed = 1160977957
now search 1 times
count = 10000
count = 20000
count = 30000
count = 40000
count = 50000
count = 60000
count = 70000
count = 80000
count = 90000
----------
succ = 1
deg = 19937
POS1 = 138
SL1 = 14
SL2 = 5
SR1 = 46
SR2 = 31
MSK1 = 7ffebfd7ff6affff
MSK2 = feffbff7fffffbbf
11011000100111110011000000010000
10101101001010001111000111000000
01100111110010011110000110010001
01010100000011001001001110001101
01001101000010001100000011010110
00111110100001110101010010010001
01001011000111101001001001010110
00011101110010101000111111001100
00010010101100100100100100001001
11110001000000010111000000000000
11111001100100010011000011110101
10101111010101110111000101110110
01001110101010101011110110001100
00101011001001101000100010100110
01010111010100101110010010001100
10011100011010110001111100001101
10100100100000111010101011000110
01011011100111010001101110100101
11101010001011000000100001110011
01111011100001101101001111001010
01011010110111101100010011001001
10001000001101001000111010101101
11100011011100001010100010001100
10110010010000110111101010110000
00110001100001011000010101000111
00010011001101110110011000010111
00100000001001011100010101001011
10000100110111010011000100000101
00111011110110100000011001001011
01010011100110100000100000001111
11010110011101000100100000011100
10111111110011100101111111001110
00101110111000101010000110000111
01111001011011111010000100110111
00000111010101110100101011110000
10001010100000000111110010111110
00101010101010111111110110110011
11010111111010000010001101001000
10110101010010001011000111010111
11111000110011010101101001100001
11000011110000001111011000010010
00111100000010011100001111010001
10111100110000110100001001000111
01110111000000000101000100001101
01100101100011001111110000010010
00110011110100001100101110000010
00100000101001101101011110100010
11110000100001001101100001111100
10100011010101011101110111000011
11011110010110111010000101101101
10010111100101011100101100001100
01010001011110111101010111011011
11110011001010000001001011010000
11000001011110011010111011111011
11110011000011111011010010001000
01101010100000100110011111111000
10110111110110000101010000111100
10000101010101110100101000101110
10000110111111111111110101010100
00001100000001011001111011000011
00000110111100010010110000010111
11001101000111011000001111100110
11100101010011011110110010011011
10011100111100001101000011111010
00011110001011010000011001100111
00101000000101110111001010101111
01001011001101110111110111101101
10010101000100110111010110000010
10101011101111010100001100111111
10011000111000110101111000111011
10000111101101100000011111001000
11000100110010110110011001010000
01010110101101101011011110000101
10011011000110000001111010101100
10010100111010000101000110110111
00100000100011101101000100010010
01001111001110010001100101100001
10111100001101110110100111011000
00101110101111010110111010100001
01000011110101110111000110100010
01001000110111100110101000011011
00010010100010011010100101101100
11101000000110001100111000111110
10111110000100000000011110111011
11011000110001000011000010000011
00000110110100010010010011000010
11001100110001101111111001010010
11011011110001001000100001000110
01101100111101000011001001111111
01011010111111001010111100100001
01101000001100110001101110001110
00011000110001101000100101000001
01011011100000110010111011010101
00101111000011101011111110011001
10100101101100111011001001010000
00000111100000011001100001101111
10000011010010011110110001100100
10010001011110001011100011011010
10110110001010011100111110101111
00111010010010101100110011011110
00101110101101001101100111111110
00110011010110100111100110101010
00111011000000000101100001010000
11101101110001011100000111000010
00001101011011000110011010110001
10100100101101101100000110110111
01010001100100101011100011010111
11110001001101110111111100101010
11001101010000010000111001000011
01001000111001010100010100101110
01100101010010001101100010101000
01001111111010110001100101011001
01101110110101000010111100010111
01111110000100011011100110110010
10101111111000110001110001001100
00001100010101011101000010010100
01101000001110001111111001001010
01101111001110100001010001100001
01011000111100010010101011000001
10011011011111101001110011001010
11010111110000011111010100001011
00101011101100111101111000000111
01000111100010100001101110111100
10101101111010011001010111111010
00110111101100001110111001100010
11100000000101101111011011110011
10110010011110100000011110111001
11011110101101101110001000110100
10100000110011000000010010101011
01101111101010100100001011110010
00100111111100001110001000101000
00000101101111111011010110001101
11111011101010001110110111011111
10110111010010101111001110000111
11010010001110010010010010001010
11001110010111110100001001101110
11110000101101101001000011001100
00000111110110110110000101011010
10111110111101000011001111010010
00101100101001110101111001001110
00101111001001111101111101011001
00111111001101110101011010101101
10000011011011110110001010011010
10010000101011000010011111100000
01111011001001001111010010010000
00111110101000100100010111110011
11000111000100010110110101111111
11011010101111011111000001010011
11010001110100001101111010011000
00101110010000001011101101010111
10111101101110101011101111000111
00000111110000011000101001001001
01001110011101011101001110101111
01011111010111101001111110100111
10100001110000001101111010111100
10100111010100001011000000110110
01110011010011100101001000111111
10001100100110110111000100101110
11001111111101101001100101010111
10110110001101101100111001101101
11100001110010111011000011111111
01110011101000000011000011000101
10100000100101110110111100101110
11011111110111111111000111000001
11101000101000110000110101000001
01010010110000001011000000110110
00111100111111010001101010101101
00100111001010001001101111100000
11100101001000011101001000011100
00011101000100010100001110101010
10000010101110111000010011010010
00100111010011101010000010100101
10001010010110111001011110111001
01001010111011011111111000010111
11110010100010100111111000100110
00010100001101101100010010000111
10110010101001101010000010110110
11110000110110001010101111000100
01001000100101000011011111111101
10110101110101010100001110110101
01011101000110010110011001110000
11110111110101101100010111111110
10001000101010010100111001111010
10111101100101110100010011111011
00100001001010111100011011001101
01011110111111000011011000010111
10001000000001011100000101110110
00100011101000000011000001010001
01110011010101100100011011111000
00011010000110011001001100111100
11001110010001101110011001100000
01110100101111101100000100011101
01100011110100000001110100100100
10010111110100111110011100110000
01111001010001000000101010011111
10010011101010111110001011010001
10100111101000010001111001000110
01100100101100110101001010010100
11110110100010000100001100100001
11100010101100101000001011001010
01110000000000010010001111110100
10000111000101100100010000100110
10100011111000101110110101010000
11100010110101111101101001111110
01011100001110000001010001010011
00110001111001111001101011111010
11001110100101011001111111001111
00110011000000010101000100010000
10011110111000000000011111111111
00111111100000101001010000010001
10110101100110000000111000101111
10111000111011011011001101010111
01001110000110000101100111100110
11101101101110100000111100110011
00010000011100001111000011010000
01111000000000110111010001001101
01000101100000110101011100010011
10001000011101101000111001101000
11010110000110101111000000000010
00001101101110001000011000111000
01101111101100011011010000001100
10111011000100000100100010011001
11011101101101110011100101100111
10111011101100000011010100110010
10011010010011011010101101101010
10000001110001010011001001000001
10111010110011000111000001111111
00001011011111010010001011010111
01101001000100011111110100010000
01110100001011001101010100000000
10001110100101100100000101101110
01010100100010111000010111010000
00101000000000011000001011111001
11110110001000011100110000011111
00011001110110010000101111001000
00011011101000101000000111111000
01111000101111111010000101010110
01110000000001101111100010101011
11011100110100010000101111010010
00101100101110011001101011011010
11011001100100110111110001001110
00011011101100001100011101001011
10001110100001001010010100000010
11100011100110110011101010010011
10100100100111111000010000100110
10010001011110000110000110110101
11000000000001111110001001010001
01101110100001100110110100010110
10011010001110101000110101110000
01110101110011010001011010111000
00011100000101100011001101010101
01010001000100100001100111010011
01001010011111101101011010001100
00111110111111000010001101011100
01111001100100010100101010000101
11010101011011010011001010110100
10110011100000011000100010001001
01100111000111011011010011111000
10110100100011011000101111110111
11101101000111010100011111111101
00110001100010101000010111101000
11010110101100101101000101100100
11101101001001101001001000101001
10010000000000001000110110000100
01011010110110110001100000111101
10111001001111110010100010110000
11010100110001010110011010111010
00001010000100011101100001111110
01100001000010010000011101100010
01011100110010101101000011000100
11100110010010111001000110011100
10101010011010011010010001111111
00100010110011000111000110101010
01110111110110101001110011000111
10010001101110100011101010111111
01111000101110101101011010110101
00101111110011011110001010100101
11001011011100010000101100001011
00001000000001001101101000100001
00001010100100111100110011100110
01010100110111100001100110111001
00000100110011100010000010110100
00011011001101110101100101111110
10001100001000000110110000110111
11010101110111001100000111110111
00001001000011100111000110011111
01110010101111010011110100110011
01111110000010111101101011001110
00101100101100011011100111000001
10111101110111111101100000011010
10001110101011010001110110100100
10100011101101000101011010110010
11010110011011000011100101110101
01000011011001101010001110001100
10111010111001101110010100010011
00010010000100111000110011110110
10100101011110110101110001101010
01111101010100101010010001001110
10111001111011010001100000101011
01101101110110010011101001010110
01000110001110011011110110110101
11010000110001110000001000010110
01111110111010000000001011001000
00110010010101100000100010000001
01000100111010011100110010011001
00101000011101010000111101100001
00010110101111010101011000011010
11001101101100010011110100001011
00101101010101101010010110001110
11110100000000101011101000111001
01110011111111100010001110010001
01001011110010101010011111100001
10010101100010110001110111101010
11011001110101010001010000010101
01000010010010000001001010000001
10110000101011111000011111100100
00110110110110101100000011011100
00011110110011100111101000101111
10110100101101110010000010111101
11001000000011100110101100111110
10000110111111111110001000010010
01101010101001110100010110001010
10100010100010000001010101101011
01111011011011001010110101001001
11110110011000001000111111101110
11101001011110110011010110111010
01101101111010010101101111100010
10010100101100100010101101100011
01110011010111011111011010000011
00110101001001100011000001010111
10101100110101110101011010000001
11001001011101111000010010000111
01111110011000110101011110100000
00111110011011100101101011001000
01111110000101010010100010010010
01100011110011011001001001001011
00101001100110010100101011101001
10101011011101101110000100000110
01101111000010110101110011001011
00000001000100100000001001100010
01110011010011101010101000001100
10011110111010101101010000111000
01110000001000001100010011101110
01000001101111100011011100100111
10011010111101110110110000101000
10001011000000101101101001001000
01111110100111100000001110001011
10000001011010001100101010010001
10111011000010100011000110000111
00100011001010001110100110001010
11001011001101111110111011111010
00000100111110011100000001100101
00100100011010011010100111001011
00101000111100001111101011100101
00010110000110111000000101011011
10110001011000000000110101110010
11001001001110001111101110001101
01101001010110111000111100000011
00011110001011010100011100001000
01011001110100000011100010011111
11110101111010100100000110111000
11001111111110000001111111000101
11001110111011110010101010010010
10110011111010010110010011000101
01111001010101111011100000011100
10100001110110000111101011011000
01100010000100010101011011111001
10100111111111011110100000100001
10010000011011010100101010111111
00101000100001011101000011000001
00101110111111101001101011010000
00000110101011100101010010111110
00000110010000101001111010111011
01111001000000011101111010011001
11001001110000001011111101101101
10110000010001011101000100011101
01101011111101100011110100100001
01101100010000111011011110000101
01001000111000100100010010010111
10000000000001001110011100110000
00001001000101001000000100000110
10110001110111011001011110000100
00000111011000011110100011101000
11100100101010101100011101001100
11011010001001111011010100111010
01100100010001110111110001001011
10100001011011010101000100011101
00011101010011111000101011100010
01000011010110110110101011110000
01100000001111011101111010001111
10110010100001011100100000100101
11001011001011100011111001000111
10000010011000101000111101111010
11000000010100010010111000010000
00101001101111010010010100100011
00101010011011110101010111110110
11111011101100110000111100101011
00110000000010100111101000101010
11010000001101100011110011101000
00010001110110110010000001101101
11011110011101110001001010110110
01111010011100101011010111100010
00001011010000010010011000010011
11110100100010011111111101001000
11010001000110111001001000011011
10000001000010101011101101001111
00110000110110001001110111110100
11110011010100100110001001001000
00011100100010010000000110011000
11101111000011010111010000001111
11000000000000001100010011010001
01010111101101010110110111111000
01001011010000111110000011100000
01101101101011111101011111010010
01010011111001010110110110010111
01010011110100010101000111110110
11111110110111010110001010110010
11011101001011000101001001010011
00011000001010100111000011110101
10001100101111101010111101010000
00110111101011010000111110010001
01001001100001010011001010010010
11110000101111011110011011101011
00111101110111000110001100100101
00000010110011110000000111101100
00000001011001111010111111101011
01110101111110101111111111001010
10100110111010011000011110001110
00100111100100110101000011111010
11010001110111111011111111000000
11101101001111010101010101110011
01100101001010011001100110000100
01100101100111111100001111010011
00111000100111111010011011001001
00110100000001101001001111011100
00110100101111100110101100001011
11110111000101111111111001110100
11000010100011110011011110010111
01101110001111100001111011111100
10110110000011011010101000110110
01111000000010111011001111010000
01011101001000000011001010110010
01000101110100110101001000100100
10111111010100011001111100101000
00001101100111100001110000001110
10011100100111001000101101001110
00000001101110010111111100100010
11110011000101101101010100000101
01011001011000000001100110101010
01001010001101011100000010100111
10111100101001001101000111101011
00110000110011000001111011001010
10001101010001101100001100111001
11100001011100110000110011110010
01001110111110110101100010101010
01011111011110111010110001011111
00001001111101001110010110100110
10011000111000100111101010010001
11000111010011111101111100011001
00011110000011000000011010100011
11001011110101010011010011100111
01101101100010000001001100000110
00101011000010101011011101011100
10001100010100110111001011110111
11010010011111101101101100001101
11001010011100101010100100000010
01001011001011100011100101111111
10110010001011001111010100000001
01000111110100011111111001001110
11011100101111101000000111101010
00000111100010000011110011101000
11011100101100000000110100101100
10101111000110001011010001011100
10110101101010001001101100010001
01100010111110101111110011111111
00001100001001000111001111001010
00111110000010000000110011011101
00100101000010000010000011101101
00000011100111110010101010111101
01101110101010101101101000111011
10001110110111011111001110111001
10100011100000000101000010110000
01010100110011001100000001000010
11011001010111101100001011001101
10111010001000000101111111101010
11001101010110100101001100101001
01111010111011110010000111101111
00111101101010111101101000101011
00010100101110100111011101111001
00110010110101010100010001011001
10000101001100010111011000101010
11110111010000110001011100101111
11100010010101010001111101110111
01001110110001000110011000100110
00100111101100001000111011100110
01100000111010100100110101001011
01101000000010100010000001101011
11111101001010010111111011001101
11111100111111000100010110110001
10100110000011100000111100001010
01101100110100101001100110010110
00111000011011001110001111000011
01100011100000100111000011011001
01111001110011011111110010111001
11101101001011000011000110000000
00000111100110110001111110010101
10001001010001110011001010000011
01010100101001011011001011001100
11010001011010110001100000111000
00010100101111000110011101000000
01111100101011101000010011011001
01100001110010111000000110001100
01010010111111000001101101110111
11011010111000111110111011010011
10101011011100111100001001011010
00101101001000110100100110111001
11001010001001111111011111110100
11101001001010100010010011111000
00001100011000111011011000010111
11111111101111110010101100000111
00111000110111001000111001010011
10101100110000001100001110011010
10011000000111010100010000110110
10110011000011110111110001010111
00001011111110101111100011011101
10110111000000100100000000001111
01010011111101111001110001101111
01010001111111101011110111011110
01111101011110101100110110011001
11001110011000101001111010001000
10010101011100111101010010100011
01010010001111001101010010100010
00100100100000111100110101001000
10001001101010011101011100111111
01110110001011001110010011110010
11100101101100111000101011110110
01001000110111000000110010010010
01011111111100000110001100110111
10100010011110001101110000100101
10100100000100000010001111111101
10111111100100000001000100011000
01010101100011111110010010010001
10110111100100101111001101000100
10011100000110001011110111010010
01000010110001111100000100010100
11101011011010001011011100010111
11100111110101010111110110010000
11011100011110110110110100110111
11010001101000000101101110011001
10111110010101111010000000011011
11100000101101110000111011001011
00000100100001000100100111010011
00111010100011100101100000111101
10101110010110111110101000100011
10110010100010000000100110001111
00110101011000000101101111011010
00011100110000101010011010111011
11011000010111010101101011001111
00101111000100110010101110000101
10111110101110010010111010100010
11000001000100110101011011011110
00111111010011010100110000100010
10111111001000101001111011110010
10000111110100001000011101111100
11101100110101100000110110110001
01010111000101100011100000110101
00111110001011111111101101100000
01110100111000100000010001101011
00011001000110011110100110011100
01001000100101001110000100001011
10010001100100001111001101111101
00010010111110001001100110000111
01001001101001011000100001110001
10001100010010001001000001010001
00000100111100100000001011001001
10111000111110011010011001001010
10001010101011001101100000100100
00000101000001110010010010110111
00011101100111000110001001010110
10010001111110101111100011011100
00101011111111110010010011111010
01001001100010000100110001101110
00010011101100111000111100000100
00110001010100111111010110001100
11100000111000101000111010110100
01000100101010001110101101000011
00000001001100100001110000101111
01000101110010001000001011100011
11000101101010000100101100111001
10110000100010100010111001111100
10011110011001001000010001111110
01101100100100010010000011110110
10110010000101010011100000101010
01011101011110100111111111100000
10101110010010010101110001101010
01000111011110110001100001001101
10101101011010110011000101001001
00011111111111011111000111000011
00110110011000111101111001010110
11110100101011011001100011101110
01011010001110110111001011000010
10001010110110011111000100001010
10000000011110110001111000101110
01001011010011111001101100001101
00100000100011011100111110100111
10111100100001001111010111011000
00110100110001011100000010100010
11101000000000100010000001011110
11100010011101111111000010010001
10110010100100100100100011101011
10100001000001000110100000001010
11111111111001001010001011101110
11001100001110011001000011011011
11000111010001111101011001101001
10010100011010000110100010111101
00111000000100011001010011100011
11001100000110001110010010001001
01111001101000010110111000010100
11010111000100100010011110111110
00100111000001110101001000010110
00100100010110000011001101111010
10001111110000001001101011100110
00011010110110000000111011001001
11deg=19937
count = 98162
