mexp = 19937
filename:resX7.19937.magi06.060723.05.txt
POS1 = 34
SL1 = 3
SL2 = 1
SL3 = 22
SR1 = 24
MSK1 = dffbeffb
MSK2 = ffebffff
MSK3 = efcffffd
MSK4 = efefbeff
deg poly = 19937
10011000000101110011011111000000
10010101101011001001110110011001
10010000110110110101001000110011
11100101100111100000110110000111
00101101000000001001100010110100
01111100111010010101010011001100
11011001111101111101011000011111
00110101101011100011001001001000
10111011011000111100001011101110
10100010101101000101100101111111
11100011000000111110100111011110
00100110001011110100110111001001
00101100010011100000110111001110
00110001011000111101011110010111
01100011010001100111110010001110
01101011111001001011111011000111
01111011110100101011101010001110
01100010010100011111011111111111
01001100000010100100111010110011
11100010111111011010111111110110
11000001011010100111001111011100
10000000000101010011001001101101
11001100000101000010111111011100
01001110101000000001010101100110
10011011000010110110010001001111
10010001000101010000101001001010
11010001101010101111110101111001
11001101111001111100110111100100
11011011000101010101101001100101
01001001101101100101011001001100
11111110111001011000001111000110
00010100101101100011100111111000
11000101011101111010111110011111
10000010001100111001111001010110
00101100110110010101100110100100
10100011010001101000001111001101
00010001110011100111000001011100
01100011100111001001110100010001
11000001111010101010111101100001
11100101001010010100010110010100
00111101100011011000100101010110
11000100100101101111001011100100
10111110110011111001110001010001
01000001111011011110000110000101
00100111000011011000100101000101
10010101100110101000000011101100
00001010001101001010110010000110
01110100001110100001001110010011
10110101011101010110101010001101
11000111011101001100000111110111
11111111100010000100010011011101
00001010011100001000011000111000
01011110110011001111011010111011
01001011001010100010111110000110
01111100111010000000111001001001
11111111101111001110010000010010
10110101010110001110010010100110
11110010110110011001110101000110
01100111010111111110110111011000
01010101101011111010000010010100
10000000011100100011000001100000
01111011111001010110100011001001
01111111110100110000111000000101
00000001011001110001001010000110
01101101010110100100011001111101
10111101000100111000100011000011
11110101001100111010110110101100
00010011000110101101110001111101
01101000000000010010111101110100
00010100001001001110110000101001
01110000011111100100011101100010
10010010001101111110001010011000
11101000101111000011011001101111
00101100110111001101101110100110
10100111100111101111001111010011
11001111100000100011110110110100
01001111110110000101111001110001
00111101111000001001100010111111
01100101000011010001101011101100
01010101100000101011101011001011
10110100010100111101000101111111
11001110100100001100000101011101
01111111111101100001111010111110
00100011001110010110011110100010
01110010101011010001101010110010
00101100001001100011000100101110
11110111101100001010110000110011
11101001001110000110101101011011
11010101010000010111000100110100
00100101011111001111000101110111
00110011010110111001000000100011
11011111001011000011011110000001
10100000101011000001110001111100
10100101100010010011111101000011
01010100101100011111001110001110
01110110001100110011001110100110
00111011110101001000000011000010
01001011101100000001000010000011
00010111011110000100101000001001
01011000011101110111010101110000
10111110011110101110010010111100
10011011011010101101100001100011
01010010001001110000000110101011
10100110101100100111100111010111
11001011010101000111001101110101
11101011111111101000011111101000
11111101110011100011100111111010
01000100000001001010111101000011
11010001011111100101111010111111
01000101010111110111010100100000
00101010100111101101010000010010
10101011011111100000110010110001
00101101111001110100110110001001
01101011011100111110100111101100
00100010000101010100110001000011
10011011000100110000110010010000
11000000110000000010000000101111
01001101111101011001010111011110
00111110111000111011010011111110
01001110010100111111001110101100
11011101100011110000010100111110
10010101111001110101000111010100
10100110111110010100111110000011
10011111011010100000010100110100
01100011010001100101110111110011
01011000101111100011011000101011
01011000100010000100010010001100
10000100001001001001111001101100
00100000100111000101000111100101
10110001111010001011001111111110
10111100010011011101100010011100
11111011101100110010110100111010
00001010001110001111000001101100
10110110010111111000010001101000
00100011010101011101001000001000
11000101111101111100011111010101
11000001111001111110101100100001
10100010101100000010000100001001
10010001110110110100011011001011
11001111000001100011101000001110
01100000010111100001111001000001
10000000011010100000001001100001
11111110011000101111001100101111
01100110011111011111110101000100
11000001001011101011111010101010
11100001010100100101011000010010
11011111010110101000100001011010
01011110110010110111110000100010
10110000110110010100110101011111
01111110101100111101101010100101
01011110000001010111101101011000
10000111001011011101011110001010
01111100001111000101000111000100
10000110011000110101111100011100
10000110101011100111001101010110
10010110110011000100010001010000
01001000100110101110110101000100
00001000100110101010100100100100
11111101010101101100101000111011
01010011100111000001010000010011
10101111001001100001000101000101
00000011101101101000111110000011
11111000001001011101001000100010
11010001100011111101001010011011
11000100100110111000100101001100
11111010011100111100101001011010
11101101110110001010101100100001
00011111001111011010100001101101
11000111101010011011010000100110
10101000101010011000000011011101
00001010000100001100011011010101
01110111010000011101100100101011
00000110100000111011111011110011
00010100111010000101110010110010
10001000011000100111010110001001
00111111100001000110000010000100
11000011011010010001000000111000
01000101001011101101110001011101
11000110101101100111010011010111
11011100001001111000110111111000
00010010000001101011000001111100
01110100001000111100010100111101
01010011011101001101100010001010
11110000010000100011000001001111
01001111000011010101110001000001
01101101010010111001100011011001
00001110010001001010010001001111
00101110001111110101110110010101
10001110000100000100000011101110
10010101110110000101100011110100
11011110010110111010000010110011
10101110110111101111011101101100
10011010001010000010001101110010
01000101001101101110000010101011
01101011101001101111111101111111
10101101101010011101010010101010
00111010010000001011000010001110
10110001001000011001000010010000
10111111001010001110100000100101
10111101000111010100000111011101
11100011111000101001101101101010
10111010110001001010000111110100
10101000000011111001001001110001
01001100010011010111100110100110
00001010011100010111000100100111
11000001011010000110010000111000
00010001010101011000001011111100
11011100010100101011111000010001
00000000101000011100010101111111
00100000110101100000100011000100
10010101110110110111001101100010
01111110001101010000101001110110
11101011100010101010000001011011
10111110101001011101011110010101
01010100001111101101000110010101
11000111001111010111000100000111
11101010110011110001101111001010
10011100011100100111100000010111
10010111010001110010001100011101
00001011111000100011001001110101
10101011011110101001001111110111
00010111000100101101000010111101
00010100010101111111101101010000
01000001001011100110100010111100
11101000111110011110111010111101
00110101111111100001111100001101
11010101100101000101101000010101
01000101001101101011111000000011
10010000110000100001100001110001
10011000000100010111111101100110
11011100100011001101010011000001
01010011000000101101000101101010
01011100101001000111100100011011
00010101000111100001100000001011
00111011010011001101000101000110
00110100110100100101011101001011
11001000100001011100010011001010
00000010010111110010010111011000
11111000111010101110011011001100
10111010000010011101001010011110
11010011101000101100010010110100
00111101010011000101111101110101
11100110010010001111000110000110
11010000010001011001101011100101
10000111111111010101010110000101
01010100001001111101111011010101
00100110101111101101001011001010
00001001011001001111011011110010
11001110000010110111011101000011
00010001000001000000100010000000
10111010000000111101110111011001
01100010011100011011010010001011
00110110001101101000000110101000
10111100110000100000011100100000
01101100100001010101110111100011
10101011100001110011100101010110
10100110100001100100110111100000
00001101110000011001011110001011
00001010010011100001000101110101
01000100111000111001100001111010
00010101101001010000100110101100
11101101100011101010010110000100
11011110001111000111100110100001
11100111001100001101101111101010
01101110101101101100001000001000
00010101100101011111010000011111
10100100011101000011000111011111
01101111011000100100111100111101
01100000010011010110011001010111
10010111010100110011010110001100
00110101000110100101011010110011
00101000100001000111100010110001
10011100110100000000000111000000
11100010000100001101010111110111
10100011000100000011111010001110
01010101010001001011010110110100
01000011100010101000111100100001
10011000100101011010001111011011
00010011100011000010111101111000
10101010000001111010000010011001
10111110111101000110110000010111
00000111110000011010010001011010
10101001011110011001101110111110
00010011010101000101010100001011
11110111001001110100101001010010
00000001111010001100010111100010
10111011000110011110010100110000
01110100110110001111011011011111
01111100110101111110101111011101
00110101000000111111100100000010
01110011111101111001101110101101
01100100010000111101111001110110
10011111111011001101001010110000
11010110110100000111011101001000
11001000110010101001011001011000
01010000010101010111001110010100
10101111010110011011011000100110
10010010000110000110110101110000
00001111101100010101010000101101
11001001110111010010100100110000
01111100011001000000100011000000
11001010001110010111000011010001
01111011110111001110100011101001
10010110111101101111101110011100
00000100111010111100010100101010
10001010101001110010010100010100
01001001010011011001000000100010
10111101111001001010111000100001
01010001000111110101111011000001
00001110001101000000011100100111
00111110100111001110100101111111
01110001001001000110100001011001
11010110111100001110001101110100
01110000011110001110011010010111
00001101001110111110000000001111
00000101110000111010100010110011
10100010111010101000010010101101
10011110000110011001011100000001
00111110111001001101011110110011
01101100001011111011111110001101
01100000110111110110000010000101
01001101111010000111111111001110
11101110011100010100011000110011
00111100001000110110001010100011
00000001110101111110011011101101
10000110000010111101011010011101
10110001110000101101111111011010
01110000111001110000000011100011
01010000001111101011111111001100
00011111110011100110010000001010
11111111111100000001011001011001
10011000111010001000011111010100
00010110101001001111000011101110
01001001001010001100100110001000
01001111101111100111000001001001
01001100010010111010111101010100
10011010001100100100110010101001
11010101010111110000110101000001
11000100101011100100011011000100
10110110110101101100010010101100
00010101011011011110000111000110
01011101110011000000110100011101
01000011111100011111010101110000
00110000100100000011000010101111
00111010110100000100001111001001
10001101111000101100100010101010
00010110000101001111110011011011
00011011100110101110110110111111
11010010010000101001001101110011
11101000000100101000000001101010
01001110010101010100000001001000
00000101011110010101100101011000
01101010010101010110000000101010
11011010001000100110010011010100
00000000011110111110101100001011
10101010110011110010100010100110
00101100111110011011001001101111
01100110011011100001111011000010
10011110000010000011000101001000
11100100011010111011001101101001
10111110010111001100101010000100
10000101000101010110000011011010
10101000100101111100100101110000
11101110111101001110111001100000
10110010111000110110010001111011
10111100010100100110100110000010
10110000101100001110111010100110
11001100011101011000010000111010
10110000000110110001101111001001
11101010000110100010000010110101
01110100111111110110101011000011
01001000000111000110000001111000
00010000001011101010101110000010
00011111101011100111100100110010
11000000001110010001111100100110
11000010111010010100000100000101
00110111111000000111011000001110
11000110101001111000101111101011
10101100111011000000100010010101
10101010000000001001011100111101
00100111111000010000111100001100
11111000111001010110100001011111
01101111111000111011110111011110
01011000000010001111110111000111
10010010001110011001000111101110
01101111111011101111111110111011
00001100100001100110000110001110
10111101011000110100111100001011
00100110001101010000100000110000
11101011010111000001101010000001
10000000100111101011100111001100
11001010010000010111111011110010
00000011001111110011010001100011
01011011101110011100101110000011
00111110111111010100100100101100
00001001100101010000010011111110
00001000111111001011001111100000
10110111100110111000100110111110
01100000111001011110101111001101
01001111011100000101101000000101
10001100110000000000010010001011
11001101110110111110110111100100
01100000100000111111100000100010
10011101010101000101000100110010
10110011001101001011001001110111
00010001011101001001101001001001
00000111110110101010001101111010
00111100010011011010000000010111
01100011100100101011111011000001
01101111101100001010111111001011
11010001111010010001111100111011
01001111101000110111111011111110
00101100010001011000110010100100
01011111001000111100100011010101
10101101000110011100101011100001
10000110000000100001110110111011
11000001111100101011101011011010
01010111111101100101011110011010
00110011101110000011000100100000
00101110100001001000110100101101
11011100000000010010011101011101
00000101011010110010110011001101
01101110101110111111110011111010
10101110111101001000001010001110
00111100010101000110110110001000
01110011100001010100011011011111
01110001110001001111010011110001
01001101101001000100011001000001
10001110110111100010100011111100
00011110001000001101011100100110
10110110011110001000101000000110
11001100111100001010001010111101
00101001011011010010111000101110
00100111000010100100111110001100
01101100000101001001000110110010
11000111010100011110110001001000
00110101110101000110100010010011
01010100110000010001000011010100
10101111111110110011100000110000
00001011010110000111101111101110
00001010011111101100000010100011
10001110001111010010001100111110
10001010010100111010000101001011
11000101100100000011111100111101
10000101000100110110000011001010
11110100010011010010011100110100
11101010010100011000010111100110
10011111000001110010101001011000
00011001111110010110010010110011
01110000000111101001111000000100
01011000010111111111100110000100
00000001001110100011110100001100
01010110101011000111111000010111
10010010011100011011111110001111
11110111111011100010011111011001
00110000100110000000100101011111
10101011001000111101011011010011
11000001111001001010110111100110
01010011111010101011100000100100
01000100101010011100101000011111
11110000011110010001110011110000
10001100100011011110111101110111
00111010100101001100011110001010
11100000100001010000110001011101
00011100000111010000011001101100
11000110011100001011110100100101
01010011011110010010001001101011
11011101111110011101110000110111
10001010011111110101010100101110
01101110010010100100111000001011
01011010010010110110001010101010
01001110110000100100110100000000
00001011110101110100101100100011
01001110101111011011011011111110
10110111100000100110110100011111
10110111001111011001000100001110
01011100001100010100110000111000
00100111010110110110100111101011
00100100100001001010011100000110
00011111010110000011100101110001
11011001111110101001110001010011
00010010010001110001000001110111
10000000000110101111111101100101
11110101000100110011001000001100
00011000100011011000001101111110
11100011110100010111110000001110
00011001110000000101101111100111
01001000000100111110100100101010
11100101111010111100000100110100
01110011111011100111111111100101
01111101100110001101011011010111
10010100100111100001110110111101
00100011110010010000110011000001
11101011000110101111111010011000
10001010010110111000101011101011
01110111110001110111101110000111
11111101110010010111001001001010
01011111011111101001110100010001
00101110010111000111011010110101
10111100001011001101011100000100
11001001101110110010001110011111
11011000101100100001000101110010
01111110101011111001111000001011
01101000011000001000000001100111
10001000001011110001110100010111
11101011101111000101111111111011
10001001111000110111010110100001
11100100011100110101001101000001
11110111011011101000101111110100
00000110001110110010100111111010
11100100011110001000101001000000
00100000011110101000001001111100
11011110010100111100110101001110
00111010001101010111100110111100
01101101010110101101101101100000
00111101111001100101111110110101
01011000110001001110101011010101
10100010100100010001001100011011
00000101000101110000000001100110
10111000011011001000000011010111
11001111111101110000111110011100
00100101110110011000010010111111
01001010101010111001001110011100
11111000100101101001100101001111
11100001100011110101001101111010
01100100011000110100101010000110
11011100101100001000111010110101
01110111010010101111110111101111
11111010011111111001110010110001
00001000010110101110001110111000
01111011100000000110010001111010
10111110001000110001101101110100
11000000001001001010101110011001
01101001010100010011000110101100
00101111111101110000000111111001
11000010010101100111011111101101
01001001000110000010101010000001
00001001111001100001011011111000
00011001100001111101010101110001
01010111000101001001111110100101
01110100000100000001001100111011
01011100101101100011011000101001
10100001101011010011101001000011
10000001000111110100111011101111
10000101100000111111001110001010
00011011110101111001111101101110
10000010100001111011100000001100
01100110111111101100101011100011
11101100101010011011111001111001
10110100100010110001100011011100
11101100000000110110100010000010
10011100100110101010010001110100
10001110101000001010101111101010
10111001110010111001011001000100
00101101011011101011100011001011
00010001010010011000101010101001
10011110110010111000001011001010
01001101111000100000010100110001
00000011000011100001110000000000
01010010000000101010010011001100
10001100110010001111001011100100
11000110000010101011111010110000
01010010111000010100010011101100
11011111111010000011110001100110
10110001111110010000101001111001
10000010010101010101000111010110
11100100001110000010001000111011
01111010000100100111111110011111
10010110010100011000001000000000
00100100111000110101010000111011
11101010100100111101011111000001
10001011001110111100000111001101
11101001000001101011001010010010
10001111010110101100011000111001
01011011101100000001010001101110
10111101010101010100011011111000
10000100110010010001110111110111
11010010011000000001110100010111
01110011001000001111101111100101
01111011011110110010010011011011
00100011111011111011001011010100
11011111101011101100010100001001
10111101101101101100001011001101
11110000000101000001001001001001
11100111001001111110100001011011
01101110111110010101100101101100
01001011100001100101001001000001
11000101100010001001000000010110
00010110000100110001011001100011
11010101110100000100001000111101
10101001101001101111001010100000
01000101111101010010110011101100
10101111110001010001010110110001
10010100110010011101110001111011
10001101111111100110000000111100
00001110111100001101000100110100
11001100011100001010111100110101
10111010100000111001011101110101
00000100000100001111001110111100
00101001000011110100100000110001
11010000000001101011100010100011
00111100000110110111010110000111
11100110101010011000000010110010
11011011111000101000111100011000
10001001011111101001011111011011
01000111100010110110000010101111
11000101010010000111000010011000
10110011000001110111000011001011
10011000101010110110011100011111
01111100111101101100001011100101
11001011110010111101110111111010
10110000110110010101111001110101
10011100011010100011111010110110
11011001011110101100000001101011
10000010110001001101111000101111
10110111101001011001100100110011
11010010000110001101110110100101
10010110000101111001111111010110
00000100101100110010011111110101
11110001101100101001000010011000
01011111111110111000000000011001
10001101101100011001100100101110
10001010000100111001100011101110
11deg=19937
deg lcm poly = 19968
weight = 9282
10000000000000000000000000000000
00000000000000000000000000000000
00000000000000000000000000000000
00000010000000000000000000000000
00000000100000000000000000000000
00000000001000000000000000000000
00000000000010000000000000000000
00000000000000000000000000000000
11100000000000000000000000000000
00000000000000000010000000000000
00001110000000000000000000000000
00000010000000000000001000000000
00000000100000000000000000000000
00000000001000000000000000001000
00000000000010000000000000001010
10100000000000010000000000000000
10101000000000001100000000000000
00010000000000000010100000000000
00100010000000000000100000000000
00001001101000000000001001000110
00000000011000000000000001001110
00000000100001000000000000010001
00000000000011101000000000000111
10100000000010110100100010000010
11001000000000101000110100100000
10001011000000001011011000000000
00111110000000000000010001011000
00001101110010000000000001010000
00000010001100100000000000010011
10100000101101001110111010010111
11100000001100101110001000000001
10111010000010011100001100000000
01011001000000100111110101100000
11010111111010001100100011001000
00110011010100001010011110000110
00001000011010100000110011110101
01001001001110010101000010101010
00101000011010001101001001101101
11110110001000000101011100111101
00110110001011101110110001000111
10111011010000010110001110100100
10001111110100000101011011000001
10001001000110011010111001011000
10100100010000110110101110101001
00011011111101101000000000001001
00111001010110111001011101101011
00111100101101001010101001011110
11110110001000010110111101001011
00101010011001000100110001101011
10110010101010011011100011110010
10011101000011101110000010111110
01101010110101011110101101111011
10000001111000111100010011111101
11110010010010110101011000001100
00100000001001001110010000000101
10100000100110100010010010100101
00010011111101001001010001110101
10011011110011100010000010001101
01110101100101000100110001000101
00011001100001100111011011110100
10100000101010011010111001010110
01011110111111000000100101111110
11000110011000110111101000001011
11100000010001111000100000011000
10000000011011110110101110101000
10011011001110001100010001001000
01000110011001011001101111001101
01111001110101000010110110011010
00100011101111000001110001101100
01100010110101010111001001001000
11000111111101110011101011001010
10001100001000111000111010110111
11111000100010110001100101101000
11111101010011001011001101101001
01110110110100111001011001110110
11101100001000100101110000110000
00000000101011111110001110101010
01000101000001111101101010101111
00100110011000111100100011001101
11100000101000011110001100101101
01111000110011001101111111000100
10001010000111001011001110001101
01011001110000101010000001000110
10000101100011100011000111111101
11010010101100011011001110010111
01111001111101111101000000111100
10010100000111110110010010001101
00000100000000101010110000110101
00101101001100000011101000110011
11010011000010101011110001110001
10001000111110100100100111010011
11100011111110111011000000101110
01101001111011001101100001001110
10101110001010101010011100011010
11000101001110101111111011001100
00100100101110001001111100110001
10001101100011111011111000110110
01101110011001011011101110101011
11000101110001110110100101000011
10100110011100001011110100101010
11011001100000101011100010101010
11010001010110111111001110000110
10000111010011010010000001100000
01110101100110001110101110000110
00000110111011111110001011100101
01111110110000011001010100000111
10000000000001111111110100011010
01101111111000110001100001101100
11011100110110101010100010100010
10100101010110100101111100110110
00001010010001101110100010111111
01010000001000110100111101010100
11101100010100110011001100001100
00100001100101100110110100000100
01101110100010111101111111101001
00011111101101101011100000010101
00011011100010100010111110001010
01011001011100001001111110011100
00101001010000110100000100010010
01100100100000001100000111110011
01001010011000101010110110111101
11000011111000100100011011001101
01010110000011011110101000101011
00110111110010000100100100110111
00010001110110000011101101100000
00010010001001111000001111011000
00101110110111001010010001111110
01001111010110110011011010010110
00001111010011010000100110001010
11000010110111111011001000001000
11101001010011000110010011010011
10011110100110010010000001000110
00011101111110000111001001100000
10001001001011111011111111001010
11010101101001011001000010001110
00111100100000111110101010101000
00011011101110010001110111110110
01110100110100100010101111101110
00010011111001010000100000010101
11000100101001110100111011110101
00111001100100001000100000111111
01100111010101011001010111100010
11000100111101110111100000000101
00000111100000000010010011111101
11000010101001011010101001000010
10010001101001000000001001100011
00110000010001000110111111111111
01000101001101001110100111100100
01100101000010010111100000111111
00010011000001100100110111001111
01111111001000011010001100000100
00100101101111010001100011000111
00101000000001111000001101000111
00001010101111010100100011010111
10000110000011000000100010110100
00011111101001110010110011000000
01010101010111110101010011101010
00000100011101100100110110001110
10111110101011010111000111001101
10101111010010101111010011011101
00111011011001111111011010110011
10001000100000011110000100101010
00110110110001101000111001100111
10000011101101100000001101101001
10101000100010101101001010001110
00010010101000111110100100010010
11100001010111110111000010000111
11011000010000100001100001000010
10011001110100110111000100111111
00011100010101110011111111001010
00010001011100111101010001000010
00100000000000111011110101111110
01101101001110111100010001110001
00011010100100000001000110011011
00011010010011111111001100111101
01010111001101101000100000110000
11011000001000101000100001101101
11101001001001010001001001011110
01011111110100110110110000110110
10011111000101011110111110001111
01100111010000000001101001111010
10000010111010100011011010100000
11111010000010001100101010001101
11110000011101100110101110000111
10110100100001110010110100101110
01101101011110001110000000100100
00011111111000101011000011010000
01100111000001110000000101000110
00001101111000110000101101100111
00011111001101000011001001001000
10010100000110000011110010101100
10111101110111100101010100001000
01101100100111011011010101011101
01101001111100100101110011100111
11011100110000001000011101101010
01110110100010000010110101010001
00010011101010011111100111111111
11110100000101101100110100101110
01011010001111011010011011110010
01001100000011111001110010000101
00001000001111011000011000111011
00001101001010001001111011111010
00001001100010100011100011000011
00001110011100110100001111101100
11101001011001000001101111010001
10111011010110101001011001011001
11110110101000000110001111101001
11010000110101000000000010101111
10011011100101001000010100111011
11001101010111100100100101110011
11011110101000011000110011110111
00110011111100001010111010000110
01111111110010110101010110000101
10100111110001110101111101111000
10101011101010001001111110001010
10001101111100010000111100001110
10100010111100100010110011011110
01010011111111011000101011100101
01010100110100110101111001100010
11001101101111011110001111100001
00100100010011101101100010011010
11001010110111100111011101000101
00000011111011011011101111111000
01111000111010001000110100011101
01110100010111110100011111101010
00110111100000000010000000001101
00110010010100111111011011000001
10011101111001110011000001000101
11100110011011100010110110010100
11010001010110100110101110100010
10011011110001001010001100000001
01011111000001110100111011011010
00101111011001011010001110000100
01001101000011110011000110100010
11111010101000100010010100010011
00011100111011110011001101001000
00101101100010101011010110110010
11011010100111000001101100111110
00010100111001110001111010000101
01100110000010100011100011000011
10100111001110001000000111101010
11110111010101010111011010010111
01000000111101000100011010011111
01011111011101000100000000111100
11111100110010101010100101000100
00111011101001101001011001100001
01101010010011010101000011110011
11010011011100011011110011111110
01111111010101010111000100011010
01100010010000001101110000011101
01011111000110011110110110011011
01110101001000000011001111001001
11011001001010101101110100101101
11001000111001011000000000010010
01101111010010110110010011010110
10011111001011111100111001010111
00110110100011001010010111001001
01100000110111001001111100101100
01111110111000001111001101011001
01110101010010111001111110111101
10001001100000110000000111011110
11111001011101100011001101101111
00101111110100110000001110011111
11100010010000010110010001010010
11010101100010011111100011111001
10100100011011010011101100101001
10101010000011100001110010100101
00100101110010010011011110110100
01011111101000101111011011111100
01101011010101011000011101110001
00010001000101101010110001100100
00111010100100101100111010001011
10101000110110100101101011101000
11001010110011101010001110000001
10011110101010111110010110000001
11110101110101101101110101100100
11000111111001110100010010000100
11110101100010100011011010101001
01001101111101000110000101010011
10110010001100011111001010110010
10011100111010000101111100101111
11100001010110101100001000011101
11011111111000101010110011010101
01100000001100110010110100001111
11001101010111001010001110100101
00000111111001001111010001110100
00111110111010100110001101010100
11111111011001101001110000100101
11111010100101000001100011000000
10110000000011111101011101111101
11100100101011000110010000011101
10100100011100001001001100001110
01110001011111000100110101011110
11010000010010110100010101101001
00010110101110011100001100001001
00010110010101111001111101101000
01111001001000011101100000011010
11111010010100101100111010100111
00111011110000010011111111101000
01111001010110001110000111000010
00110000101111111010011110110011
01011000110101000111000000110001
01000010110011011111101010100011
00010010000111000010101010100010
10001011100111001111110001101001
01111001110000110000100010111101
11111001100000110000011010110001
11010011000011001011000110010111
00011000101011010011001010010101
00111001100001110100111101011101
00001011011101111001010010001001
00101011010000101001000100101011
00100101010011111010101101010000
00100100100110000110001000001010
11110001000101101100100010101110
10101100000110101000011110111111
10000011101010000011101010000110
00011001111011010000111101111100
10111000110000101011001111011010
01110100100001100110100001100010
00100101010011111000001110111100
00111101110000110010111000011001
10000001000001100010011011100000
10011010110101101111110010110111
01000001000010000100011110101011
01000101011011000111011010011100
11100001011011001111101000100110
10000000101010001110110001110010
01001000100101110010100101010111
10110100001010110111010101100101
00010000100000011010111101011000
10011101001010001010100011111101
00110101111100101111110100011100
00000010011111000001101010110111
11100101110001010011100001001001
10011100101000101010101010000010
00001010001011010001001000011010
10110100001111011111000110011011
11110001000011100011101110000110
01010001001110111111101100111000
01011101010100000101111011110011
11111010000000111111000000001101
01001111001110010110010010111001
01011111110011110001010010010001
10000110001110100001100011101110
11101100001100110011010001011101
00000100001101000010110100110000
00001101111010010100101010110001
01111001101100100010111011111010
01000010101000011010111010100111
01000000111010110010010100101000
01000100001101101111100000000111
11111110110101101011001110101010
01000101000110111001101010110111
10000101001001110111101011000001
00001101110011011100101000111000
11000001110101000001000010110101
11001010100100011110100100001111
10000010010011010101110110000101
00100101110110110110101000110010
00010111100000111101011101011010
00011110010100111011110100101111
01100110111110000101110111101110
01001101100000111100001100001100
11100111010010101100101110101110
01101110111001101001111011000101
01010001011100101101111000001011
00101001001111010110010110000110
01101011010110101111110001000101
01100000101110001101001010110001
01111010111101110111101111111011
01101011000011001000100100101011
11001001000011011010110011100110
11110010010000011101100110101010
11111001110100111101110010000000
01000100101110110011001011001101
00110011011110111110001000100010
01110001111101110101010001101110
10000101010010111100110101001100
11010111010000011010001011000111
01000000010100111110000111101101
10000011101101010001111110100000
10000001001000100011110111011011
11001110100111010111010010111101
10000111100010011011011111111000
10110110100100011011011111011001
01101100011001111100111001110000
11111111010110011110011100000110
00100100001000101011110111011001
00111001101011000001011110100101
11001001000101110011101100100111
11100000001010000101000001010100
00100011110000101000100010000000
01011001000100101111010001101000
10100111000111000001011000001000
10101100101111011000101011110100
10011110111110110101101000010100
00111000101000001111000111000100
01111001111111101110110000111010
11111001010100100111111110100011
01101000101111001100001111000000
00100011101110111111111011011000
00101001100111110101100001010111
00011110001010101111110001111000
00011100010011001011101101111110
01000101001111010000010101110101
01111110011011011001000011111110
11000001001100100000111110100100
00010010111010011110011000100011
10011001010011011111000001110111
00100011011000101001111011101110
00100100011001000101111111010010
10000010101001010001010111001000
11111101101011111001011110101101
11101101111110001010001101100101
00110110001001100100000100111001
11111001110011000110100010100111
10101101101000101001111111110001
11000101101000011010001111010100
11011001100001111010110101010011
01001000000010101011011111011001
00101110011010110000011010111001
01010101101010100001010011011110
11100010111010000011010011011110
00101101000101110011101100000011
00001110100001111110101111101001
11001110001011001011110101100000
10101111111000010000000000011000
01010010001000011011001111101010
00101101101010010100010010010100
11100000000101101101110000100101
01101101000101110110011101101010
10011001000110111010011110001011
00001111110010110000110001111010
11110000011000000110011010100010
11110100001111011110100111110000
00010110111111000000110010101101
00100100110001000101100011110101
00111100000101100001100000111010
01101011001101010111011100100000
11011001000101101101001110001010
01010011101000000110100110111011
11111100010010111101111000000010
00111000000100110111110110001100
10100011100101110110111000001001
00010101000011000100100111110100
10111010100010011001110101100011
10110101010001111000001101010100
11100110111100110100100001011010
10110100010011010111001001001110
11100010101111100000100100100011
11010100010000110111101110101111
01001110001100010100100100000101
10001100110010101101100100011000
01001001011001011101011001001100
10100111101011110001111000010111
00100011110011100001101001000001
10101001100000000101101000011000
10111011100101111110000111111010
11001000101100001011000111100001
11010110101001010101000010011010
01110101100001101001000000011010
00011100010110000011111010010110
11111010101000010111110001011110
01001110010000111000001011001010
01010001101010100110011011110010
00111111101000110100110111000010
01100110011001011001100011011000
10100001010001100111100110110001
11100000100101000111000110111111
00101101010100011011111110001010
00011001110100100101001001000100
01011110001100000011000001110111
10110010011011001010100111101010
01001010001100011011101111010111
01111000010000111000101001010000
11001101001001011101011010100011
01000001001111111100101001110111
01110100100011111110100100100100
01010110000010001010000000110000
11100111110001111010001011001010
10011111110010101000000000100100
10101010010100011010000000100000
00100001111100010100110100011010
00010101010011101101101110100101
01110010110110010011011101101101
01101110000111101001101011110101
11110110111010000011110011110001
11001111111111101100101110011110
01100001001111001001111101000111
11001010000111000110011100011101
11110011000011101110001100011001
10001000101101111100110011001001
00110000101000001111000110100101
11000101001111111001100011110111
11000111001000111010011011101110
01111001101000100101011000001011
10001000001001000010010001010001
01100111010111101101101001111111
01010100011111001000000010101101
11100001001100000100110011010111
10111011010011111101011000000111
10110110101001001101110000000001
10110011100011011010011101111011
01100000000101111000110011110110
11110011001110100011010100010000
01100100100010101111011000111111
00110010110100101100011101100010
01001010000101111100111101011110
00001000111001101001010001000101
00101011110000111110110001000010
10100010010111011100011001000010
00100100001011100011000011010000
10001111001100000111011000111110
00100000111011111110110010001101
00001000101111011000100100111101
10101110001100011000101000100010
01000110111101000111100010110111
01000111110000101101010111000011
10010011010111011110101010001100
10110000011110011011101000101001
11100001110011111111100001001101
11011111011111001000000001000101
11011100011000110010011100111101
10011000011011111100011101101001
10101011011111010111011000011001
01000111000110101001000111011010
00110001101000110101010110110010
01110000010011001011000010111110
01110111110111100100001110000101
10101101100101100111100011110010
00010011001010100100101110001011
10011101001001011011010010000010
11000101100100110101001111101110
11011101001010110010000011111010
10110000011001011001111000000100
01110011001011101101100111000100
01111000010001100111001110101000
01001000110011100101010011001000
11110010011000110001001001110111
01000000010100000110011000000011
00011110100101110111000100011001
00111001111111010011111110011001
00101100100110001011111011110100
10101011001110001101001111011111
11110100010001011010111110011000
00100011100111101111100011010101
11110011000010110000101110100111
01011011001011000011000011010111
00010101001111000111011000001011
00001110011101100011011001010101
01101100101001001110111001010100
10101000000000010101010100100000
00101101110010110001100110000100
10111100111000110001011001100101
01011100010010101010100001110001
10010011010110010011100000011000
01110010001100000111000011000001
00101101110110001101111110111010
01000011001101110000111011001111
01000110111011010101001000110011
11110101010001111110011111010011
00100000100110011101001101001101
11001100000101110111001111101111
00101100111011001110001101011010
11001100100110110000000000011000
11010001111001101011101001101100
01011110111010100110101101110111
01010100011101001110110010010000
00001111111111100001010010000001
01011010011000111000101011101010
01011000000110011011001110101000
01010100010001111111001001011000
01001111000000110101111011011001
01011110111001110011001101011111
11000000010001111100110111001100
10000101001001111001001001010010
11111011100101000001010010011010
11001011001100001010100101000100
11110010101101100110011011011111
10111000111000110100000100010011
10100100101110100001100110111111
01011111000011001010110001001111
00010101101010010100101011111110
11100101101001100110011011011001
01011000110001101100101000010100
01101110111101001111111110000010
11011000101011010100101010011001
01001001010110011011010101110000
10010001100111111110111010011111
11111111100001111110011000010111
11100110100100000000000010000111
11100110000101111110011010010000
00000000100001111111011100000111
01110111000001110111011100000000
00000001010000110010011001000011
00100111000000000000000101000011
00100110010000110010011100000000
00000001010001000101000101000100
01010001010001000101000000000000
01101100100111110011110010011111
01010000000000000110110010011111
00111100100111110101000000000000
01101101110110110110110111011011
01101101110110110000000000000000
01101101110110110110110111011011
00000000000000000110110111011011
01101101110110110000000000000000
00000000000000000000000000000000
00000000000000000000000000000000
00000000000000000000000000000000
00000000000000000000000000000000
00000000000000000000000000000000
00000000000000000000000000000000
00000000000000000000000000000000
00000000000000000000000000000000
10000000000000000000000000000000
00000000000000000000000000000000
00000000000000000000000000000000
00000000000000000000000000000000
10000000000000000000000000000000
00000000000000000000000000000000
00000000000000000000000000000000
00000000000000000000000000000000
1deg=19968
deg tmp = 31
128 bit k-distribution
k(1) = 19937
k(2) = 9968
k(3) = 6645
k(4) = 4984
k(5) = 3987
k(6) = 3322
k(7) = 2848
k(8) = 2491
k(9) = 2215
k(10) = 1993
k(11) = 1812
k(12) = 1661
k(13) = 1533
k(14) = 1423
k(15) = 1329
k(16) = 1246
k(17) = 1021
k(18) = 1021
k(19) = 1021
k(20) = 987
k(21) = 659
k(22) = 156
k(23) = 156
k(24) = 156
k(25) = 156
k(26) = 156
k(27) = 156
k(28) = 156
k(29) = 156
k(30) = 156
k(31) = 156
k(32) = 156
k(33) = 156
k(34) = 156
k(35) = 156
k(36) = 156
k(37) = 156
k(38) = 156
k(39) = 156
k(40) = 156
k(41) = 156
k(42) = 156
k(43) = 156
k(44) = 156
k(45) = 156
k(46) = 156
k(47) = 156
k(48) = 156
k(49) = 156
k(50) = 156
k(51) = 156
k(52) = 156
k(53) = 156
k(54) = 156
k(55) = 156
k(56) = 156
k(57) = 156
k(58) = 156
k(59) = 156
k(60) = 156
k(61) = 156
k(62) = 156
k(63) = 156
k(64) = 156
k(65) = 156
k(66) = 156
k(67) = 156
k(68) = 156
k(69) = 156
k(70) = 156
k(71) = 156
k(72) = 156
k(73) = 156
k(74) = 156
k(75) = 156
k(76) = 156
k(77) = 156
k(78) = 156
k(79) = 156
k(80) = 156
k(81) = 156
k(82) = 156
k(83) = 156
k(84) = 156
k(85) = 156
k(86) = 156
k(87) = 156
k(88) = 156
k(89) = 156
k(90) = 156
k(91) = 156
k(92) = 156
k(93) = 156
k(94) = 156
k(95) = 156
k(96) = 156
k(97) = 156
k(98) = 156
k(99) = 156
k(100) = 156
k(101) = 156
k(102) = 156
k(103) = 156
k(104) = 156
k(105) = 156
k(106) = 156
k(107) = 156
k(108) = 156
k(109) = 156
k(110) = 156
k(111) = 156
k(112) = 156
k(113) = 156
k(114) = 156
k(115) = 156
k(116) = 156
k(117) = 156
k(118) = 156
k(119) = 156
k(120) = 156
k(121) = 156
k(122) = 156
k(123) = 156
k(124) = 156
k(125) = 156
k(126) = 156
k(127) = 156
k(128) = 155
128bit D.D:  19466, DUP:  107
64 bit k-distribution
k(1) = 19933
k(2) = 9968
k(3) = 6645
k(4) = 4984
k(5) = 3987
k(6) = 3322
k(7) = 2847
k(8) = 2492
k(9) = 2215
k(10) = 1993
k(11) = 1812
k(12) = 1316
k(13) = 1316
k(14) = 1316
k(15) = 934
k(16) = 934
k(17) = 624
k(18) = 624
k(19) = 313
k(20) = 313
k(21) = 313
k(22) = 312
k(23) = 312
k(24) = 312
k(25) = 312
k(26) = 312
k(27) = 312
k(28) = 312
k(29) = 312
k(30) = 312
k(31) = 312
k(32) = 312
k(33) = 312
k(34) = 312
k(35) = 312
k(36) = 312
k(37) = 312
k(38) = 312
k(39) = 312
k(40) = 312
k(41) = 312
k(42) = 312
k(43) = 312
k(44) = 312
k(45) = 312
k(46) = 312
k(47) = 312
k(48) = 312
k(49) = 312
k(50) = 312
k(51) = 312
k(52) = 312
k(53) = 312
k(54) = 312
k(55) = 312
k(56) = 312
k(57) = 312
k(58) = 312
k(59) = 312
k(60) = 312
k(61) = 312
k(62) = 312
k(63) = 312
k(64) = 311
64bit D.D:  12934, DUP:   47
32 bit k-distribution
k(1) = 19934
k(2) = 9968
k(3) = 6645
k(4) = 4983
k(5) = 3987
k(6) = 3321
k(7) = 2770
k(8) = 2491
k(9) = 2215
k(10) = 1993
k(11) = 1793
k(12) = 1602
k(13) = 1465
k(14) = 1248
k(15) = 1248
k(16) = 1245
k(17) = 1034
k(18) = 900
k(19) = 624
k(20) = 624
k(21) = 624
k(22) = 624
k(23) = 624
k(24) = 624
k(25) = 624
k(26) = 624
k(27) = 624
k(28) = 624
k(29) = 624
k(30) = 624
k(31) = 624
k(32) = 622
32bit D.D:   3325, DUP:   13
