mexp = 19937
filename:resX7.19937.magi07.060722.01.txt
POS1 = 31
SL1 = 14
SL2 = 1
SL3 = 28
SR1 = 7
MSK1 = 7ffdffff
MSK2 = fdfeffff
MSK3 = fafeffff
MSK4 = 7efbffbf
deg poly = 19937
11101010111100000011011001011011
11100100100001111000000101101111
10100101100111010110111101101100
01000001010000011101010101000111
10110100110100100010100001010110
00010111001101111111010000110111
11110011101000011000111100111000
10111101101001000100000010111011
01100101001111010110010111111011
11010101101110110000110101000111
01000000000010100100011000110101
01111100110110111001000101001000
10001100000001011110001001011010
00101111000010000110111000011010
10101100101000010111010001101011
01000010110011010001010011011000
10100010000001011110000101101110
10011001101000100011111010011110
01100010110110101010010111001101
00110100011001000000101001110110
10000001101010001101000010000111
10111011001000000101000111100001
00111011110001010010100011101100
11100001000011001001110011110101
01111000100110000110111001101101
10100001001001110011101001111110
00010101010111001010111111001011
00101111000110010010111101101110
11101101000111000101010100000111
10110110110010000101010010110100
00001011001111100000101010000010
10101110011010010100101111001001
00000100111110110000101010001100
01001010100011110011000100001101
01100001101100010001100010101010
00101000111010010110011100110111
00000100011001010111101101100001
10111010100110010010010111011010
11111100101011011000011011101100
00011100110010111011011000100100
00110101000001000001010010110110
10101100000101000100100100100101
01111011110010110000010001001001
10010011010000101110100001011000
00000111010110100110011100110011
10110001100111100000011101101010
10101111110100100111011000010010
11011011110100001010010110100111
00010110110001100110111011001010
10101010000111111110001011100111
01010000101001011010011100100010
00100101101010101101000101100100
01000010100110010011111001100001
00001101101010111001110001010111
01101011010010001111111110101011
11111100101100110100000011001101
01001101011100101010011100101010
11000000100100100011010101000000
10010100111100011101111100100101
01000001100011011001010111011000
01110000010000000010101100011111
01000110111101010001001010001110
00011010000000011000010001010001
10110110011101010100100000100111
11110111010101001000011000111010
11010010100011100000101101110000
11011010100100111100101010011100
11011010101000110101010110101010
00111111011001010001011111001110
10011010111000110001110001110100
10010011110001000100100111110110
10010100101100101001011010011110
01101111000011100101000000000111
01111010010000100101101101010101
10100110000000001001111101100110
11001111001111010100000011111011
11111101101010000111101000111011
11101001010010011111011011101011
01010101110100010110000000011011
10100011000000000111101100011011
01001101110011111111001001101001
11110001110011001011010001001100
10010000100011110000011011100010
00101010000011011110100100000101
10010000010111010010000010111101
00110110110011011101111000010111
11010111001001011101101000010111
10110111110000001001010111010110
11100000000101101110101100110110
01010001010110001011110111110010
10000000011001011100010010100111
11000101101100000110101100000111
10001111010001101001001101011110
00101110110000001100110111111100
11001001010110101110101110001011
00100001111110001101111010110100
11011011110000001001010001000001
10111000101110100010010100100001
11001011101111101000011011110011
01101101000111101010110010000000
00110111010001110101011110000111
10101111111111000010101101101001
01000011001110001011100111110100
10100101101101001101110111011001
11010000100011010010001000110101
11011101011110011011000000001001
01011110000001001100110011001001
01111001010011010111101010111000
01110101010011000011110101011110
10001110001011011111101010110011
00011100010110011110110011000100
10101001011000100000010011100100
10010000000111100110111000000010
10111101011010101001110110100111
00101101001111000110100111001001
11101001000000110011101001011100
10111111111111111010110100011100
01110100000000010001101010011001
00000111000101111010111100011001
11110100110100111101001110000110
01110101001000010000010001010001
11101011100111001001101100010100
11011110000001101101011110001101
10110011110100111000101001101100
00001010001101100000100100001111
10111110101110110111001100010001
11001101001110100011101100100001
01001010100000010010001100100100
10100011110100001111011011000111
10010011100011011000111010001110
00110101001011111001111011100100
10110001110111001000001010100101
10101110010100011010111011110010
01111010100011100011110111011111
01001011000011001100110100011001
10011001001001100010111100111101
00100010000100010011011010011111
01101010110101010010010111100001
10100000010000110111100011011110
10101100110101110111111111000010
01001000001111011110001101101001
10001111110010100010001011011111
11001011110110010111000101111000
10011100010011001010000110010001
11100011010001101010011001010010
01110010100111100010001111101101
10001011111100011110001111111110
01110010100011010100100010101111
10110111111001100010100011011100
01010001110001000001110110111011
00000100111011000111101011100001
10011000111011001011010000110000
00001110011100100100000110100110
11011101011100001000011110110000
10011111100110101111000011111010
01001100100101000000110100100110
10100001110111010001101101010010
01111100000000001011010111001111
11110110001110101110110101010011
00011110110110010100110011011001
10000000100100111001101010000010
00001100011101010010000010101001
00010010111101110100101010010011
11111101110100001111111001001101
10010111000100101100010110010111
10110110010111111011110000001010
11001100000001001001010101111110
10100110100101010101011110100011
10111101010011000111001100011001
00000111011100110000111001011100
11011000100100100110000110101100
00000100110000100100110011110100
01101100100010001010000110000100
11011011111101110011110100101010
01010001001001011110000000100011
10110100001011100111100001110111
01000001011101011001101011011010
01110101011001000011111001000011
00100000011000101001111110100101
10010111101001001010100111101001
10011101110010010111001101011010
00001001100111111101101000000111
00111100000100001111000000110111
00100001000110111000000101110001
00001011100101000100010001010001
11100110100111111111011111010001
11111010000010101111011000011000
11111000000010111000110101101001
00000101111000111011100100001001
11101000000001101010101010000000
01010111111011110111100011110100
11011011010110001110000010100011
00110111000010111110110011101101
00101011100001011010111101100011
00001010100010110000100000110010
01011111010011110100011111111011
00111101010101011000010110001011
01000110100011011110001001011010
00000111001111010011111000101000
00101011001111110000011001010101
11011100001011001110011100100011
11100010011000101000110101110110
10001111010010010111100100111111
10110111101011111000001100101001
11111101101101111001101010110110
00011101010100001011111110011010
01110001010110111101111101011001
01111100010001101100111111000001
11011011011101110011110111100111
10101111000000110010110101100101
00101110101000011111001111110111
00111111110101101001001011010010
10110000100101010101001100011110
01000011100110000011100000000011
01001101100111110111010001111100
11001000101001001001101111110000
10101001011101100001110011010101
10110010010011011000010011110101
00011000111100010110010000100111
11001101100011101010100100010001
11110001010010000010010100000111
11011010111011110010010001000011
11100111100011001110000011011110
01111100111111100010011100001010
10011111110001011101011110100110
10110010110101100110111101110111
10100110010111010010110100111011
00010000100110101111100001100100
10111000110011111000011111001001
01010111100001110001001101010010
10100101110000100101011000111100
10010001011000111100000011000110
10100101001111111101101101100110
00011111011110100110000101001111
10111010001001110111101011110010
11001001110110001111101010011101
10100110111111101111110100110000
11110101110010001010010111100000
00100011110011010010100001011110
00001000000111011101000000110000
11111010101110011110001010000001
11001101100001001000011100110110
11100000010100101101011100111110
11100011010110111100001111000111
01101111111000011001001010101010
10110100111100111010001000011000
10000111100011000101100010010000
11001001000010100111010101001111
00000110110101010101100101000101
01101010110011000000110000101110
11100010100010001111100011100001
11001111110001011101011010011011
00001110100001110100101000010000
00011110110101001010010000101000
10111011000011110010011101001101
01110111000001110010111011100101
11010101110110000000101111010011
11111111110010100011101110011101
10010101000100001101110011100011
11001110001111111010110000110100
10000110111001101011111010000000
11110110111011011001101010011001
11000011010100010101000111111011
11010100111010101001011101111101
11010110001101001110110010001111
11110110100001110111100101001111
11100011111000110011011010110000
00110111100110110010000001001100
00000100001100110001010101000110
10000010111101001010001001110111
00001101110111011010000101110011
10101111010100000010110001000001
11101101111111011101111110001011
11101000000111110011010110000111
10000001011110111111010010001110
00001010100000001001011100100010
11111110011011101101100110100011
00110010000101011011100000000101
10111111001011011101111001110111
01100001001001001010101100110101
10010010000010111011100101010010
10010110001110001000011111000100
01111000001101111111001011111011
00110100110010010111010000010110
11010110000110001100011011000100
10001111101111000010011010001001
11110010101011001010110100100011
11100010000100110100011101010010
00111010110110011111101001000011
10101101000011101010010111101011
00000011110101111111111000100101
11010110011100101111001101110000
11101011110011100110010101001101
11101111000110010111110101111110
10001000101011001101000001010011
11111110101110111000110000011111
11101111111101011000101001111010
01110111101010111101011001101011
10100101001101011011010100000001
01101010011100000001100011010000
01000111110001011010000101011110
10110001001000111111001010100010
11011011001001011011010000101101
11010001101100111010111110000010
00100100011000001001001111101011
00010001011111110110110100001010
01101110101001110111111001011100
01101101111000101000100100011001
11000110100110111100101011011010
00001110001101011001001100101010
01010011111001010111000110010110
00111001001100011001011001101010
01111110011000111011111011000101
01011110000011011100111110111001
01111101111011101111100101010100
10000110101001101100000111101011
10100000010010110010010011110101
10111101011000110101000110010001
11101011000000100010010000010000
10011010001110111110111010110001
11001011011000010100101000011000
00110100110011101111011111001001
11011110101110101101111000100111
01011110000011001011110000110111
00101001111000111101001100111010
10111110010011000011011001001100
10000100110100000111110100101001
01010101011000110000011110011010
11000110011100000100010000101000
11001111110010101000011011011000
00000010001010010011111000000111
01011100101011011111101000011111
00011001100010010011101110011001
01111111011100101110010110100010
01001011011111000110100000110000
01011100010100100111110000110110
10011000101001000110111010000110
00111001101100001101101001100011
10110001110001111000001011100001
10110001111010010001110101100001
10111100011110101100001010101110
11100010000101101110010000100010
01100000100011110001010000001111
01100111100110011000111110011010
00111010110001010001110011011100
01001100010001010010010111011101
10101110010101011010011111100100
10001100000111111001101011000000
11101000101110000101000110111101
00111000100011101011101010111010
00011101001001100010111001000101
01101001011110110001100101111011
10011001010101010100101001010101
01100010111011000101101001100001
11110101010000101000100110000001
11110010001010011001010111101111
01010101001011111101110001101111
11000011111100011011000011001010
00111000010110001010110100110000
10010001111010101011001100110011
01011011000011000000101011100011
01010111100111010101101010111011
01000111101000100101010110011010
11100101100010000101100110011101
00000000101001010000111001001110
00111010001100000111001011110010
11010001010011100010011011110101
10001111110101101111001010010100
10101001100000101100100101011011
00001001110100101010100010001010
01100100100010000111011000100011
00001010110001000000010100010011
00010111001011110111101110001111
00011110111001110101000001100001
11001110110111010000100000101001
01001001110011001000111101010100
00011111110000100111000000001101
00100111001101110010111001101101
01100001101001110100000110101000
01111000110000100010011011010100
11101001110111111110010101001001
11101011001111101100100000011011
01111100000001010101100101011010
01110100010011011100000101110101
10010001010010101100011101110000
11110110110100111100101100011101
00000001110110011001100100010001
00010001101110000101000111000010
01101100101010100000101011110101
10100001100100111000110110101110
00110011001010110111011101010111
00101110011000001110011000001010
00010010100110001100100001101001
11101100001000110001111001110100
00101110111000000110111110011000
00100000000111010010001111011111
11110111100011111111110010010111
10101100110100101101010100000001
00000101000000011101001011101001
11001010001010110011001111111111
01100111011100011111100100010111
00111001001111000110101111010110
00010100001100000000000111000101
01111011000110010000010000111001
00010011101100110111001010011110
11011101010111010001111010111101
00010101010010110011101111100011
01111000011010010111011001011110
10010111111111101011101011100111
11001000000001011010000110010101
10100111011001011111010000000010
11011000010011001110010011001101
10000101010001101010101110100010
00010010110000111111000100110000
10110111110010101011010101010111
01010110010100111000100111101001
10010101011110011101000101010101
10100001010100010001111111100101
00110001100011000010010000000000
00111000011101110110001100100000
10111001100000100010100011110000
10011111001001101010001101111000
00010011011110101001001111000111
11100110000101101001011000101000
11000001100000100010011100110101
01001111000010001100000011101110
11001101110000010110011000111100
11110100011010101001010100011101
01001101111100010011001111101101
01110000101000010111101111000111
11011100010111101110111011001111
11101101001000000101101000001110
10011110110001011001010001100011
10100101000110100000011100101001
10011000111010010001010100000010
11110011001011011010100000000101
10001000001010111111010101001000
11000101110111110011101110110110
10011001011101001001010110101110
01010000000100001010010010101000
00011011011000110110001010000110
01000101100011100000111100111110
00000011011100111011101001111101
00111011100100100001011000111101
01011110100001001011101110000010
00010001010010101100001101111110
01011110000100100110000011010110
00011001000101100000100011010101
11110101000011110111110111010000
01000000000100011010101100010101
10011101110011011011010000110110
11101010011010111011101101100011
01110111000011010001111010001111
01100010101001011101110101000110
00000111000111101101111110011101
01001111101101100100110000101100
01100011001011001100110010000100
11111001011101101010110110000100
11110101010000000111001110110111
00001101100011100111010011101010
11101011001110101110010100010000
10101100101100100101100111000111
00101101011100010100101100011111
11100001010101010000110111110111
01111101100000100101011011010110
01111011110010010011111000100100
01111011010100011110000110001001
10000110000110011101001100101101
11111001001101100111011101100111
01001001001100011011111000100111
11111100100011110000110111101000
10011100111111000010000100001011
00011111011101111100011100101100
01001110111011011110000000101111
10011001100110001100101110101101
00011110011000010000010110000101
10010001000000000100001000010101
11111110010010011111011101111101
11001000000001000011000101001010
01111100110000000100101111110000
11101000011110111001110100001101
10001010110011000000000000000001
10110101010100111110101110100110
01010000000111100101110100011011
01001001100100101001101010100000
01000111100101111011100001011010
01000100010000100101110100011010
00100001100100010010101111001100
11001000000001110011000010110111
00000110110101100100001100000110
10110000000101100000010111001111
11011100001001111100011111100111
00001011101111110101011000111101
10101011000000000001100101010001
10111000001001000100001001010111
10011011111000010100001000110100
01111101011010111110100111101011
01101110110100011010010110001110
00000101111001011011100111100100
11101001110011000010111000101001
00100110011110100101100010000011
11011111000111100110110111001110
10000000111101110001101101100100
01111001111111100111110110101000
00101111110001000000110010101100
00100011010010000001100101011000
00010100010010100000001010001001
10101000101110000111111011111101
00010011000010101000100110110100
10010011010001110011010010000101
11111111010111001110011100111111
11011110100111010110110011001110
00010000111111011110001010000111
11011010001101111110101101111111
11010000010011001011001000000010
10110011011011001011101011110101
10101110100001011010011001011111
00010110101101010100001100000111
01011101101010000100111100001100
00111001101110100111010000110011
10111011101101010011000101111001
10111000101001011100001000110010
00010101010111010011111111000010
01000111110110101100001001011011
01001101100010011110011101010110
01011011100101010101101010001011
00011011111110010110100110110101
01110010011100010000010111111010
00011000100010000001001001100001
10101110010000011111011100010101
10110000111001101010001101001110
00001101101001011111010111110100
00100001110001000111110000111111
01101000011001111100010010101001
11010101110100110110100001010110
11110100100110101100110011011001
00111010000101011011110011010101
11111000110110100111110010010110
11101011011101011110100000111110
10001101010100010011011001111111
11010001110011011101000010110001
10011110101011100100111111000101
11000110001111001011011100000110
11010010011110110011110110101011
10010111001011110100010001010011
11011011011010001001011101110001
10100101010000101011100011011101
11001000000110101011101001000110
11011001101110110001001110110001
11101111000010000010111111100101
00101000101101010000110101010110
10001001001100001111100101110011
11111001010011010001000011001110
00110000010111100101100100111010
11001011011101010000111100100101
01001110101111100110110011000010
01101011000110011010110110100010
10111111001110110011000001001010
01100001000011100011101110010000
10101011111100100111100100001011
00100110111100100011001111110000
00000011011100010101101001100001
11101001000110100011011100001111
01011101110011100100000010111011
01000110010100111110011010110011
10111001011011111110000100011000
11010011001010100001101111100101
01001001101011101111110101110011
01001000111001010111010011110010
10000110101100100110010110000010
00110110011101001001010001011001
00100101111110111100101011111000
01011100000001010111110111110001
10011000110010100001010010001110
01000100101111101010100001100111
11000111100110101100110101110010
01111100101011011010010111001110
00110010011101111010110010110100
11011001101100011010011001001101
10100101001111101001110100000101
10110011000110101010001101110100
11000111011101010010101111111001
00011101000010011011001001011110
01101011011001011111010000100110
11111010000010011100000001100101
00110010100100110000001000111001
00000110110101011001110110000101
10011100111110010001011111101010
00111100000000010001010010100111
11000001111100000101001111101010
01110010001110110000000010010110
10010110000100100110111110110011
00110111111010100000110111000011
11000101110110110101111011000110
10001111110010100011111101001111
00011001010111011111000100001101
11111011110001000100111100101011
01101000001101100110101100111000
10010000100111100110101110010101
00011101001010110101010001111101
00010100000100111110100011101101
00111000110100111000000110101001
11110111000010001100101101100111
00110011101000010001111101110110
11111111100110010110011000011100
10110000000101110011100010001110
01001011111110111110000110100000
11010001000011111111101111000100
10011011101110010100010101000110
11010101100110001111010010011100
10100001010000011100011001101110
01001111101011011001011101111101
00100010000110110010010101010011
11100111011011100000111101111001
10011100011011010001001000111111
01101100110111011011101101011100
11110110001001010001110000011000
01001110110001111100010010000010
10101000010110001010011101000111
00010010100000101001100110000101
01010000100010101001111011011101
11001100100110101110011010101000
00000101111010001010100000110100
01deg=19937
deg lcm poly = 19968
weight = 9140
10000000000000000000000000000001
00000000000000000000000000000000
00000000000000000000000000000100
00000000000000000000000000000000
00000000000000000000000000010000
00000000000000000000000001010000
00000000000000000000000001000000
00000000000000000000000101000000
00000000000000000000000000000000
00000000000000000000010100000000
00000000000000000001010100000000
00000000000000000001110000000000
00000000000000000001000000000000
00000000000000001010000000000000
00000000000000010001000000000000
00000000000001101001000000000000
00000000000000010000000000000000
00000000000011010000000000000000
00000000000011100000000000000000
00000000010010010000000000000000
00000000010100000000000000000000
00000000110100000000000000000000
00000001010100000000000000000000
00000011110000000000000000000000
00001101100100000000000000000000
00101010000000000000000000000000
00011011010000000000000000000000
00011001000000000000000000000001
00111000000000000000000000000010
10001101000000000000000000000111
01110000000000000000000000000111
01101100000000000000000000001110
00010000000000000000000010110110
00000000000000000000000001101110
10010000000000000000001101110110
00000000000000000000000011100000
00000000000000000000010011100101
00000000000000000001001100011000
00000000000000000011110110100001
00000000000000010001010000010001
00000000000000000001110010000000
00000000000001010110001101010000
00000000000000101100011000000000
00000000000010110001111000000000
00000000011010001001001001110000
00000000000110010110000001000000
00000000010111100010000110000000
00000010001100111011100000000000
00000001110111100010001000000000
00011000000011011010010100000000
00001001011010001001110000000000
01001010000011100001000000000000
00001110111000100000000000000001
01000100111010100100000000000100
01111101100010101011000000000000
11101000100000010000000000000110
01001001110011110000000000101011
00101110100111000000000000110110
10011111111010100000000001010100
11001100000100000000000111000101
01011000010100000000011000111001
00000110010100000000101110101110
10001010000000000001110110101111
10010000000000000010001110110110
11101000000000000011111110001100
11011111010000001100111001011011
10100011000000011110010011001100
01111000000001011101111110101101
00000010000011101101111100101000
10010000000110101001000001110101
01101100010000011110110011011010
00010000010011000001011000001010
00000001001101100001100101100000
01000000010010100111101011000000
00000011110111100101100100100000
00001010001011110001110101100111
00100000111001011001001100011000
01100111011001110001000100101010
10000111101110101111000100010010
00011100111111001011111000000110
01101100101001010000001101010110
00000010011011100000101000010100
01001001001001111101000000000000
01001111011001110000000000110110
01111010010000101110000010111111
01101010110000110000101100011001
01000101011000101011100010000111
01111011001110100001010100100000
11101011010100000001010110000100
00110001000111000011000000110111
00000011100110100000000000001011
01101011100000111110110001101010
11011110110001111011110010000101
01011100110000101111110000101011
00111100000111001110000110101110
00010100010110110110110011101001
11111011110101011001011001100011
11111001000000010110001110110000
10010000011011011110011100011000
10000010011111101011111110110111
11001110111101100001110110010001
00100110001111001111000101101111
11110001000001010101000001010110
01001001110011101101111111110100
11110010000000110110100110001011
00010100101011110100001111010010
01101101110110110001111110101101
01111101011011010110111100001110
00101111111000010001111110000010
01100111001100110000000010000000
10011011101001011100110001110101
00010101111110111111011011010100
00001011111001110110100001011110
11110101011001001110110001101011
01000111011100101010110100010101
11001101000000110001001011010011
10101101001011001010101100000101
10101101001100000110110100001101
01101111011110000000100001111110
11001110101010111101111010111110
11011100001001100001110010010110
00000010100111011000111001011101
00111111000101101011100000001010
10111110001001001000100110100101
11001010001111001000101001100111
01011001000011000010110111000111
00110000010111011011111001001001
01000110101010011100000001000101
00110010100100111111101000101010
00000010111001001111000100011000
00010000100001111010001000101001
01010001110010001001010101010111
10011100110011101001111010110010
01100001101111101001101011001010
01010111000100000101000100010011
01010010111111001101101011000001
11011110011010101111000110101110
11000101011101100110101111100101
01110010101001011001101001001111
01110010111001100110011000010000
01110110110010011001111110000110
00000111001010100001001101010011
01100011101110001000001010100010
10101101110111011101110110010100
10000010001011100100100001010010
10010100011000001110001001101101
00010000011110111111011101001010
00110101100010010011100100111110
00110111011110000010111001000100
01010001011100000101000001000000
11101011010010110000000001011110
10000110001001011100001000000010
01011101101011111010100000110000
01010011011111001111100101100011
10011101000011110110100100110001
01011001011011111110110001001100
00010110100101001100101111100011
10100000010101100101011010110111
11010111000001001101001001010100
00010100001111100110101000010011
01101010110010111101110011101100
11101110110111111010111100011111
01101011110000111101111111010000
00100010110110111101111110000001
01000001100011010100001110011101
01011111100111111010100001000001
01110111111000001111000111001111
10001000101001111011000011101010
01011100110011100111010000000110
11100001011110101101110101101110
11010011101000110100111010101111
00100111110001111011011110001001
10000100111000110011100000000110
00110011101000100101110100111001
11111001000011100111100001011011
01101011000111011001001011101011
00011011110001001101010100110100
11110101110101010000001011010100
11100110010110101001100000011100
01010100100101011001101010111000
10000101110110110110000001101001
00101000010101110100100001010111
10100011110101101110100011000101
11111010111111100100000110101000
00101110010101011111111010110111
11110110001110111001011101100010
10111111101001011101100110111010
11110000111001010101101100111001
10111110001011011000000100000010
00100010010011111010111010101001
01100111101010100101101011110000
10000010011000110001101001000100
11110010110101110001001100111100
01000101110011100010111111110101
11100101000100010101110101010000
01001100001011101101001110100111
10110110000010101100111111010111
00110001000101011010101001000110
00100001111111010100011010000101
00011000101000010100100000011010
11001101101110100000010001000101
01010100010111111001011011110010
11100001111001101001110010000000
01010101011111011000001101010111
11011100101100101100101100001011
01001101011000110111110101110001
00001010001011101001000001001111
11101110000111111110101110100011
10110000101100000000111000000010
10101101010111110010110100000110
01011110001011010101100110010111
00110011111010101000000011100000
10001001011111101101001111101001
00010110110110100000111010101100
01110101001011000001110000010101
01101111000110010000011101110001
11110011110011001100110101000101
11001110101101001001010101000011
01011011110010110011000001100100
11110000101101110000111110101111
01101111111011000101101011000010
01100011000100000100000111001111
00100000111000101011010101111110
00010101101101000011111011101100
10001111111010111101110100101011
01001100101101000100000100011101
01011110011011110011001000001100
11101010000101101101011000111110
01101110001101111010110001011111
01100011100010101111010111000011
11001010111111011001100111101000
10010111110011111101110100010100
11000100110110000111110100001011
10010100110110001101011111111111
01100001110110000111111011001010
00111101011011001100010100111110
10101000010000111011011100100000
10100001110000000010110101101111
00010001011000111111001111011001
10001110111100100110111101001110
00010010110011010110000001101110
10011001001000011010001000001101
10110000001100110111001100101110
00101000110010110011011111110110
01011100011111100000101011111001
11100111110010010111001101001100
11001110100001110001101010000110
01111011101110100010110101100111
01001000010101110010100111111000
00111110010111001001000011110011
11010100101011000010010011111100
11100110111111001100001001001100
01001111101000101111111111010000
10110010011011011110110100011100
00111111000110111110101101110111
01010100111101100010110001100110
11101101010001010011111100000111
01011101000001010000110001001111
01110000101101000001101110110111
00001001001000111111100101010001
01010001100001001000000010100000
11000101111010100100110101000011
11101000000111011101000101011011
10011111110011011101000100000101
01100110110101001010100101010011
01010100100001111000110000000111
10101101100010001000111000011000
11011101001110101010011111000111
11100110111100101001100010001111
00110110001011110000000110101010
00110011000101111100110101111110
01100000111101100001000100010011
01000001011111101101101000010010
10011000001110011101000000000101
00111011010101001001001000100010
01111011101101110000000010110000
11100100001000100101011000111010
11100010010000011010001011111010
11010000000101110000101100000010
01001101100001101101000101100111
00011010001010100101111101111100
00101101101011110111010111001001
01111001011011010100000000011110
01000111011100110101000011100011
00001010100000101010101111110011
11011001101101010010100011100101
01100111011010010000101000111000
00000011011010110010001110100110
10100000010000100001110010110001
01101110100011010001100001100001
11110011000111110000101111101111
11101110110101100010001010100011
00111111010010100110110001001010
11110010000000001100110100101001
01100011110110110111101010111001
00101111011101110111001111001110
00011011101000000011111001101110
11101111101110101111101001001111
01000111011110110100000011000011
11110101011101011111111010011011
11011011100011011100111111111010
01111101101111110001100001100111
11010111110100000001010000011111
10001110011011100000011000100010
11101000010001010111010101011000
01100101000111001010111000011011
01101000010110101000101100111100
10001010001111110011011110000000
00111100001100001110101101011001
01011110110011010110001001101100
00111100000011101001101100100111
00101011101000100111011011110000
01110010111100010111111101111100
10001110111101010111001001101100
00101011101111010101011110110010
01001001111010000010110100011001
11010001111001110000111010101011
11111111010000001010110100000110
00110011001101101011000011000001
11010010101111010100101010110100
01111110111000111110000011111101
11011000010111000000111101000011
10111011110110010111001111111110
10100001011010111001101001111101
10111001000110100010110101001011
01110001110001100101101111101001
11110011111010010000100011111110
01100111010001111100001000111001
10100110000010111100101001001011
11011100110011100110011100010010
11011010001011000011111110100100
11110110110000010101110111011011
00011000011001110011100111111001
01001111010010011100010010101110
10111010110010101000010100000101
00000110011011001011001010100101
11010001001011001010001010010101
01000000111110110011110101111101
00101001011010010010110111001100
00000110100111010001111101010110
11101100110100010110000110000111
00101110010011011100000110100110
00110111010110101001110011011101
11000011011110000001111001011111
01110011101100001111111101100011
01010110001111111011010100111110
00111011010010111001100010010101
00100101010101010100110000011101
10000110001101010111011101000111
10011010010010010101010010011100
11011110011101000100010001010101
10101000001001110110010111000110
01011110000010100010100110000010
11111001111011000100001001111110
10111111100101100011011001000001
00101000010100011101100010000100
10110110111011110101100110110001
01010001010110111111110010110011
11110010001000011111011001001001
01111110001110011110111011010010
11010111001010100010100110000011
00110101111110110100100001110111
11111101000001111010010011000010
01110010111101110110110000100101
10010101001111101000100110111001
10001000011011011010010111101110
01111000101100001101111100010110
01110101110111110011110101011000
01000010111100011000110100100000
10110001100100111000100000100110
11111101001110010100010011010001
10111101000001100001000101111100
01101101010010100100011001001111
01011110111101101110111010010000
00110101011010110111110010011011
10101011101001000011100001010000
10110010100101100111111000100100
00001010111000101101100100100110
00101100000110100001001100011001
10101101011110111000010111111110
01000000110010001110110001111001
01110111101011011110010100000101
10011000110101100001101110001010
10101111011101101001111110010011
10110111110011100100001001010111
00001111000100010111001111001110
01111110110011101111011001001111
00101101000111010101101000100010
10000110001111111011100000001010
00101011100010101011010100110110
00011001111000011101010000110010
00011001111010101100000110001101
00101000111110000110010001011110
00010010100010000001100000001010
00100110000111110011011010110011
01011011101001101000110110011100
01100101011001011001111000111001
10001010010000001000100101111110
00001100010001110100100010010100
01111100101111001100110001110101
01000001011100001101111011011111
11101000001110010110110000011101
01100111111111010010111110001110
01011101001001010011011001011010
00100101010011000110000101000001
00111010100001000001010110111000
01110001110111011111000000111110
01101110001110011011010110101010
10111100001011101010011101101101
01101111100010111111111001110110
11101100000100010110010101111100
10110001000001011110010001110011
01101110111100110100100011101101
01111010101110110001101011100101
11001110001100000101100000101100
01001100010101100100000001001100
10011111111000100000101111001111
00000101000001101101110001010001
01001010001010110011111101010000
11111010000110001111110001110001
11110011011110100101010101011000
11110110001111110000001000011111
00100010010011111110110100011001
00000000101011010001010011101001
01011100110011001111010100000111
00001110000000100011011001001110
01101001011010011010111101101010
00010101010111000100110110101100
10010110001101110100010001100000
10011010110000101011100000111011
11000111001110011000001101001001
01001110110011001110101110011010
11111111100101111011011001000000
10111011100101111101010011001111
01000000011010111110001010001101
00111011111000110001101001110001
11001111101010000010000101110100
10110011101100001000000110110111
00010100000100101011000011010100
01010111101011101111001101101111
01011001011101000101001111000001
11101010111100110100010001111100
00001011001100011011000110001001
00110110011000110001011100001001
10111101100011110111101000000111
00101110111110100110110010011111
01011010110100010011010000111100
11111101100011111101100000101100
01001010101010000010001011101011
11101101000100111111101100000011
00001000000111100110000101111110
00011000110110001011011111011001
01000110100110110010101100100100
00111100100110100100100001000001
00011111101101011110110001110001
11001011001011100010010101011010
00001111111101000111000110010000
01101110110000010000001101000111
00010101011000000110110111000001
10010010111111110011000101001001
11100111110101001010011100000001
01001111001111111101011101111100
10110100000011101111110111110010
11101010100011100100110000010111
01111000101011101010111100001100
11011011100000010100010000001111
11001011111001110110010010101010
01001111011101110111001101101100
11000101110100001111110100111010
01111001001101100110101110110011
10011011100011111010010101100001
01000000100111001111000001110100
01000101111001100100101110111101
00010100100110011010111111100010
10001110011110100110110001101000
10001111100100010011001101110100
10111100101110110110110100100101
11100011101111011110100100101101
10011001010100110101101111101000
01001110111101101110011011100111
10010100110111110111110100101001
00110110101000001101111110110010
00100011111010001100101010001001
10001000000110001010010011011010
10110011010000100000000010101100
01001100111100111111110000000100
00010110100100101011101000110000
00101101100111010110110101101111
00010101110010000101011001101111
10001001100101010001010100010011
00000111110010111010100001100101
10101011111011000111000110101001
00000111011010111110010101101001
01111010011010000001001110110000
01011011100001010100001110010100
10001011000100000100111100000011
00110101101101100010010010100101
00110110000000100000000001101100
01110011001000011000011011010001
01001001000011101101110010110101
11011001011001011011101010111110
11101101000111111001101110010110
11101101001000001000110010101101
11111100110100111101010110001000
01011001110011101110111011011110
01111101001101110000011101000000
11001011100001111100111100001110
11101011110110101101110001000111
11010011000000111000110110100110
00110010011101011001000000110110
00110110101000111010010110011000
10101101101100111101111011010111
01000111000111001010001011000001
00100101001001011001000101101011
10001100110010011001100001011111
10101110011110110110111111111011
10100001000011111100110011100101
10001110100010100000101000011100
01011100001011111001000101010000
00111110011100010000101010101110
11000111011011011010101111000011
01000111010111101110010010000001
11010100100011000110010101010111
11110110101101100011011110110101
11010011111011000000000101011101
10000101000010001010110110100010
10000111100011100011011011110010
00000000100000110000011011000001
00111010011001011110110001111110
01010111011101111000101101100101
01011111101110001100010001001100
01100000110000000100011000010010
10011000000111010010001111001011
01100100100101100001111101000001
11001000101111101101100111110010
10111101101010100111000001101000
00000000101101100011000001101100
10011110011111101011011010000000
10000000101011101011010011011100
01110110100100110000100010100100
00000100111000111100010101010110
00010101000101101101110001001110
11001010111111011001110100111010
10100010001100011101101000100011
01111011101000101011001010001011
01100011000101000100100100000000
10101010101110111100110111101011
10011001001000010100111110000000
01011110100100011111010101001011
00100001111100000010111111000000
01000000101100010100101110011011
00100010111010100010100101101011
01110101100010110101001011010111
01110001000101100101100000101100
01000111101111110110101011110111
10110001111111101101100110110111
00111110011001011010100101000001
01110111011000110100010110111110
10011101011000101001000111001000
10011011011111111001011011101101
00001011001111110000000110100101
01010110011111010010010110001001
01110111001011101100001011000110
00000011010000110011001010010001
11110000110100111100010000010101
01101110101100110000010100000101
00010101111001101101001001010111
10001010010010001101000001110101
00100111010110011001011010110101
00011100110100110011100001011110
01000111011010101010101101111001
00010010111101101101001111111111
00100001110001000110110001010101
01110101111010000101101110110110
11101101000001011100010111111011
11001110000111100100110001101111
11111000010101110100001000000101
01111101011100110100101000101110
01001100100000110110001000101111
10001101110101111011001001010011
00110101000100110010111110000110
10100000101100000110001101110110
01000010100110111001101100010111
00110101001001101000000100010010
11111011000001110100000101010010
11000001100101010100100101010111
10111000100011000011010011101110
11010000001110110000111111010011
01001001001101100001110100011100
01110010001111101100101101001001
10101101010110011011010001101011
10111000010101001001100011011011
11101001110011101001101000001111
10110100000000011011110001100000
01101010110011110010101111011111
00110100010011110000100011011100
10100100011110111101000101110011
11000010011110110110110011111000
00100001110100010010101110110010
10100110000110011010101001101100
11011010011010111101110110001001
10001101000100111111101100000110
01011011111010010000001001111101
00101000110011000011010000101111
10010100001111100101010101010001
01101011010000111110000100101100
10011100110111110011101001101011
00000100011111011011010001111101
10110000000000000000000000000000
00000000000000000000000000000000
00000000000000000000000000000000
00000000000000000000000000000000
00000000000000000000000000000000
00000000000000000000000000000000
00000000000000000000000000000000
00000000000000000000000000000000
10000000000000001000000000000000
10000000000000000000000000000000
10000000000000000000000000000000
10000000000000001000000000000000
10000000000000000000000000000000
00000000000000000000000000000000
00000000000000000000000000000000
00000000000000000000000000000000
1deg=19968
deg tmp = 31
128 bit k-distribution
k(1) = 19937
k(2) = 9968
k(3) = 6644
k(4) = 4984
k(5) = 3987
k(6) = 3322
k(7) = 2847
k(8) = 2492
k(9) = 2215
k(10) = 1993
k(11) = 1812
k(12) = 1661
k(13) = 1533
k(14) = 1424
k(15) = 1329
k(16) = 1246
k(17) = 1172
k(18) = 1002
k(19) = 1002
k(20) = 873
k(21) = 839
k(22) = 624
k(23) = 280
k(24) = 280
k(25) = 280
k(26) = 280
k(27) = 280
k(28) = 280
k(29) = 156
k(30) = 156
k(31) = 156
k(32) = 156
k(33) = 156
k(34) = 156
k(35) = 156
k(36) = 156
k(37) = 156
k(38) = 156
k(39) = 156
k(40) = 156
k(41) = 156
k(42) = 156
k(43) = 156
k(44) = 156
k(45) = 156
k(46) = 156
k(47) = 156
k(48) = 156
k(49) = 156
k(50) = 156
k(51) = 156
k(52) = 156
k(53) = 156
k(54) = 156
k(55) = 156
k(56) = 156
k(57) = 156
k(58) = 156
k(59) = 156
k(60) = 156
k(61) = 156
k(62) = 156
k(63) = 156
k(64) = 156
k(65) = 156
k(66) = 156
k(67) = 156
k(68) = 156
k(69) = 156
k(70) = 156
k(71) = 156
k(72) = 156
k(73) = 156
k(74) = 156
k(75) = 156
k(76) = 156
k(77) = 156
k(78) = 156
k(79) = 156
k(80) = 156
k(81) = 156
k(82) = 156
k(83) = 156
k(84) = 156
k(85) = 156
k(86) = 156
k(87) = 156
k(88) = 156
k(89) = 156
k(90) = 156
k(91) = 156
k(92) = 156
k(93) = 156
k(94) = 156
k(95) = 156
k(96) = 156
k(97) = 156
k(98) = 156
k(99) = 156
k(100) = 156
k(101) = 156
k(102) = 156
k(103) = 156
k(104) = 156
k(105) = 156
k(106) = 156
k(107) = 156
k(108) = 156
k(109) = 156
k(110) = 156
k(111) = 156
k(112) = 156
k(113) = 156
k(114) = 156
k(115) = 156
k(116) = 156
k(117) = 156
k(118) = 156
k(119) = 156
k(120) = 156
k(121) = 156
k(122) = 156
k(123) = 156
k(124) = 156
k(125) = 156
k(126) = 156
k(127) = 156
k(128) = 155
128bit D.D:  18075, DUP:  104
64 bit k-distribution
k(1) = 19937
k(2) = 9968
k(3) = 6644
k(4) = 4983
k(5) = 3987
k(6) = 3322
k(7) = 1248
k(8) = 1248
k(9) = 1248
k(10) = 1248
k(11) = 1248
k(12) = 1248
k(13) = 1248
k(14) = 1248
k(15) = 934
k(16) = 934
k(17) = 624
k(18) = 624
k(19) = 624
k(20) = 313
k(21) = 313
k(22) = 313
k(23) = 313
k(24) = 313
k(25) = 313
k(26) = 313
k(27) = 313
k(28) = 313
k(29) = 312
k(30) = 312
k(31) = 312
k(32) = 312
k(33) = 312
k(34) = 312
k(35) = 312
k(36) = 312
k(37) = 312
k(38) = 312
k(39) = 312
k(40) = 312
k(41) = 312
k(42) = 312
k(43) = 312
k(44) = 312
k(45) = 312
k(46) = 312
k(47) = 312
k(48) = 312
k(49) = 312
k(50) = 312
k(51) = 312
k(52) = 312
k(53) = 312
k(54) = 312
k(55) = 312
k(56) = 312
k(57) = 312
k(58) = 312
k(59) = 312
k(60) = 312
k(61) = 312
k(62) = 312
k(63) = 312
k(64) = 311
64bit D.D:  17937, DUP:   52
32 bit k-distribution
k(1) = 19936
k(2) = 9966
k(3) = 6643
k(4) = 4984
k(5) = 3987
k(6) = 3322
k(7) = 2496
k(8) = 2491
k(9) = 2215
k(10) = 1993
k(11) = 1812
k(12) = 1661
k(13) = 1527
k(14) = 1372
k(15) = 1248
k(16) = 1245
k(17) = 1120
k(18) = 884
k(19) = 624
k(20) = 624
k(21) = 624
k(22) = 624
k(23) = 624
k(24) = 624
k(25) = 624
k(26) = 624
k(27) = 624
k(28) = 624
k(29) = 624
k(30) = 624
k(31) = 624
k(32) = 622
32bit D.D:   3265, DUP:   12
