mexp = 19937
filename:resX7.19937.magi06.060723.06.txt
POS1 = 70
SL1 = 23
SL2 = 1
SL3 = 10
SR1 = 6
MSK1 = ffbfffff
MSK2 = feefffff
MSK3 = 9ffffba5
MSK4 = effffff7
deg poly = 19937
11100111010101001001010100100100
10100000111010010001110000111111
01000001011101000101001110101111
01011111111100111011001111000010
00010000110001110100110000000011
10001001111111011001101110101001
01111111110000011100011111011001
11110110101100011001000010000010
10111100111100000111011101010111
01100000110011010100011101000001
11000110001100101011000100010101
11111001001100100100010000011101
10110101100110000100111001011101
00011110100110011011111000010111
01000111110100011101000110101011
00011001001100101111100000100011
10100100101111110010010011111100
11111011100100111111011010101000
11101000101000000110011101000011
01001101100100000111000111010011
00010011001000000010010001000111
01001000010100101001100100011101
00011110111110011011110111101011
11011000101000111000001000110001
10011011100110111001010001110000
00011010100000101100101010011100
10101100111010001000001001000011
01010101111110010010101100010111
10100010101110100000000011011001
00010001110000001100101100010101
00110001000110011100100001111001
01001101010100111011000011111000
10110111100000011100010100000011
11111011101111111101011011010010
01100111001001000001001001101101
01000101011010110000110111101000
00011100110111111000111100110011
01011011011100011010001010111001
11101011000000011110010010000101
01001000011100100011100100111000
00010110010010000111100011001001
00000111000010100111111111011111
01110000001110101001111001100110
10100001110011111111101100111111
00101110101010100010111101001100
10100010101011000100001110011000
01101011010001010011011111111001
01001100000011111010100000100111
00101011000111100011010101000111
00110000111111000111011110010011
10011100110000010011000110101100
00001110111110001100111010010000
11011101000111100001010000011000
01001110111001010101100101010110
10000101101110000001000111111011
01111011101100111100000110000100
11101011101111010110100110101011
10011000010000110111010110000110
10110000000101000101100010101000
11000111010011111011110000010010
10111010101010010100110011001000
01000001111101001111010111100101
01001110110110100101000110100010
10111100011101001111101000101000
01101100100101000000101010110000
01010111100011111010100010101001
01010101101000111110101111100100
11101110011001110000000000001011
10110011110100010101001101010000
00101010101010111000010111011000
10111010011001011100101111010010
11100010000101000001110110001011
00101010000101000001100101111101
01110011100101000111001010100011
00000110001011101100011111011001
11011110111110110000100010001110
00101110101100110110100110011101
01111110000100010100001110011001
01001010110011010000010011011000
00000110001100001010111110011110
10111101001101001000101111000101
00110001100111000010100101000001
01110001001110000011001000000001
01101110000010000010100001000001
01001010011100101000001101010111
11101110110101100111110101000111
00000000000110001011110000101000
01011001000001001110100111000110
10001100101010001111101110110100
00111010010010010110011010110100
00101110111110110011011101101110
01000000000011101010110100100001
01101001011100010001011101101000
00000011111011101111000001111100
00110110111001001011110101011110
11010010111111111101100111000001
01010000000100100011101011100110
11011101011010001010111100101000
11000001111110010111110011010110
01101001101110000011110010011001
10100111010101111011101010010111
01000000011011110111111000011111
00111000110100001110111101010001
01100110111000101001101110000000
01110100111010101000101111010001
01111110111110001001110100110001
10101010101011100000100001101111
11110001011111001011101100101011
01111101000111100110111001100010
10111100010010101110101110111001
11000110111111111110001111000101
11110011100001111100111101000100
01101100101100011101101100110001
11110111000111001000101000101010
00101100101011010011011010010001
10000011010100001000011000101100
10110111101101111011101101110000
11010001000101000100001111011010
01110100011111110111000010001101
11111011011101010110010100011000
00010000001001000011000010001111
01110111000011010110100100010011
00011001110000100011000100111001
10011100010010110101100001001000
11110100011000100011101000000101
00101110111011010101101110010110
01001001000001100100010011100000
00110011111110001101111000110101
01111001000110111010001010010101
10001101010010000111100000100100
00100100101111011111011100010001
11010111010000110111011011100011
10011001101000011110110111011000
11010001000101001000011100001100
01101010010010001110100101001111
01001111011000000010010101111001
00001111110011011111111000110111
11001100011001000001110110110011
00001111010011110011001100000001
01101010010111000111000011100011
01110101100100011011110111111111
01011001011001111111100101111001
00000101000101000001011110111001
00101010001100110011000110111001
00010101101011100001110010010010
10001011010001110010100100110001
01110000011100111100111110001100
10101010011101001101010001110010
01011111111100100110100000111011
10110100010001111111010100001010
10000111011111101011000001001001
01111001110010010111111111110011
00101011001110101101010011111011
11010010100001001011101001010001
11100000011100011010001100000100
10101010010001000101011100100110
01111011011100100110010100110001
01010010110110011000110111110001
10100011011001010001011000010010
00011001010001101100011001011111
01100110000111011000101001101110
11111010110001000101110111110100
01100100000101100111010101011110
01010011110111011110011001101100
00000011011010101110000001100011
00000001000101100011010110111100
01010010100011000001100010010111
00001000111001110001000010101100
00010000100101100000101101001000
10101011101100110010101100010111
00000010110101010111111100110000
00111010000010100001111101000010
11111010111000010010111010011000
00010100100111111010100010100110
01010111011111011101000000001001
10010110101101111101100110101010
11111100011110001010001111101101
10001001111111001101010001111010
01001110011111100110101000010111
10111010000101000000000111011000
11001011010101100010010111011011
11111111000000110000000100111010
11011111011000000001100001011101
11000111011011111011101000110011
00110001110100100110001010011010
01100001011111110101110011111101
01011111001010100101101101001001
01101011101001110110110100110100
00001110100100111010100110110000
00100000101010101111100000010101
00011101111111001111011100100010
10000111101101001101011101011110
11111011110100001110111100111110
00001010100101011100000110001010
11011010101101011111011000010100
00010011100001100110011110000000
10011011111001100100001111000011
10000111011100010111000110100000
11111011101111101101010010110101
11110001100000000101000110001111
10010010011101101101100100101101
10110010110111000011011010011011
10001111111000001101110100111110
01111000000100001011011000011101
10111010101010100110111000000010
10100110000001000101011010100111
01011110000010010010001011101000
00000101111001010100111111001100
00011010110100111110100000010001
00001011011011100000101100101111
00100101101010111000001011111011
00001101111111011110011011100111
11001101110010110011110101011101
00101111110111000001000111101000
11000101011011001111000111111000
00100001100111011111110110101101
01101011100011000001001001011000
11011011110011110111101100010000
11011000111100011000110100010101
00010110011100111010111001110101
10001101100110100011001100101000
10101011100011101110011000110011
10000010010111000010101010001010
00101100001001000001000111101000
00110011000010010001111010111110
11011111000111011000010010011011
00001010100001100011000110111010
10000100110110101011010001100110
01110101111011101000010010101110
00010011010100001010110001000001
10101000111101001011100101011000
11000010111010000111100001001001
01111011111000000001111001101000
10001000001111110110000010111101
01101001011010101001100001110000
00001100110100011100001000011000
11101101000010010101101000010111
10110010100000111101010110010110
10000101010000001100111011010011
11111110010011111101101100111010
00100111011100101100100111000100
10110100010110101000000110011101
00001101100011011101011100100100
10100101010100100111011001010111
11100000101000000111101100010001
00101101111101000001110101011100
10001111101110011000110100100011
00001111000001100110010100010110
00100100100011101101111001000110
11111101110000001010111110001110
10001011010100001011110000111000
10111000100010110101001000111100
10010110111101100110100100001111
00111100100000101000111010010010
10100011010110000011010001011111
10001111100001001100100110111110
00001101010011110001101101010100
10001001101101001010100111101101
10001110000000101101100100111011
00010110100100010001000000001110
11110110011110111000010001011011
11110000111000010111110000011110
11110000111010000010100011101000
10010100101001110000001111010001
01000101101000111111010001001111
10000001011001100010101101001111
01001010110101101000101000001101
01101011010101000100010110111001
00000011001010100001011111110000
10100101000000010110111000000101
10111100101100011111010010000111
10011101100001101010101111101101
11100011000101101011100011110000
01011001101111000001111001001100
11101001111001101110111000011110
00101101011000111110100011110100
11000001111001010011111101000111
11100100100111101111101010101011
01010101100010000100101010111000
00111011011000101101011101010101
01010101011011110101000110001100
11100100011111001010110000010011
10000011000111101010011000101011
01101011111010100111111001001100
11011101111110010110111100101011
01000000000010100010011010000100
10001100100011010110001001001100
11010001011100001100111111011101
01011000010110001101001000000001
11111110110010100100101111101110
11100000001000110111010010001001
00001110001001011011100101010000
10101000001100000010010011110110
11111110101111110011001010101001
01000010000010001001010010111101
01001101010100000101101110101010
10010100101100101101001011000001
10100000100101100001001110110010
10000110101000101001011001110101
01101010001110010010111111111000
00010001000001010100100011111001
10011001000010011001000110000010
10010000001000001010100011001111
00110111111000000001010111010001
11010111100010101001010011000110
10001010101011100000101001011111
00011011010011010000110010110011
00000110010100110101101010100100
01111111010000001110001010010101
00101111101010110011110100001101
11011010001000100011111111011010
00100100000010110001011100110000
10111011111101001001101110101100
00001000101101001010110000000110
11111100101000101101110110011011
10000101010101010000110000111000
10101110011010000010100101101110
11001000000011111110010100111101
11100100011010010100000011001011
00110010000011000001101101111000
11001011110010111001111011100111
11100010001111111100100110101011
11110010010011111001111001110000
11101000110011011011010000011000
01111000100110010010001100010101
11000001001001011010011111000011
11011101111010001100110101100010
10001100010101100001110101010011
00110101100101110111100111001100
11000101011001101100011000111101
01010111010010000010000111011000
00010001010110110110110111110011
01100000110001101100010001000011
11010000111001001000001101111000
00000001101111101010101000010001
00000101010111001100000110000100
01000101111110001101110011100111
01101010010101001111110101101110
00001000101110110000001110011011
01101101100110001111101100011110
01010011100110110100111011111010
10111111001000110100110001001101
10001000011111000011010110001101
10000000010101010101100101111000
00011000100110011111000010010001
10101000000000001010001100111101
11000000011010100111000001000111
01010111010001010110110111101011
00010011110001010000111101010110
11101110111101110011011110001101
10100101110100000000110001011001
01001111100110010000110001111000
00101101101000001110001100110010
11011101000101110001001001000101
01110101011010001111101101000101
10000110011001100100111011010111
01010100011111100101010001010111
01100001110101111011110101011001
10000011001100001001000011101100
00001000101101110010010010010100
11101111111110100111011100011011
10000011100010001110010010100110
11100101101010101110000110001111
00011010000110010010000011100011
10110001011010110101100001010100
10110101011000000100100100101101
00010101111001011011100101101001
11001101000101100111111001001011
11111010000011001111111010100110
00010000110010001011101001101101
00001101000111000001011010011011
11001101110010100010001011111001
01010100010011001011001001001100
10101010110100011011110011111000
01011001100100101011000010100101
01110001111010100101101001011010
10101110100001011111111010011110
11000100011001101100100111000000
00110010111101110101001001011011
11111000011011111001110111100101
01010010001010111000110101000110
00100100101010100011000111001111
00100011001001010110101111101110
10011100001110101001000100001101
01010010101110010100011001000111
10100110101100110101110100001111
00001110011111001100001110000110
01001000000101010110100100011010
10110111100111110011000111101011
11010000001101001010100111000101
00110101000001110101111010010110
01110010011100100011101000111111
01001111101011101001111010000001
00101100101001010111100111110101
11001111001000101011111010001101
01111101110111010011000001010111
00000110011000111001111101001111
01110111000111110000111111110011
11001111011101001010001001000100
10011101011111010000101011011100
11010000000101111011001010010111
00001110111000010101100011000000
10100110101100111010010111001101
00100100010100101011110110111100
10101001101100000011111010010001
11101011110001011111011110111101
11010100010100011010001100011111
00001101100110010110010100110100
11001100001111010001111100011000
11001101101010111110100111001010
11110001101011011010110001110000
10000100101011000111001111001100
01000101001010001110110100101001
01011100111010100100110010100001
00111000101001111011010100100110
10111100011101100010111000001011
01001010001100101001111110001111
01011111101000001101001011001110
11111101101000011000000100011101
11111011100110111000111110101110
00000001011010010011100011010010
01110010111000010001100011100001
01001111100101011110111010011010
01110001100010000110101010011011
01110000111010110101100101111111
01011100001110110001010111111100
10110011111100011010100101011000
10011000100111010010100000001110
10110011011001001111011011001111
00000001000000101011010001101011
01111010111100010001010100001000
10011011001001011100101100010001
10111000110110001001010110100100
10011011000110110011000110010100
10111111100111100010011000010000
01011011110001100001000010000100
00101100101100010100100101011101
11101001010110001110111101001101
11100100000010101100110001010010
10000110111000001101110111010001
10011101110110010000011101101000
00011000010111100110101000000010
10000111011001010110000000101011
11011100110100101111110000110000
01010010111101100111000000101110
00010100101111111100100011100100
00011111010100011011100110110111
11010110010010110111110100110100
00001011011110100100000100101011
10001111111010110010100001001011
01100010100111000101110011010111
10011010000010101001110001100111
11010001010100010010011010010100
01101011010011101110100000001001
11001011110111101000101011101100
11111011010001000010101100100010
11011110010001101010010001100001
10110111001110010111000011100100
00001011000010111010101010010010
10100011110111001001011100110001
00011010001001001100011110010110
01111101100010001001101001101110
01110001000000110110000101110110
10100011011100100000000111011010
10001101101101011111010111000111
00010001010101011111000010011101
01110110010110101000111011010000
01010010011011100110011010001000
11110000110111010001011000011100
10000110100110100110011111011001
11111111000100101100100011100110
11011111011110001101111100001101
10111001100001001100110101101000
01001110011011110001000111101011
10001100001001101010111110110101
00100001001110011110101000001101
00000000101111010100101011101001
00110101010100010011101000101110
10011100000111000010101100100011
11011001111010010111011011101111
11111110101011000111000100001001
10111001000011001001101100100000
01011111111001001010111010000101
01100001011100010110101011000011
00100000100100011110111101001001
11101011101011011111010011001111
00010001000110101011100100100000
11010110100000010000101001101010
10001110010001110100111000011100
00000010011001010100100110000000
11110011011111111100011110111011
10011110001101010100110111111110
11000010011000001100011000000000
11010000010101000111101000000000
00011001000110001101010011001110
10001100101110111001110101011100
10010010010011101110110111100010
11110111101111101101000110011111
00100111100111010011010000010011
01111110100010101100011000100000
00000000010011101011111000101001
11110010000101110111001111110111
00111000111100000011100100101010
01101100101100001001010110000110
10011010100001100000111110100010
00100010001011100000010001110100
01111010011101010100111100001101
01100101110111000010111110110100
11110111001000000010000101110010
00100011110110011101011011010011
10110011011100001011000110010110
10010001011011000001001010111011
00011010000110111010010110001110
10101000110111001100110110000110
10111010100011000100100110111100
00011100111010111110011001101110
10110010010110001011001100001000
11101001110101110111110010001111
01111000110011000111101110001101
10011111010000001010011000000011
10111011101110010010000110110000
11110100110100100111001100100001
01011111011010111011001100101010
00101110101110100110011111110001
00001000011010111001111001010111
10011011101011101011100100110101
01100011010000011010011111010011
11000101100101011000110011010110
00001000000100001010110001110100
01111101110110111100001010110100
11001011110100010001000001000000
10100011110010001110110111011011
01011111111101001010101101101011
10110011011100100110101010111001
10000100001011011110001101001010
01001110001010110110000011011110
01111111011000000011011101000011
00100100011010001111100001110110
11011001110111111100110110110011
00111010101011111000110010111000
01001101011001111010001010010101
11100111101010000001111000000110
01011100100101100011100100111000
10001101110111011001111011010011
00110011101100010101111111001110
10100001010000100000010100100110
10000000100001100001111100000010
00001000101100001010000100110101
00010011001000110111001001101111
00111111011110101110100010111011
00011000000001010010011100101010
10011110110001001100111011001100
01100001110101011010111011100111
10100000100100000101110000111110
01010001011100100000010010001001
00001100010010101001000010011000
00001011101010001011001111011111
11110110011110101001000101101110
01100110101100110011110001100110
10110001110110110001101010111011
10100101000111000000101011100101
00101000011010001100010100100001
00010010000111011011101011101110
00001000111100011011011101011110
11100111001111110010111111010010
10100110101010101001110111010110
01001110001110110101001010000010
01011100110010100000010011100001
01110100001011100010000000101000
11111011011101101100101101011110
01101100100011001000001000101101
00111100101100000011000001011001
00100111101011000010110110100010
01111101111110010011001101010101
00110000000100001101110100000101
11000001000000001101100110010100
01100100000111111000110011110000
11011101000010110010100100001011
01000010101011110001111000001100
00100011100110101100000000010010
10101000110011010001110111111000
00000100111001000101001001101000
11011100001101010100001111100010
11011011000011110101111001100010
10111000011011001001011001110010
11110111100101110000111001111111
11110010010110110001010001101110
10011011001111010001001100011100
10011101011000001100010101111100
11000001110000100100010111000110
10101110100110000101001101011011
00011010010101111000101000110100
10001101000000110000011011010011
11111111001111111110010101110111
00101110110000101100001111010010
01100101001001101110001111010001
11001011001111110011001000001000
00010000111101001111001011100110
01001100000110000001000000110110
01000011111101110111000011110001
10110101010100101010110000011000
11101011001100101010101001011010
01110010001010111010101101001111
10000111011100000000111110110110
01111010001100101100001101011111
11101110101001101100000101111001
00110011000101010100000111000000
10101010100101011000100001111011
00010011111100001000101001011101
01101000110010101111011111110110
10011100111110111110100111000010
11011001010101101000011100111111
00000100110000000101111101001001
00010000011000001011001111000101
11011001111001111011010110100000
01101000101110000111111001111010
10110000110110011000010010111101
10110010010101010000101010000100
01100001011001101011100000100110
01011111100111100101011010001101
11101011011100111111011010010001
01001100111010000110000101011000
01001010100100010001101111000110
01deg=19937
deg lcm poly = 19968
weight = 9160
10000000000000000000000000000000
00000000000000000000000000000000
00000000000000000000000000000000
00000000000000000000000000000000
00000000000010000000000000000000
00000000000000000000000000000000
00000000000000000010000000000000
00000000000000000000000000000000
00000000000000000000000010000000
00000000000000000000000000000000
00000000000000000000000000000010
00000000000011100000000000000000
00000000000000000000000000000000
00000000000000000000000000000000
10101000000000000000000000000000
00000000001000000000000000100000
00000000000000000000000000000000
00000000000000001000000000000001
00000000000000000000000000000000
00000000000000000000000000000000
00001010000000000000111000000000
00000000000000010000000000001000
00000000000000000000000000000000
00000000000000000000100010001000
00100000000000000000000000000001
11000000000001111110000000001100
00000000100000000000000100000000
00000100000000000000000000000000
01011000100000100000000000001110
00000000001000000000000001010100
00000011111110100000000000000000
00010101000000000000100000000000
00000000000010110000000000100011
00000000000000100010100100000000
00001110000000000010001011100000
10011010101000001010100000001000
00000000000000000000000001000100
00000011010100000000100000010000
00011110000000000111000000000010
11000000000001011110111000100101
01010110111000000000000010110001
00001001001010000010111100000000
11011110000000001000011100000101
10000000001001010000000010010010
00000000100000100000111011101011
01011001110010000110011010000010
10001001000010101101000000101100
11100000101100111100000100101010
00001110011100000000111101000000
10000010000000000000010010001010
00000100001100011100010100000011
00101000110010110000101111110010
00100101100001000000001101100010
11101000000001010001010000100110
10100010000010010100001011011010
00101001001110000010000111011000
10110101000100001101000010101000
10100111110000000001011011100010
10000011000111000010001010100110
00010101110101001010000101001000
00010011001010010101101100010000
10000111001010010010010110010110
01101101011100100111001010011000
01001100001000001101110011101010
00111111111111000101110110111010
10100110100011100101001110110010
11111111110110010001001100101010
00001011100010011011001010110101
11100110001001100101101100110100
11011011011111100111010011111111
00101110011001110010001000111001
10100001101000001000001011101000
11111000110101100100100001101110
11101000111001111101100001000000
11100110000100001000010111100101
01011101100000101101101000111011
10011001010110101000100001011101
00001011001000110111101100111101
11111111000110010110100111001000
00001111010110111001010101011110
10000011010110000011101100011111
01111000101100001110111111000000
01000111100010110100101110000011
11001000001101100110010111011111
10011000100110111011101000011110
10010100100111101001110100001001
10100110011100110111101110101001
10001100100100000110100100111011
10000110010001111101001000000110
10011111001110000100000111001111
11110000111110111010110011001011
10001000010101111111011111000001
01101001010010100011100000111101
01110110000100000000110011010110
11011100101000001111001100101010
11001110110110000000100001101110
10000001001001111110111011010111
00111010011011001101011011101010
10011110100010100010100000011110
10101101011001101111111100011101
00100100100111000100110111010101
11010101010001011011000100101000
11111000111111000111101111111001
01010100101111010001001111100011
10011011010111101110001010100101
00010011010000000110001010110110
10111011011100110001000011100010
10011111001001111101011010100000
10010100010101100011110111000100
01011101001001111101000011011101
00100100001000011010101111011100
00010101000010110010001001001011
11011101011001101111011000011111
01110100010111011011000100010101
00100011010110010010010011000010
01101100110010101111100011011010
01101011111101111010101100000111
10100000001111010011101101111001
01111011000010101100110111111001
11111011010110101001010111100010
11111001010111010010001011100110
00100001001010000101000000001011
10010010010110001110011101011111
01111010011011110001110111110100
10010011001110110000100111000010
10000011000011010010001100000000
11111010010000101100011001100010
11000111111011000101010000100101
10000011001101001110111011011001
10011010000011001111111000000011
10000010000000000011111010011000
01110111010100001100010100001110
11110101011011111111111010010110
10000000011011111100100011001011
11010001001100010110001100110101
00001100011111001010010101010111
10110001101111111110110010101001
00101101001010111100011000011111
10010001000101111110001001111000
01100010000101010001000000001101
00110000000011010000110011110101
00110011101100100010000110011011
01111111110101110111010011001010
10001111000010010100100010110100
11110100001110001001100000110011
01110000110010111110011011111100
01000000010010111001110110010000
00101010111000000100011001010000
00111001100101100011101111010010
00100010110011101001011011001101
01100010000010110010110111100110
00101100011010000110100010111101
10001110010011011101011001111001
01010000100101011000010010100110
10100010001011000111000001110100
01010101101001111001010111010010
00000101100100000100001000001001
01000000100110010111111010100110
11111100111000011111011110110110
00011111101001100111110101010011
11101010111010111111101000010001
01010010001001110011001011100001
00010110100111011001010100111001
10011101011000101001100011101101
00011010111100100110100010011101
11001101101011001011001100011000
10010000011111010000110000000011
11111010100000010101101100010101
10001100110111011010001101101001
10111100100110000110111000101110
11000110000101110100110101011010
11010011001011001011000011000100
10101111011010100001110010001100
11011000011011010110011010100010
01011111101100110010111011111000
11111000111100010110001100101010
10000001101011111001001011000110
01101011101011010111011111001010
00110101110000010110100001111001
10100000011101101111000111001101
11100110011011110001110010111010
10111110010011010000110001010111
11101111110100101010010011101111
01000100101100000111111000110101
00010001101111000001001001010100
01111011000011011000000000110000
00110110100101000101111110011111
01001101001110010000001110001000
01100101110001110111100110001011
01101001001001001110011000100001
10111001110100111100010000101110
00101000010010111000110100111101
11001110111011110100001100101111
00111110000111000101110100011110
00011010100111011010101110100100
11001100011100001110001001100000
01110011100111011011001111111110
10100100000101111001110111001011
00110000010010111011011100111110
00111011011010001000010100100101
11000111100100111001100001101111
11111001011110110001100101111000
10100001010011010001010000110101
00100010011001010111001111001101
11110100000111001001000110100010
00000000001000101000011010001110
10111001100110100111100011100001
00011111100010011010101011000111
01010000010000101001001011010010
10001101111101110101010110111111
11010000001011010010101001000000
01100110100010101011000011101100
11111010100010011111001011110110
11000001100111001000111010011111
00101000011111111111001101100100
10011010011110011001000000111011
11001100010000101010010111011000
11011011010001111111010010000100
00100000000001001010111001010001
01010010100000101000110000011001
10100001000010000100101010101000
10011111001001100101110010000010
11110110111111101100011111001001
01001100001011111011111000101110
00001001001000010110101000011000
00100101100010100011110110111111
00101100011100100011110101000011
10111001001000101111111011110110
00111011001101101010100100110101
10111011110100010001101011101110
00011110000011101111010010111011
01010010010100000001011010111000
10100110110110000011001100000110
01100010101111110111111010010110
01000110101000010111101111011100
01101001000001000000100010110001
00111000000001001001011111101000
10100101100010110111011001010010
10111001000110011111101111001001
00111011101010100111100100111110
01100110110111010101100001001010
11110110100100011011111100011010
01010011100011101101101010111110
10011100100001000010000111110101
10010011111101101010110010010111
11011001011100110010101001011001
11000011000010011110111011000110
10000011011010010110011110000110
01001110101101100101011100010000
00110000100010101011010000101001
11011100100100100000011100001111
11011110100110101101100100001101
11100100111011011111001011000110
11110110100010100011000011110001
00111001101111101010111100110110
10100011111000100110010000100111
10110011010001011111001111001101
11010111001011011111001001101001
10010001010001001010101000101100
01111111010000011010101110011000
01100101101110111001010011101010
01000111101100010101010011111101
01000110000111110101111010111011
10010001110100000010101010000010
10101001110101000001011111110010
01100011110101110101000111000101
10101001010101011011100101011111
01100000101110110010000011100001
11010100001011111011100111011000
11101011010001010101111110111101
00010010010011101100001000101001
11000110001111111001001000001001
10110010110001011000000111101011
01010000110101001001010001001101
10100000100010010001101100001100
00100101000100000111010100000111
00001110101111000010100100110010
10100010000011110101110101000011
11000101110100011101110111100110
11110110111001001000011000111100
11111001011110111111111011001111
01100001111001000100011001000100
11100110010011000110011001000101
00001000000001101100001000011110
11110010100010110010010011111011
00101100000011001001010100001110
10111000011011001001111010101101
11100001101110100000101101100111
01100110101000101011111000100001
10101110010111001010110010000110
10111001000111110010001101000110
01001100011000001111001101111100
00001011110011101110011010000010
01101011111100010111100000101010
10001101000100001000011010110001
00001000000010011100000011111001
10110111010110001111010111110000
11001101101110110110000011110010
10010101101111110001101100010111
01000001100110011010000011000100
10010110010110000011001100011111
00010110000011010000100101011001
10110001010110101101100110101001
10111011010010011100110101101100
00111100111101111101010110111000
00000101100100011101001001010001
10011001000111011100011100101001
11010110010010010011111100011000
11111100000011000001111100001000
10101100100001101110011000111101
10011111110000110110110111001100
00110001111011000101101001100010
11010001011000100011010110111101
01010010111001100011101011011110
10101000110111110011100001110110
11001000011010110111000101010001
11110010000000110100000010110101
11110000001100000000000100110011
01100110101100001000100011111111
11111001010111100111111110100110
11111011111101001000100101011001
10011000011001101100100101101110
01100010110110110010000110011100
11010100000100101001100001011110
00001100001001000110001110110000
11110110110100000010011010001110
11001110000110011101001101110111
00110100001111010011101000000101
11111110001011011101111001010101
01000000110010010011010010100100
11001110011101100100011110000010
00000010101110010011010011011111
01001100111001110101011000010010
00001011010101100101000110011011
10010010001111001100100001100011
00001010000110101010110000111110
00101110110000111110010001000011
00111100001101101011010111101100
10001100101000101011111100100100
10101100101001010011010011100111
10111111011110100001011001011110
11010101110001000101100011101110
00001011111000001011000010011011
11010100111011010101000011111100
10100011111110000000000111000100
01011110100000010110000010000011
11001100000011010000010101110011
01110001000010011101001011110011
11001001001010110101001011111001
00010001000010100010111010000111
00010001110101010001000100111000
00000111010101110010001010000001
11001011111110001000101011111011
10000110100001010000010100110000
01010010100001101000000111010011
10000000111000111000101011111100
01010010001000011010001010111111
01000000010001011001011000100110
11111010101110000100000010000000
10100001111110000100110000000000
01001100010110011011100110011001
10100110100010110000100010011100
11010000011101000010100010001101
00100001001011100011011101000011
10111111100011101101010010101001
11001010000111000010000000001100
11000101000101101010010110101011
11101001010001010111111111110101
01100000011101100101101101110010
11100011110101010011011010110100
00011001000010001110010010111010
00011111011101011000110101100110
00101010011111001001010001110111
00111101001001011000100110101100
10010001011001011000111011110110
10111010111110101001001000101101
00000110000110111000001101010100
00101101000111000000011101001011
11011111110010000000001000011010
11000101000111010100101110111101
01100011001111111110110011100011
11100111111111110011001110001111
01000111010010001101110000010110
01010111010010101101100000011011
10011000110011010110000010000011
01110101001010010001110001000000
10110010010001110011100011011010
00000111000000011011011011001000
11110111111100110000010000110010
11101101001011000010000111111111
00011000000000001110110111110100
11010011101010001100100010000010
00011111000100000111100010010011
10011010101001011111110010010111
01111111111100100011101111111110
11001010010111000001101100101000
00100000101011100001101010000011
10010110100101110111100000100110
00110001101010010010010111011110
10010011110001110011100000110000
10101001100001110111000110010001
01110011101100000001100011110101
01110111001110110000100011011011
00010011011110101001110110110100
00100110101101110001110000110100
00011100100010001100110100111110
11001100100001110110101110101111
10101101011001101000001010010010
00110000001010100101110101111111
11100110001111001010000011110101
10011101001101001001010001101100
11011010110100001100001110010100
10000000110011000111110100001111
11100001110011000100100110010101
10111111000011111100110001100011
10101000011000010101011001100100
10101101001011000100111011010101
00110010011000010000001001010010
00000000100110111010010000010010
00000110011001100000101100101011
01111000011000000001001111001011
00011100101100000000101111101111
00011100110110010011111011001011
01101000111011100001111001100101
11101011000111010110011001001111
11001011110011000001111011001111
10100110111100110100101111001101
00101001100101111001110001011110
01001001010111000111100010100010
10000001011101101111110111111011
10111010011100111111001010001101
10000110010100000101011011101110
11101001010111010101011110010101
10010010001111000000001000011101
00101000000011110101110110000011
10111101010100110110010000011101
00100111101111001111100011101111
01000101110110001010001100000001
01001110001011011100011101111000
11010000111010101010000001011111
00101100101110110001001101110101
00100100100100100101110111001101
01110001100110111000011000000101
01111101010111001110011100011000
01111110011100100010011100000000
11111011100001000001010011011011
01100101010111011101011001101000
10010011101100011110010000001100
10101000100010010110110111100101
01010101000100000010011000111000
11011001101110111101000110100100
00101101100111110011000101101000
01010100101000000100011011111111
11110001011011001101110000011000
00011101110110110011111011111101
11111011001100111110111011111001
11110011011000011000111101000110
10001100001100001101110010100011
01101010100111011110000110000111
00011010010100111110000000110011
00000010101001010111100011011100
01010111010001101111111101001011
11010010000100001000001001100111
10010000011000010111000000100111
01000001111110000011010110000110
10100010011111100001100011001111
10011100111001010010001011110110
00111111011000010111101100011000
00101111001111001110001011000100
10100010011011010010001010100110
01000101001001101101010101110000
00101111111010011010110001010111
01100111111001000010001100111110
00011010110001011010111000110111
01110001101010000000010000100100
01010010010010010010011101000000
11001101110001111001001111111100
10011000101000110111010011010111
11111111100001111010100101000011
10110000000100101010010011111001
01101101011110001110101001001100
01110000100111000011000001100110
11011001101000100000010001111110
11110100000000101111100111110100
00010111011011011000011100001011
00111011100101101110101001001001
10011110111110111101001100101110
00011100010000011011100111100011
11101101000101101101000101000001
11010101001000100001001111110000
01000000100111011100000000110101
00101001000101111111110011101011
01010110101111010001011001001000
11001011110111000100001001000000
01111000000101000110101010110100
00100011011011100111010110110100
11101010111101001100000111111011
00110010010101100111111010110001
10011110011001011001101111011001
00010000110010010101110111111000
11001100001011000110011010111000
01110010001001110000110101011111
11011100000101100010101010101100
11101101101101011101101100110001
11000011010101111100001101000000
01100001001111100011111101001110
00110111010011010000101111111110
10111101100011111000111101100100
01101010100100011001110111000001
01001000111101101101111111111101
10010010111010101010000101111110
01101110011111010011111101101100
10000011110011011011001100101000
10011011100110101000110110001001
00100111100100110111101100101010
11100001011001110001111011000001
00001101101001111110111101010111
10111000001111010010100101100011
11001000011110011001011111111110
11101101011111010010111011000100
11010101001011101010110110110000
01111101111101001100110101001000
00011010000011100011101010100011
11111110100101111000110001010010
10110100101110011010101001010110
11000110111000100110000100011010
10110101101010011111011011001010
01111100000110010010000010010000
11011100010110101110111011101010
01100110100110110111011111111111
01011111110011111011111111011001
11010100010010101001000111010011
01110010000010110101101100100101
11001011011010110011101000111101
01111101111101000110001100110101
11001010000100110000100000110010
00100001001110001110000100110101
10101010110000100000110011111010
01101100100100110001100000100101
11110100010101100000110011010101
10010111111110100100101111001011
01010011000010110011110101111000
01001000111110011111000000001011
00010110010000000011110101110101
10110011011110001000011101111001
00010100111110111010011101000000
11100000111110101000010111011101
00011001010010001101111100001100
10111010110010011111001000010001
10010010000110011000001100001100
10111110110010011000000011001000
00100000011110001010001100000101
10001111100101001011101011001001
10100000000100111011001111011011
01000100110100010000110011111100
00000110011001000100001000010001
01011110110001110111110101101010
00111011011000001001101110111100
11110110001110110001100100101001
01100111011011001101001110000101
10101110010001010011001100111100
00011110011101110111011100100001
00000111011100110100001011101011
01001011101011111100010011110001
11100110001010001010000011101000
11010001011000101000001000101011
11011100101111100001011010101111
00011101011100110011111110001001
10101110111101010001110001011100
11001100100011100001011011000001
01111111001000101000100100010001
00111100010110100110011101001101
00011100111010100111101100110100
01001001000101111010000101101000
11101100111100101010010111110100
10000001000010001001111001110001
11111110010110101001001100000101
10110101001100110001011001010101
00101011111101010110111011101000
01010001001011001011010010100100
11011000010101011100100110000100
01101100100001000110011111111000
11110110111001001000010101100101
00110000100010110011011111000100
10010000011101000001100010000111
00000000101110000011110010101010
00111010001111010100011010100000
01010110011001111001110011111011
11011000110101100100001110001000
01100011001110101100000100111010
10000111000010001010100100011101
01000100000101000000111000010010
11110111010011001001101100000011
11100101011101011110011101101011
11110011001110011111100010011100
00001110001101111001010111001101
11001111010011000001010111100000
10110010010000011011111001010001
00111111111100001001000011100000
11001111011011010010000111000100
10100101101110111100000101110001
00100000110101000010000100011110
11010110000010100110101011111110
01101101001000010110001001100010
01101110110010111010110110000000
10010100011000101100101001111010
01100011101011010010111001011001
00101000010111011100010110010100
10110111100001011111110110100101
00101101111000010100111110000010
01001111110101010111101111010111
01001110101110100000101010100000
10111001001110101001000110011000
00001000100000000000000000000000
00000000000000000000000000000000
00000000000000000000000000000000
10000000000000000000000010000000
00000000000000001000000000000000
00000000000000000000000010000000
00000000000000000000000000000000
10000000000000000000000010000000
00000000000000000000000000000000
00000000000000000000000000000000
00000000000000000000000000000000
1deg=19968
deg tmp = 31
128 bit k-distribution
k(1) = 19937
k(2) = 9967
k(3) = 6645
k(4) = 4983
k(5) = 3987
k(6) = 3322
k(7) = 2848
k(8) = 2492
k(9) = 2215
k(10) = 1993
k(11) = 1812
k(12) = 1661
k(13) = 1533
k(14) = 1424
k(15) = 1329
k(16) = 1246
k(17) = 1172
k(18) = 1107
k(19) = 1049
k(20) = 156
k(21) = 156
k(22) = 156
k(23) = 156
k(24) = 156
k(25) = 156
k(26) = 156
k(27) = 156
k(28) = 156
k(29) = 156
k(30) = 156
k(31) = 156
k(32) = 156
k(33) = 156
k(34) = 156
k(35) = 156
k(36) = 156
k(37) = 156
k(38) = 156
k(39) = 156
k(40) = 156
k(41) = 156
k(42) = 156
k(43) = 156
k(44) = 156
k(45) = 156
k(46) = 156
k(47) = 156
k(48) = 156
k(49) = 156
k(50) = 156
k(51) = 156
k(52) = 156
k(53) = 156
k(54) = 156
k(55) = 156
k(56) = 156
k(57) = 156
k(58) = 156
k(59) = 156
k(60) = 156
k(61) = 156
k(62) = 156
k(63) = 156
k(64) = 156
k(65) = 156
k(66) = 156
k(67) = 156
k(68) = 156
k(69) = 156
k(70) = 156
k(71) = 156
k(72) = 156
k(73) = 156
k(74) = 156
k(75) = 156
k(76) = 156
k(77) = 156
k(78) = 156
k(79) = 156
k(80) = 156
k(81) = 156
k(82) = 156
k(83) = 156
k(84) = 156
k(85) = 156
k(86) = 156
k(87) = 156
k(88) = 156
k(89) = 156
k(90) = 156
k(91) = 156
k(92) = 156
k(93) = 156
k(94) = 156
k(95) = 156
k(96) = 156
k(97) = 156
k(98) = 156
k(99) = 156
k(100) = 156
k(101) = 156
k(102) = 156
k(103) = 156
k(104) = 156
k(105) = 156
k(106) = 156
k(107) = 156
k(108) = 156
k(109) = 156
k(110) = 156
k(111) = 156
k(112) = 156
k(113) = 156
k(114) = 156
k(115) = 156
k(116) = 156
k(117) = 156
k(118) = 156
k(119) = 156
k(120) = 156
k(121) = 156
k(122) = 156
k(123) = 156
k(124) = 156
k(125) = 156
k(126) = 156
k(127) = 155
k(128) = 155
128bit D.D:  20536, DUP:  107
64 bit k-distribution
k(1) = 19937
k(2) = 9968
k(3) = 6645
k(4) = 4983
k(5) = 3987
k(6) = 3322
k(7) = 2848
k(8) = 2492
k(9) = 1248
k(10) = 1248
k(11) = 1248
k(12) = 1248
k(13) = 1248
k(14) = 1248
k(15) = 1248
k(16) = 1245
k(17) = 624
k(18) = 624
k(19) = 624
k(20) = 312
k(21) = 312
k(22) = 312
k(23) = 312
k(24) = 312
k(25) = 312
k(26) = 312
k(27) = 312
k(28) = 312
k(29) = 312
k(30) = 312
k(31) = 312
k(32) = 312
k(33) = 312
k(34) = 312
k(35) = 312
k(36) = 312
k(37) = 312
k(38) = 312
k(39) = 312
k(40) = 312
k(41) = 312
k(42) = 312
k(43) = 312
k(44) = 312
k(45) = 312
k(46) = 312
k(47) = 312
k(48) = 312
k(49) = 312
k(50) = 312
k(51) = 312
k(52) = 312
k(53) = 312
k(54) = 312
k(55) = 312
k(56) = 312
k(57) = 312
k(58) = 312
k(59) = 312
k(60) = 312
k(61) = 312
k(62) = 312
k(63) = 312
k(64) = 311
64bit D.D:  14476, DUP:   51
32 bit k-distribution
k(1) = 19936
k(2) = 9968
k(3) = 6643
k(4) = 4984
k(5) = 3986
k(6) = 3321
k(7) = 2847
k(8) = 2491
k(9) = 2215
k(10) = 1872
k(11) = 1812
k(12) = 1661
k(13) = 1533
k(14) = 1401
k(15) = 1312
k(16) = 1244
k(17) = 1063
k(18) = 912
k(19) = 912
k(20) = 624
k(21) = 624
k(22) = 624
k(23) = 624
k(24) = 624
k(25) = 624
k(26) = 624
k(27) = 624
k(28) = 624
k(29) = 624
k(30) = 624
k(31) = 624
k(32) = 622
32bit D.D:   2678, DUP:   12
