mexp = 1279
filename:sh.resD11n.1279.magi03.070226.75.txt
POS1 = 7
SL1 = 18
SL2 = 5
SR1 = 7
SR2 = 32
MSK1 = fffbfeffdff7ffde
MSK2 = efffffff5fff7f7f
deg poly = 1279
----
10100100001000110100111110111100101110001011110111001110110110000100001011100111001110001011100101010001
10000000000101101101111001110001111011101010000101111111001110000110111101001101101011011011011101100011
11111100010100000010101101100101001011101110010101110100100011101110010101110111110110011001011100000111
01111011110000000110011111101000111101000010011011001101000011010100101110110011101001010101011010111110
11001010010110001111100011000100100100111110110100101010011101101010110100000000101110111000011111110000
01011100001010000001101010100110011110110100110111101010011011101000100101000101011010001010101110011001
10011010001101111111011100111011101000101101100110010101110110101000000110010011111100100001000101111010
00100100010000010010100001011010011000010001111011110001111011101000000111100100100100001000111101000110
11010001001101010100001110010011111111001101010000010101101001000000100101100010000110100101110110101110
11010111111011101110010100100100000011000010110011000100010010001111000111110000000100000111010111100111
10110110010000011010101010111001111000001000110111111100110011000001000110010100010100011111100000111111
01101010001010100111000100111010000011001100101111110100001110101000111110000110001110111101110110100001
11100100110001110100010101011001111001001101010001100110001011101011101101100111001001100010000001100110
01111110000001101100100010011001101100100010010001100010110111110110001101110101111010001101001011011000
11110110100111110001001101010010000101011000011000100001101101010110010001010011011100111111111010001011
10110010001100110000010110010111000101011001110110111010101100110011110100101000010101000001001010001001
01100011110101111100001010000011101001101111111010110110001000110011101001000101101101011100100001101100
10010010101001100101100000100000011101001010001110001001000111101110110111001111011101111100010000011101
00110101111001001000111111100110000110110000101110111001011100111010010100111100011100101001111000000010
10011000111000010010010000100011001001000001000111111111010011110111111101000001000011010010000111110101
11110001010100010000110001000100000111111010010011011000111110001000010110111000000010110000110000101001
10000010100011110111001111110111011111010011101011011000000001001110100100001101111001010011001111000101
11101001111101001011101001110111101100001101110010010001011110110101011011001011001001010001011011101110
10011111000010010111000111111101001100111101011110111111011010101011001001011001111011001010100000101000
01011010011001111001010000111000001010011010110111000010000111000111010111011011010011111110010111100001
01100010100000110010001101111111000010110100011001111010000011101111111001001100101101100101110010000101
01011011101011100110001100100110110000111011010110000100111000011100011001001001111001101100001000100111
11100101100110001111000101101111110110010001001110001001101011010100010100100010110010110001010110111101
11101100000111110100011101100110101100100101100100111011011010110001001011101111011010010111111111111000
00101011101011001001001101000110100101110011011111010000100101101011011011011000110111101011000100011000
01110001101010010110000000100101111101000010011010001010010111000001000000110010000110101100110100011010
10110100101010100010111000111010100001000011001010101010000100001000011110011110111110111110011011011111
00100011101101100000011011110111101101101011010111111010011001101111011110010011101001111111011100001100
01100111110010101000010110011111111100111011110101010101010010111100111100001101001001101101011110101010
00100011010111001111100100101000000101111101111001101011001111111110101001010000001011011001110111101110
00100011101100101100001010101100000110110110010000011101111101001001100010110101001000000000100010011000
00000111010101000110110111000001111001100000000100100001110011100000000110111000000010011110011000100010
00100011010101100001010110110001101010101110100100000001010101101110011101110100100000100011001111001100
10111100110010111111111110111010101101001010010000011010000010001001101001111010000000111100001100000110
00011010111110111011011110111101100000010001111101001001000011001111101011000100100110001011000001001010
10111001010001100011011010010100011000101011100001111101000110100110011100101011001110001000110100101010
11001010100001111011000111100111100001000011000100100111110110110110101101010001010011011010100111111101
01010101000001001110001011100000111110010001100110111000111100001100010101111110011101010001001011001110
11100010110101001110011000000100011101111110011111000001011010010011110111011101010011000110100100110111
01100100110000010001100001010100000111010011000101000110111110110010011111111010000101110000110010100001
01001111101111011010010000101100011001101100010010011111001001010011010110010000000111011011010011000001
00001010000110101000000010101010110001111011011011101001100100001110010011000100000110110100001101000001
01110101000000000101100001000011110011110100000010100000111000010011000010010011011111001111111101100110
00110010010001000111111011111111101011000000110011011001011101010010011010111100000011100001010101011100
01010001010111000001110111010010011000011101101101011011101001010000100011010101000011100101111111000011
01101011001011000111010000001010110010100110001000100011111101010111110101100111011001101011000101000000
11000111010100100001000011000100101100111101010000000010000011000010110000110101111110100011110001100101
01100101010001001001001000111010101000110111100001110101110010011010000100111110100100000101100111011000
00000011011000001011100001001000101110011111001100010100010111111100000111001100010001110101101111011111
11101011111110101010100001010100011011001111000000101101111111000011101010110100011001110010010000011101
00000110001000001010001011001001010011111101001011110010010011001111101010101010000000011010100000000100
11110001100111010111111000101111011010001110001011100111100001111011110001100001100110111011010010011111
10000011011010011111000110001010011100110111001001010011110010100111010100110100001010001100010111101011
10110011111101101110111011100000111101100110010011100011000001010001011001100110011111010101111100010010
01011001110111111010010101001010110111100010001111110001111001000110001100100110000011110100010100101010
00000111110110010101011011110011100101011110010100011100001100100011110011111111110101111001011011001101
00010001100111101100100101010101101010011101100011011010110011010111111111101001111001100011101000110010
10111111001000000111001100111100110110100101111111101101101111001011000111111111100001011000001001100110
01011110100111010100001101001010100101001010100010010000010010011110101110000000010110000000000111100110
10101110110011011100111111011000100100001100110110111100010111000001111001000101111000010110101111111010
00101100000010000100111110101101010011100000010111100000000011100111100101111100101010101101010110011000
00000110001001000011100000110010101111110011010111001101000101101111111110000011111011011100010111001101
11110111011110111111001110011101110010010101001000000111010001001101111101100100111111010101101100000101
11001000100000010111101100010110101010111111110100001010111000000000010110111010011101001001110110010111
11010000110010010100010110101010000010101010101000000101100001000001001010000010011111101101101101011101
10100110100001011101101110001000100101010010110111011101111010110110000111010100110110110011111111100001
10100100111011100001111011000101011101100110100001100110011110010110011001111010100100011001100111001011
11101101101000011000101101110010110000000100101011101001110011011111010011101011011000110010011000110110
dim kernel = 31
-----
10111000110011010111111101110110111011111111111101111100000111011010101010000000000000000000000000000001
01000001010000000100011000001111101100110111110110111010011100100100011100000000000000000000000000000010
01011001100100000011011001010111100110101101111111011101001001010010000100000000000000000000000000000100
10101000101101000111101011000111100110001111111000111011101000100101010100000000000000000000000000001000
11100101000001001101001110010011111000011101010010111011010101001110110000000000000000000000000000010000
11001101110111001010100111100101000010110010111110010110000011101001110100000000000000000000000000100000
11111101011101100110110010000011001011001111101001001011001011010010010000000000000000000000000001000000
00111001011101010110100000101000111011010100100100000011111101001110110110000000000000000000000010000000
10010100111101001100011100001110000100101011001111111100111111000111111110000000000000000000000100000000
11010010011000111010001111010111010111110001101100000111000000000110111100000000000000000000001000000000
00110101110101001001001100001110101111010111010100011010011001011010011100000000000000000000010000000000
11001000100010101000111000110001110011011110100001110100110010100100100010000000000000000000100000000000
01101010011100001100011111000101110001101011000001110110000110010011100100000000000000000001000000000000
10001101100111110001100100011000001011101110001101000000000100101011111110000000000000000010000000000000
00101010111011010100010000010001000001010110101101001010111011000110001010000000000000000100000000000000
10011011010111010000100010010001110101111010000001000111100100001111101010000000000000001000000000000000
00111001011101000000101101110101011011001010000111100001001011101100101000000000000000010000000000000000
00101111000011010110101010001111101111111010010010111111110110101101010010000000000000100000000000000000
01010100001100011011100100111100101010101000100100101100011010100100000100000000000001000000000000000000
01100000000100011101010011101110011111111110110111000100101000000110101110000000000010000000000000000000
11110101110110011110000100001011011001000011000111010110111001101101011000000000000100000000000000000000
10001101111100101100101110101110011111111101000010100000010111000111100110000000001000000000000000000000
11110000010100101111001111100100000110010111100010101001100100101010100100000000010000000000000000000000
10100101011110010010010110110110101010001101010100100100100111000000111010000000100000000000000000000000
10101101101100111010110000110101111000011100111000000110111111001111011110000001000000000000000000000000
10011111000001100001001010010110100101011001010110010000010100010001000010000010000000000000000000000000
00100001000001110110011101110011010011001101101010100110110001100010000010000100000000000000000000000000
10010100011110000111100100101010111000010010100000010010101110111101000110001000000000000000000000000000
10010100010111000010101100101111010100101100000001111110000110100011010000010000000000000000000000000000
00111100100101100100011110001110001110110110110010000100001111111100000100100000000000000000000000000000
00110110011001101001111001110111010000000010001011011110100100100111011011000000000000000000000000000000
parity check vector
p[0] = 0x000c1daa80000001
p[1] = 0x000b8cd7f76efff7
