mexp = 1279
filename:sh.resD11n.1279.magi03.070226.14.txt
POS1 = 1
SL1 = 25
SL2 = 1
SR1 = 6
SR2 = 16
MSK1 = fffddbffffbfefff
MSK2 = 7bcfffdffffffff0
deg poly = 1279
----
00000100011000101110110111101000010011110011111000101110010111011111001011101101101001111011111011010001
01111001100010000101100110100000000111011001011011010001101101100110111110110010000100001111000000110001
00100000000001110100111111100011000111001010001110010101100100011010000000100101000110000100011010100000
00101000011011100011101111100010001011110011100110000001110011000010101100010010111111100101000011100010
00000010111110101100100110011010011011010101101101111100100000000010100111011110001010111010111111111101
10111000001000100111101111000011000010100010010000011000011110101111011100110110110000001101010001110101
00101011100100010000001100101010111001100100101011000101001011011111111110000101111011010000110011100011
01010101111010101001001010011111100100001100000000011110010010101110010101111001001011010101110111101111
00011001110101110111100001000110001101001111001000110010011100110011110110110111111111111101001111111110
10000011010101101001111101100011011010110110010011100001100000010010110111111010000110101100111010101101
00001100110100100001110101001001101110010110011000010111011000110010000111001101011111000000110110011010
10011101000010011001001011000100010011110010111010010110101000111110100101111110101001101111101010011010
00000011011000000111100110110001011011001000011001011110000000111011011110000010001100001000101100001010
10000011001001110000101100011000000110000010110111001010110011001000100110010001100001000010101110110011
01111110010111001101001111000011100110101111111110101011001110000001111101110100000001011101111101111101
01111101111101100101000001001010000101111111111011011000011110100000011110001010101000111111101011100110
00110101011101101100010001101101000110111001111100100000010011000000001001010111001111011000110000110011
00100010000100110000010111011110110011011010000010111110000011100101001001010111000110011100001111100000
10010010110001101011111000011001011101010111101101111001111110011110000010001001000010010010100010100110
01111000100010011010000110000011101111110000010010000010000000101001001100000001001001110000111010101010
00011000000000001100110111000101011001110110001011001101101100000001100101011010001011111011111000001001
00101110010110010110010110011000010110010001011110000010101110100011001001101011010101111100111011000111
00101001101101000000101001110101100110110001011010010110111110101110011010110100000000100101010010000101
11001111110111011000011101001011001101110101001100100110010111011000111111100110011011101101101101101100
10011000000000110101110000000001000000101110011010100010110000111000011010111000011001110101111111100110
10100011011010001011010111101010101011101111100100101010100110001001110110111101011111111000000100011101
10101000001011111011111011100010011100000110000111010110000000110100000110101110111010000001001010011100
01100111100001001010010000011100101000101100000011010010010110101100010000011100111000010011101010101111
11110011101110001010100010110111000110111010100011000100010001110010010101101101000100010110011000111010
10111111101110000110101000000000000011101001011010010011010000100101111111100111111100111110000001000010
10000001011101001010010100001111011001110101110101001101110111101001100101101101011101100001110000111000
00000100000111000000010111010011011101001111010010000100000110001011010111111010111100001010100101011000
01010001110000001011100111111011010110111101011101011010110111001000000001100000001110101000000101101010
00011111001011010011001001111111010001010100100001101101100011100010001001011010000101000010110100001001
10001011011111100010010000010111010000001100100000101000000000101010110010001101010100011001100000000011
00111011010101010111001010010010110111100001110010000111111010101110001101011111000011000001111111001100
11110001110011101100001001111100001001010100010110001001000000100110011011111000000101010100001011110000
11111011100101011101111100001000001001101010110111110100010111101011101111000110011110011010111111011100
10011101100001101101101010101111000110101111010101000100000110001100010000011111001110110100010100110111
11000010101001010101111011011100110000001010000110000110111000010001000000000000111100100011100010000011
11100000100110001110010110010001111100101111111011011011001010101010000111001010001010010111111010110011
11110000101001111000110000011011100011010000000000001100001111100000011110101010110111010001111111011010
10011010010100011011010010001001101011010000111110000011010011011100111000010111101100000000101100001101
00101000011011010101011001111111110111100011110101000100001011011101011100111101000000100110111100011101
00111100001011010010110000101100001110001100000010000000000111111111111000010111010001111010110010110000
01001100011011100011101001111011110011011001101110011111100100000010100110001010010001001101111100101110
00001110111100101110010011111010011000010111110000110001000111000101111010010010001000111001000011011101
10011100000100000101001010001011110100000111000111010000101001101011010001000010110110001101100001011000
01000110001110010110100011010011000110010111111011011110111101011100101111110011110100010000010101101100
11000100011011111001111010100111111010000111110101010001000000001000101110111001011111100101011111010011
10111111101111010101010000100000110101001100001100100111100010010010000001100010000100010111111110110000
11110111010110101110110000101111010011001101011101100100001000010111101111111010010100101011100001110101
00101000010000111100111101110011100000010110100111110110010001100011110000101110100110011011001110000101
11011110011100000100011100101100001100011110001110011110110001100010101100101011011001010100100101010100
00111110000110011111101011101010110000100111101001101001011101000000010000100001100001011110110101010101
00010001001101001011000001001000100011001110000010101011011001111101001100000111100011001011100001001000
01010010111000010000011110000110011100111101111000011001100001000101000000111011110100110001011001000100
11110010101010000000010101011101100011001100001110111101001100010001100100110100000111001111001111011000
10011001110100100100011011011001110001101011000110010111111000100100110010110100000010001010111110010111
10010110001010001100110101101101110011101100000101110000011011010011001100111111000001110101111111001101
01001111100000011111110001000111001111000001001101011101010001100101111010101010111000101010111000110000
11100010110011010010100001110100100100111011101000100001110101101011111010010010010110110001111000000011
01011000010111011111100001110110110110111010111011000000101000010001001100011101010011101101010110111110
11101111001110000100111001101111100100011011001011111101100111010110100110110001011010101001110001001100
00000001110001001100000011111000010000100110101101000111011011101111010111110101100000011101011000011000
10001010010011011011101100011110111100111101010101110000011100111011101111100000101011010000000101100001
10111110101110110100100101111110001111110010001000010101000101001111001111101011101101010110010101000011
00000000101010100111110010010101001101001010100110111111001100100010100000011100010011111100011100010100
10101111110010000000101001101110100000111100101111001100100001110010101111110111100011111011100111010001
10101101100011000110111101111000001110110010100000101000000110111110101001010000010000010111010111001100
11001110000011111000001110100011101011110001010011011100110011111101100011001011011010110111010100001001
00100010000011010001000100001101101101010101011101011111110111011000000100100011010010000000011010010111
00010100011011110011011100110101110101101010101000101010110101101001011011011011010110010011101100111000
dim kernel = 31
-----
10000111011111010010001111110000100100001001001011110010110111010111111100000000000000000000000000000001
10111111010101101000101001111110101011110011110100000100011001011011011000000000000000000000000000000010
11111101101100010010101000010110010110100101100110111011101001110010111100000000000000000000000000000100
01001000011111011101111001111110101001001000011010011011010011010101011110000000000000000000000000001000
01110101010000101101000011111011010111001000100001110101001001000111111010000000000000000000000000010000
10010100001100001011110100101110010100111110011011000100000110111111011100000000000000000000000000100000
10010010000011000101001010111000011010111111011110110101101001010000101000000000000000000000000001000000
10000111001100101111000101010101001101010010011100111100111101101001000100000000000000000000000010000000
11001011001110001000011011111010000010000111111111001111101011100101000000000000000000000000000100000000
10011111011000011110001011001101001011011010001010011110101011111100011100000000000000000000001000000000
11101011111010011111010001100110111101001010001110110110100001101010011100000000000000000000010000000000
10101101110101100101111100011101000110011011100100010100010101011110000000000000000000000000100000000000
11000101000001000010101101111110100010110001001101101100111000110111111100000000000000000001000000000000
11111010011001111011110011111001001000010000101100111100010001100001101000000000000000000010000000000000
00100001101011001000111010110100000011100100001100001001001100000001110110000000000000000100000000000000
11111011001100001010100001111100110011111010110100010111100000001101100110000000000000001000000000000000
11010011101001000111111000101001011000111010011110011001010111111011011100000000000000010000000000000000
00111101110101001001001010100010000111111111100100100110101111001101100000000000000000100000000000000000
11010010001011101000010010110010000101110111000100001101111100011001010110000000000001000000000000000000
01000101101010001110110100001000010011001011111010110101101011111011001000000000000010000000000000000000
10011011110011100111100100011010010011011000100001111111011110111101011100000000000100000000000000000000
01111001011000010010001011000010010110001100111011000100101110110010000000000000001000000000000000000000
01011110100010111001011000001101101000001000101101010101100111100011010010000000010000000000000000000000
11011010001100010011001000011010010100101000000100011000111001111101110110000000100000000000000000000000
00011001001110000111101001100100000100101000100010000000010001010101101010000001000000000000000000000000
00011011011011011001100111010100110100011101111110000101001101101111000100000010000000000000000000000000
10111010010000101010000001001000111110101101101111000100110010001110110010000100000000000000000000000000
11010110101110110111101111111011100001000101110110011001010000011101111110001000000000000000000000000000
00000100010000001101110100100010000100111110101011100011101010001000001000010000000000000000000000000000
01101001101100101101001001101010111000011011000101011110111100010101111010100000000000000000000000000000
00010000110010101110011101000001101110100101000110100010000101110010000101000000000000000000000000000000
parity check vector
p[0] = 0x0002dd7f00000001
p[1] = 0x000877d23f09092f
