mexp = 1279
filename:sh.resD11n.1279.magi03.070226.74.txt
POS1 = 5
SL1 = 33
SL2 = 1
SR1 = 4
SR2 = 8
MSK1 = fbaffbde7bffef7f
MSK2 = f7ffbcbff5ffffff
deg poly = 1279
----
01101001010000010000101101000011100110010010011100011100010111010001010010001000100110100111100010011011
01111110110111110100000101010111001101100011111101001000011010000011101011011100001011001010110111000111
10000001101100100110110101001010000101110011100001000000110010011101101011011110101010011111010100101111
00010010001000110001110100010101000111100111001000011011000111010010110001100011011000100110010110111010
10011101001010010010110100011110010010010110011110110101000011100010001001101110110100110111111110001001
10100100011111111111110101011100001111000000111101101101101000101000110011110000100100001010001100001011
01110000011011001011101100100100001011000110011111001011111011111001111100101010101000110011111110001100
11110011111100110000101100001000101001100011010011011011101001110000010110010010101010100000011000110100
01110101010001100000110010111110010001010010010010001000010010000100001011111000011000101010001100011100
01110111101110010110100101000100111110010011000000000001000110010010000001010110000101100010001111101100
11110101101111001000101011101100111011010101110000010101111010000011000001111110100000111100001100001001
10000011010000010011010111011000100110001001001111110111101010010011010111100010101011000111001011101010
00011110110010111011000101000111011010011110011111010011011110000001010110010101101000100000011101111010
01000001110111100001001010010010000110100001111010111110110100011001100010111100001111001101100101110101
11001110000011001111101000110010010111011011110101101001100000100101100110101101100100110110000111001100
11110000010001110101111111101000101111101001110000101110010100110110010011110011000101101101101100011000
11100100101011110000000100111110101001100101000111000110010011111100011101111010110111111010100001100010
11111100000111100100000110110101110111100001000010110111111011000001000111101000001101001011000000000111
01110101100000110100111001101001000011001001110111110100101011001110011010101101011011011001000110011000
10101001011000110001010100001011011111101010110100111000111001111101010011110100001110110000011101011101
10001011111100111100100111010111000000110101011011001011000100100111100010010011100011100101110011001000
01010000111100110000110111001011101101100110000010100111001110111010100111111011011001111100001111100001
10010101001111000001001011110100001110101101101001110110011001110011101101100100011000111010011111101100
11101010110000001010011001111001101100001000000110010110011000101110111010100011100000111100101000010011
11001000101011101111111101100000000100101001000100000001001010010101101110101000110001000101111110101111
10010001000111100101111111000001111101100110101101001011101010100000000110100100000110100010001100000101
01101100001111111110000001101101011001000011011010011111110111011000111010010011001000001110100100110010
01010010001101111110010111010000010010101000111101111110101001100100100101101000111000110000111001010110
10101111000100010001111001010101011001001001010111111100110110100111100110111110000101111100101001110010
00101110101011000101010111000100100011111011010001111100001100011011010101011111111100001101110001011101
10000111011001010000101011000110001111001111101001000110110001101111011001111101110010111010111000011110
01000010111011011101010101100011100010010010111101100101101001110101011000111100111101010100010110111001
11100101010110100000001001001001010001001111000010010111001010101011000110100011001110100010000001100101
10011111101110000001101011110010000110110010001000010101010000111110000011000101000000000111110001110111
10111100100111100011100010000100001010111100010000110100000001000101100110100111001100110000001010101101
11101101110110000011100110111111110101110111111111010101010101100010111001001100101001001001111100111100
01000101011001001111110111000001100101011111101100100101101000011010101110010000110001010001010011111001
10001001110001101111001001111110110000110001001110100000011010101100000000101001110010001101100101100111
00101111101001111000011011000001001110001011001000010001111111011110011011110001110001101111000111000110
00110101000010101100011101111100000000010011110100001000010011010001100010100011101100011111111010000100
10011001110000101110000010010100010110000010111110011001010101011101001011110011110011001111000011011011
00000110001001101100001010101010111011111110110011111100000101100111001100011100011001100101100001101001
11100100010111110100110001001001011010101010111000011010011100011011001101110100001111011001110000101000
00001111000010101111111101001110001111111011111010101011001010010111001110111000110010000101101111001010
01110011010100000101001001101100011110011111111001110011100100111100011111100011111011000111001001100000
11111010101100011011110110000101101100010111101011001111110000001001110001101010001011011000100100001010
10100100010100100110100100010000011000000111101000010011110000011110101111111100011010001111000011100111
10001011111111101000010101001111101101111010011011100100001001010111000110111011000101000110000101000010
11011001110011110000100101011110010100000101100100011001111110011001011111101000000000000111001110100001
01100111111011001101111100101001011110100010011101010010111001100011101111100101101001010111010101100001
11001000111001010001011001010101010111100100101001010010111100011111000011111110111100100111110101010100
01000010000000000001111111011110001010010011101101011000001111111111011011110100100000110010001000111011
10110001111101011011001001111011110000100100010110100101001011110010111001000001110100110001101100000010
00001110010010110110010000110000001111011001011001101101000110011101001000101000101111110000010001011111
00000010110111011111101010011111010011010100101010100100111011000000100010010101001000110111100000101010
00010011111100000111000001100101101000110000111110000101000101100001000110010010100010100011111010011010
10101011101010101111010000111110010001001011011001010110011111100010101111111011100000001011100111010110
10011001110000001111011011100011011000110101010110101011100110010101111001000000001000011111111111000010
01011000110110011101111000100110010110010001110110101110010001000111000111010000100010011010001010001001
11000011000011000100101010111001111111011101011111000101110010001000001110100000011110111000100001100010
00101110110000010010001100111101101110001001111011100110010011111100011001001010101011011110001010010111
10001000011011001100010110110110100000100001111110010000111001101110011000101100101010111010110001011001
10101001111111100110100011010111000011110101001101100011110000100110011011000011111110101011011100101111
01101111100010011100101000010100010101011110100000011100011110010001101110111101010010100000011000011100
01010101010110011000001111010101111011101011011111001100111000001110000100000110100010101011011011101101
11011011000011011011000010111000101000100110010101010111011011110001011111111011111100100001101001101010
10001000100011011000010111011111100011011001101100110011001111010011100010001010010100001001001001000110
10110011011010001101010000000000010100100101010011100001001011101110111101011000001010000100100001000111
11101000111010001101101111010100010000001111101010110011010011111111011001000010001011010111110100001000
00101000011001011100000111101011001010110101011001000101000001000111000100011001001110001101011100011101
11101101100111101101000110010001011111110101010101111111010001111100000111011000011011110010101010111011
01011100101110000110100101101100111111101000110110011011111011110101010010101100101011011011010111010100
01100010011000001110001001010001111100010010111111101100011011010111011111101100111011100100111000111100
dim kernel = 31
-----
11010011000000111110111000110000100100101010001010110111111100011101111000001000000000000000000000000001
01011111010111100001101000110100010100000101110111001101010100011011111100001000000000000000000000000010
10010101100111001100101000010110110000101110100111001111011100110100001100000000000000000000000000000100
01010011001011110100000101010011100001100000010110111000110001010111110100000000000000000000000000001000
01100111101110010011111011110110100000111001111001011100001100100001010100001000000000000000000000010000
01011000011000111111100010110100001100101101101011111101010110010100111000001000000000000000000000100000
11011000101010111010110110111101110011111100100010101101110011101010010000001000000000000000000001000000
11100011101100111111000111101011011000110000000001110110110011000110000100001000000000000000000010000000
01101001010101011011100100100000011111010110100011010111000010000010101000001000000000000000000100000000
11100000101011010010011100111110010010110110100010010100101100100010100100000000000000000000001000000000
01001100100110000011001111011010001000000010111011101110001101110101100000001000000000000000010000000000
00100001100111011100011010111111111100000001000010110100100100001001010000000000000000000000100000000000
10011101111001111111111110010101001000101110010100110101101010101111110100001000000000000001000000000000
11101010011011100011000111001100111100111000110111100101110000000101000100001000000000000010000000000000
10011101000000110111101000001010101101111000100001011001010100101111110000000000000000000100000000000000
01011001101011000011101011111101101101010011010110011011100010100100110000001000000000001000000000000000
10110001100011110100000111001001011000000001001111100011001101101100100000000000000000010000000000000000
11011111111110011000110011011001101001101000110111001101011011110000110100001000000000100000000000000000
01110011000000110111001011001001101101110001111001000010100110001110100000000000000001000000000000000000
00110010000111110011000100000001100100000111101000111101000010101100001100001000000010000000000000000000
00011000000000101001011010000110110101010000101111110011100000101100010100001000000100000000000000000000
10101000010101110100001010100100100011110010001110111000010111000010011100000000001000000000000000000000
11100001001100000011100101101111011000010011110101101101100111100000000100001000010000000000000000000000
10001101111111011010000111010001000011001001010101011001011000010001111100001000100000000000000000000000
01100101110000111011101000010110011001100100011001011111000000010011101100001001000000000000000000000000
00111001111101010101100011010100000110010111111011111000001100010110100100001010000000000000000000000000
01010111000010010100110100101111001101100001010100110110110010000001010100000100000000000000000000000000
10000001111111111010100101100110110100011000011010110101011001101011110000010000000000000000000000000000
00000101111000111011111110111000100001000011011100100110111010100100101100100000000000000000000000000000
10110110011010000010010111011001010110010101101000101001110000101001101101000000000000000000000000000000
00111010010011001101100111111101101001110011100011011010100110110011011110000000000000000000000000000000
parity check vector
p[0] = 0x0007f1de08000001
p[1] = 0x000d303ee3092a2b
