mexp = 1279
filename:sh.resD11n.1279.magi03.070226.13.txt
POS1 = 6
SL1 = 39
SL2 = 3
SR1 = 2
SR2 = 16
MSK1 = fbfffffb6f7bfffd
MSK2 = bffffffff97bffbd
deg poly = 1279
----
00000001100100100101011110100100110000111110101110010001011100000101010101010110010111110010001011101010
11000111011111000010110101000010100000110100010111000000101001010000100011010111111111110000100011111001
01100101110001011010110010101010000101100000011100110000011110111101101001001010000100101100010111000110
01001000011111110111001010001001100010001001101100111110010010111110111011101000010010011110101111100110
01110101001001000110001001110001100010000011011101101101110111001100011011101110100010001001100110100010
10110111001101100000100011001110000000100101001101111011010101010011100001100111100010100110000100101100
11100111010101001000110111110000001100111100111010001010101110010001101110011100011100001101010001001101
10000011100110010111111110011101000100111110001100010110110010101011011001001011101101100011111110000011
10001110100010000011011011010110110100111010110101110011110000001001010000011111001001100111110000000110
11100101011111110000100111011101110101101001011111000010001000100001110010100110111011001000001011010011
00011000111000110010011110110001001010000101110001000001101111010011101100001101111011100100000111000011
01111101000000011100110101111001010001010011110001111001111101011111101100100101010010100000110000001101
10111100011110110100111100110001010101110101001111111001001001101110101000010110101000010100000100110010
10110001010001110010110101110100111101110000100001010101001100011110110010011101000100011110011111001000
11000011011110001110011001111000111000000101111011001001001011110001000011001101100100100110101001111111
10001001001100010111011000011101001010110001111010010001100010101011001110111110101010000011101101011010
10110011011010010100001101010011010011111110111011000010010010001000111011010000001101010110100101110001
00101011101101101000100111111000100000110000010011000011100101001100110110011101101110000010011111111110
11001001101011000001100101001000111100011000001011001001010110000001111100110110101101000101101111101000
00000110100111100000100100100100010100011000011001111101001000000000100100100000101101001001111111101001
00010111001101011001001111010100100000110110100011111100110001100010000100010000001001010000100010100001
01100000010111100111000111110101000001111111010101010100010000001001110111010110100001001000010110101111
10100110111100101001110011000001101001011000010100101011101110010111110101110000001001111100110010110011
00010001001100110110000011011100011001111100011001101010010011001010110011110001000010001011011011101001
11010010110001000010101000000100001001011010110010110110100010100001100001110101111000011110010011110110
00111001110001011110101111011101110101111010010110011101111100111100111000110011101111001011101110001111
11011101011111100011000100010111101010101001101111011100001010111111001101011011000000101001011011101011
11011000110101011101101110001011110011000110001011000001101110111001010111010011000011010111110110001100
01100110100001000000111110011011100100101110111100010000010010101000111110010000001000011001100010111101
00100001001101010010101111010100011000111001010110100011010001001000101100011101101100101101000100100111
00110010111111101101110110011000110000011011111110000000000100001011001010111001010011010100100010100111
00001010101101111101010011001101100000001111101001001100010101010000111010100101011001011111011011100110
00000111010100010111000001010011110000100011000101000100101010011100111100000101010110011001100010000110
10111011011101010100101001011101111011110110001101010111111011101001100001100000111101111001111010011001
01011101110110111100111011011100001010000000110100110100010011001010110100101110100101001000000011100110
01011111101011011110101011010100011001111111110111010001111010110100011011011101000100100010010010010000
00001010100011000001010010101100110100000001111101011001011101110110100111010110000011101101101011000001
10000101101010101110100110101111111111100000011000011101101111010010011101000101100101111111100101101101
00011011110000001110110001111110010100101000100101000000100011101111011110000111110001110101110111111101
01110110000010011010000001001001010010001110111011010000000000011100111111011011001110111001010001000110
10110000110001011110101001010011010100011011001110000011100100100010111010100010001110001000000110110011
10101110000111111101110111101001110010011110110100011101000010100100100010010100111011111011010100001101
01100001111100011100000100010110010101111101011001011111100011001111000000110000100110110000011100110011
00010000111000101100000010000111011111000100011110101111011001101011101110001001100010100110111101110011
11010101001000010001001000111011111100101011111101000000010110100100110111100100110111101100011110000011
10111010101110000000000001111010101110011111001100010001000110001010110001100101000100101001010110000010
10000101011111011000101101101101100001100110011111111100110110000000101111100010101101000000110000101000
00111011010011100011111100010000000001101100111101101000101101000110100010111111100110011100001000110100
10111010101111011000011001011001110100101100000010101010101111011010100010110110000011110000000100010011
11000010101010101101000111100110111111000100110100101110111011110000111010011110001100101010011100100111
10000000000000111110010000010011001001101111011100100100111110011100000111100111111001000110101001101001
10111101110011001101000100000010111000011000001111110100110100111100110011011110101101001101001100111110
11101001011001100000101100000110101011100100111001111100101001000111101011100101110110110111010000010100
00100011111011010101111100001110001100100110110001110011110011111100100100011100111110010001011010101110
10000110100111010011111001011111000110001111001111111010101110011010100001111111000100000110001110101111
11111101100100000001011110000100001110101110011010110111111100111000111100101101101111100001110011100010
00110000010010000101010111111010101011000101100110100111011000001111011110100100010001001011101111010001
10101110101100110100010001111111001111100101001010111100000010110011110011001010111101000101100111101111
11111001111100101010000011010000101010001011000010100010010110011111100001111011110101110100010001111101
01110010000111001111001011101100110000010011010100100000000010101111001100011001101101110100011111001011
01111001110110111100010011101001101111110101100111011100010011011011011011010011011111011110110110101100
11011100111100111101101010000000001011011011100111100110000010111110110111001111010101111001011011000110
00101101101101000110110110000010110001101001000110111001000110001001100011001000010111111001100001111101
00111010010100111111000100010100111010010111101101111011001101101111000101111000111001010010011110111000
11010000001010111000010011011001000001000001110000110011011111011100111110111010111100001100110100111010
10101000100001000000000000001111001101101001110100001110011100111000101001110011011110010010000111111100
10110101111000100110000000011000101000000000011011001011111110011010110001100111110111111000101110011001
10101110101000001100111000010010110111011011010010111010110101100001011010000111100100001001011011001101
00111100001110001101101100110001011010000001101011010100100110000000000000110011111000001100001011110000
11111101110110111100001010011110101001111101110110101111000010110011001011000010101111100111100111011111
01101010011001001000011000101110010101100010000101110101100111000001010110110101010101001001100111010101
00001011000100010011110001100101011110000001000000101100011010111010000010000011010000000010010111101011
01101000001010110111010100111000100010100101110110001100010010000100100101001100100010000101000001000101
dim kernel = 31
-----
01011010001001010010000100011010100000111000101110110111101100010110001000000000000000000000000000000001
11000101011100010000100100101000110110101101100001011100101000100100100000000000000000000000000000000010
00100010111111010101101001100111111100101101100101000100000000001110100001000000000000000000000000000100
00010001111000111111110010101111011010010110000111001110001111001100001001000000000000000000000000001000
10110101111010100110100111010100101100000111100101011110100000010110011000010000000000000000000000010000
01011010101011111010000111111111101111100110111100110100011001011000010000000000000000000000000000100000
00100111010111000110110000000111101011100010110110110000110110110001101000000000000000000000000001000000
01000110011110011011000101110100000101111110011011011001100100011111100000000000000000000000000010000000
10000001001101011100110000111010010011111011011010010110000100001000000001010000000000000000000100000000
00001111110001111001100101010110000001110011100101101101100010101111100001000000000000000000001000000000
11111011110111100011101110010000100100110100000101001010100110011010100000000000000000000000010000000000
10001011000100000010101000010100100010100001101001111111011101000001110000010000000000000000100000000000
01111001010001110011111111110011110100001011101010101000011000110111100000010000000000000001000000000000
11111011101110101001101010010011110011000100101101000101111011000001001000000000000000000010000000000000
01111011101111010000010100100001001100110110010000111000111110101010010000010000000000000100000000000000
00000110110101011011110110100000111000110000110010001111010001100000110001010000000000001000000000000000
00100001011000100000001001111011101110110011101110110111111100110100010000000000000000010000000000000000
11100111000110010100110010010001001111101110100100011001100101111100001000000000000000100000000000000000
11111100010101100001001100011011010011011000110010010001101001111001101001000000000001000000000000000000
11011011100011101110110000111011011100010101100111110111000100111010100000000000000010000000000000000000
00101010101010010000000001001011000101111000110000010101011010001110011001010000000100000000000000000000
01111000110101110101110010010001001000110110100111110010001001101001111001010000001000000000000000000000
11111011111000001001110101001010111100000001001010111001011101001110001000000000010000000000000000000000
00100110100101111100001000110100110010000000001001000110110010100011110001000000100000000000000000000000
00000110111101110010010010000011001110000010000111111111011010101001011000000001000000000000000000000000
01110111001101101000000110011001111011110010010101001000100000100001100000010010000000000000000000000000
01111001110011010100010000000000010010100000110111111001110110101001000001000100000000000000000000000000
00011000101100110100001001010010011000101000000010100000100000110011000001011000000000000000000000000000
10111001011001000110111011011100001011010101010001001000000101110011010001100000000000000000000000000000
00011100110000010100111010110010010000111010110111111011010010010100101010000000000000000000000000000000
10101000100010010001110101001110000101100010011111001110101011100110110100000000000000000000000000000000
parity check vector
p[0] = 0x0007b16200000001
p[1] = 0x0005a25211a838bb
