mexp = 4423
filename:sh.resD11n.4423.magi02.070227.74.txt
POS1 = 18
SL1 = 36
SL2 = 1
SR1 = 3
SR2 = 16
MSK1 = cffdf7f7ffffdfff
MSK2 = bfb7bf6fedfffffe
deg poly = 4423
----
00011011111100010101110000101001100111011100000110111011001100010011111110111000100101100001100000000100
11111100100101001001110100110110111111100000111011001110111111100111000110101100101010111001011001110001
11000000100001010010111110110010000110011000100110101100001001000000001101010011110100000010011000010010
00110011110001100100011100011000110001010001100000111111100101101110100010001011011100101011110001001111
00111100011000100010101011010100110001001101110000000110111000111010111010001100101101111000001110110101
00100111111101001100111011110010000011011110100110101000001101101110100000101110001011001001100110000100
00110001110001111100101100010100001000110001110111010011101111010010101000010111001011100111010001101110
10101010100100000001011100001010100101101110010001000101011110100001100011101111001111100101100100110000
01101100010101010001011010011010110010101101101011010100100100100111111011111010011101001110110110100101
00010110011010001111000001001010100011011000000101010011111111100110111010010101000110001010111000001110
10111100000000001110000011110011110101010011110010010010100111111100111100011101110011000111101111001011
11000000001110100100001100001111110011011000001010000100001001101110110001100010000010101000101111001000
10111110100111011000001110001011010101110000101110100100000010111111011111011110011100001010100010000100
11001010100111111100000010011011000101011111110110111110110110011001000011011101001100010000110100000111
01010001111100101001000011100000000010111110000110001101000110100011101001010111011010100100101100110011
10001101001101011111111001011011100101110100111110010101010000011011000011001100000010100111011101011111
11000111101101000011000011011001111111110110110000101100110111111110101011110111111101000100101011001110
01101010001100010000011111100000110001011101110000000111011001010000101101010100100111011011011110111111
11101100011011000010000111111100111010001011101100011000011000000001010000011001001100011111110101111100
00001000000001001100000011011011100000000100010100001100101100111100110001011111001100010000011111011101
00101101100110010100011010100100101010101111011000000001111111000111010011001001111100110101001010001010
11110100100101010101111110001101011010001101101001101011000001011011011010111010100101010101101111100000
10010000000001101110010010010010111101110011100110110100010010101011011011001110001000110101001011001001
11001011000100110111011011100101110111111001000000010010100110011101001001011100101000101000011110100000
11101110110111000000100010011100000111101011100110011010100011110011000011001110101101010100111010110000
00010101001010101011110110111011001110100100011110111011101111100111100100011001011001110001000101010010
10011010001000101001001100010010001011111111010111101010100111010111111100101001110001111111111111101110
10000001110010101111110111111011000111101101011101011100101111010100100110100111001110011001101110001001
11100001110101001000000101010001010010111001011011000001010000010001001111001000100010110111101011111100
00111000011101101001000111111011111111101000000110100010010110000111110100100010001101101110100100111111
11010110100101100010010101110011110100010010010100011001000010100100000101110110101101111000010001000001
10110110001011000011011001000110001001000000111010000110101000111101010011100110010111101111111011011101
10010110011001011000000111010010010000101010001001101000100001010100010010110001011100001101011111110011
10111101000001011100101111000010001111110101111111011001001101101111110000011001001100010011011001110110
11111110000111001111000101001000001111111100000000100011100001010101011111000001101010101100110101000100
01001111001101001000110011111010110101000111110010010111001000010010101011100001110000110111101000101001
10001111010101111100101010100010110000110010110001111110110110111110110011100010111100110100011111010010
01100101001001010000100010100001000111000000010111011110101001100100001110001110001011111111011000110111
00011010010000110100101001111001011011010001000010111000011010000101011001111011000001011001111100000010
00100011100000010111011010111101101000101101100100001010101001100100111011100010010101000011111001010100
00111110101000101100101011100010000000111011101111111110101110100101110100101010101101111010100000100100
00111101000111010010011011100110011001001100000101100110000010011110010000001001000011111101100011001110
00010010111111111111011110100011111110000111111111011100111100110011110101111000011100011100100111110010
01001101110011101101010011110101001100000000001110101010110100100101101101111011011101001011010001100101
11011111110111001011110010100011111110001110000110111000110111001101110010001110010000011010101111100010
00001110111001100000011110001010100110111010001100001000101010111100000101001011100101110100010101101110
01011100010010101101100000001110111001111110010100001001100000000011101111110111000101010010111111011101
01110011110101100110011111110001110011011010001010111000010111000001000110000011010110111101101101101110
10111110101011010011110001100001001101111001011011011010101000001111100011010100100100110101000000100000
dim kernel = 55
-----
00011011011001111101011110101011010010001111001001000000000000000000000000000000000000000000000000000001
11110110101110010010110101010000100100100101011100000000000000000000000000000000000000000000000000000010
00100000011111111001000011110011101010100111010101000000000000000000000000000000000000000000000000000100
11001010111101000000010011100100101011100110011000000000000000000000000000000000000000000000000000001000
10110111011100110000011011010010110000011100010000000000000000000000000000000000000000000000000000010000
11100110001100110000110110000101001110000001011101000000000000000000000000000000000000000000000000100000
00110110110100001100001010100010111101101010001000100000000000000000000000000000000000000000000001000000
10001100100000110100110001100001100111101000011100000000000000000000000000000000000000000000000010000000
11011101110001001001000000010100110000101011011100100000000000000000000000000000000000000000000100000000
10101111110110001000011100010110010111001000010000100000000000000000000000000000000000000000001000000000
00001100100001111100010001100110111110011011011101000000000000000000000000000000000000000000010000000000
00001111100011001000100010001000000011010001000100100000000000000000000000000000000000000000100000000000
10011100101100101011000111000111001000101010001001100000000000000000000000000000000000000001000000000000
10000000111001011110011111110010100011000010011100100000000000000000000000000000000000000010000000000000
10110100111010010001110001101100010111101101011001100000000000000000000000000000000000000100000000000000
10011101111001011101011100010000100101111001000000100000000000000000000000000000000000001000000000000000
01101100111101110100101011000010011011011110010101000000000000000000000000000000000000010000000000000000
11100110010011000000001111010100101011000011000101100000000000000000000000000000000000100000000000000000
00010000011111000101001000101010011100001110001100100000000000000000000000000000000001000000000000000000
11101001111111001010000101111001001000001110010100000000000000000000000000000000000010000000000000000000
01100101111101001100110000011010000111011110000000000000000000000000000000000000000100000000000000000000
10100010110110011011011011111010000111011001010001000000000000000000000000000000001000000000000000000000
10010011100111000000111101000011000110001111011001000000000000000000000000000000010000000000000000000000
00110101010010010111000011010001001101101011001101000000000000000000000000000000100000000000000000000000
11010101000011010101101101101110111011000000011000100000000000000000000000000001000000000000000000000000
00101000001110011000100101010110001011001000010101100000000000000000000000000010000000000000000000000000
01101000110110100001001000100101010010101100000000000000000000000000000000000100000000000000000000000000
01000110000000100101110011110110100111001000011000000000000000000000000000001000000000000000000000000000
11011101100010100011000000101111110111000000010100000000000000000000000000010000000000000000000000000000
10100100000110001101000000010001000110010110000100000000000000000000000000100000000000000000000000000000
00111101110110110001011101110001000111010010000100000000000000000000000001000000000000000000000000000000
00101111010010011101001010010111000101010111000001100000000000000000000010000000000000000000000000000000
11111110011111101110001101010111101001100011010001100000000000000000000100000000000000000000000000000000
10110110011100011101010100101111011100101011001101000000000000000000001000000000000000000000000000000000
01111001011100001011000101101001010001000011011101100000000000000000010000000000000000000000000000000000
10010110101111101100110111100011001001111100011001100000000000000000100000000000000000000000000000000000
00110010100010010010010011100100001101111010001000100000000000000001000000000000000000000000000000000000
10011001011101000001100101110101111110111010000000000000000000000010000000000000000000000000000000000000
11101000100111010011100101010001011100010001001000100000000000000100000000000000000000000000000000000000
00101000100000100111010101100000101101100111000000000000000000001000000000000000000000000000000000000000
10000101010011010011101110001001010001101111001000100000000000010000000000000000000000000000000000000000
00011001011111101110000011000100101110010111010000000000000000100000000000000000000000000000000000000000
00101000101011000000000001101011110010000011011000000000000001000000000000000000000000000000000000000000
00010010010111110001100000110100100000100000011001100000000010000000000000000000000000000000000000000000
10111011010100001111100101100110111101111111001000100000000100000000000000000000000000000000000000000000
00011110111000100000001001100100100000111101000101100000001000000000000000000000000000000000000000000000
01111010011101011111000100100010101010111010010101100000010000000000000000000000000000000000000000000000
11101111010011010100001100101011101110101010000001100000100000000000000000000000000000000000000000000000
00000010100111000001111101011101101101001000000001100001000000000000000000000000000000000000000000000000
00000101010010111100111111111101101111000000001001000010000000000000000000000000000000000000000000000000
00001100110010110010001010001101100101000011001001100100000000000000000000000000000000000000000000000000
10100001111001010110100100010011000100000111000100001000000000000000000000000000000000000000000000000000
11010000101100111110101010011111001111111110001000010000000000000000000000000000000000000000000000000000
10110000000110010011011001100011010111101110011110000000000000000000000000000000000000000000000000000000
10111010111010000101100001101000101110110110100000000000000000000000000000000000000000000000000000000000
parity check vector
p[0] = 0x0000000000000001
p[1] = 0x0001b67d7ab48f24
