mexp = 4423
filename:sh.resD11n.4423.magi02.070227.25.txt
POS1 = 10
SL1 = 12
SL2 = 3
SR1 = 7
SR2 = 8
MSK1 = fdfbdffdedfefffc
MSK2 = fffdf7fffb7efddf
deg poly = 4423
----
10100000110000110000101000100111111000010100001101000001001101111001000001110001110100110110000001100101
11000110000110010100000001010000110010001000001010111000000111101101101010010110110010100000100110001001
11000011001100100111111000111010100010001010000000101100101011000000110001000001100100110110101001011001
00000101100100111001001111110111101101110110010111011101000101001110110111101110101000000001110000011100
00101000011100011110010010010001110110001111100000001011010110100011000111010000111111101110001010110010
10001000000101001101101001011111010100110001110100100100100100101110111101111010010011010111111001110011
01111101011011001111001111010110100011110101011011111001011111110100101000011110101100101111110101100100
00100111111011000000101111100111111010011011011011000100100011001011110001100110000101000010000001110001
10011000110111100000011011100101110011000101001100101000100101111001101011101010110100010110101100010111
01001011000110010010100100100110101100101111001111100001110101111001000101010011100101101110000101000010
11001110110101110001010110011111000010111111011011100010010000111101011001001110111110011000000110100111
00111111101000011010000110111001011111000011010001111110100001001101011100010110001011010010011100011001
10010001001001000001110011111110010100100000111000001110101000011100111011010111001010011110001111011101
00101111110010010101100111000111000101000100010101101111010011001011111110001111100110011110111110110000
10100100000101011010000100011010011011010001001011011101101100110110001001010110110101001010110001011101
10001011101111000011010000101011010100011011001100001000111010100000010010110101011001110010000111001100
00101110110101110111111100010010001111001110110100100100000100011011010101101101001000111001010100000110
11110111000011100100111101010011001101100011011100011001001010100001101000110000110101010011001110111011
11010010011011001010110001110001100000001000111100110101011110010110100100011101100111101101010000110000
10000100110110011000001011111111100101100101010111100001111001010010101011010010010010001011000000010100
00101001010011001001011011011011110111000010111011001100111001001010011000101001100101110010000010111101
10100111000110100001110010001100101110011010010011010001001000100001110100001001000010110110001101001011
00001001010001000101100001000101010100111100111101110001000100111100111011100101010110001010010000110010
10011100110110010110111001000001010111000010110101010010010111110100110101110011010001100010101110000111
11101101110011010010100010000011000111011001001001010111101000001010001001001011000111000000101011111111
01010100000001011100001111100000000110010101100111111010011100110101111011011111101110101110010001110100
00000000111010101111001100010101110111010101110101100000110101111001000110000111101101101110110110110010
11011011111001110110101111001000101001010111110101010111011111110101111010111101110010010010011010111001
11000010101001100010000110011001010000110000011010111011110100100001100101010111111011001101101111101011
00011001000100001010111001001010000001101111011111001101111010110110010001000011101011000110010010010001
00101001011001000101111011001001101110010100110110100101111010110110011011010011101010001010101101010001
01111111011011111010100011111111011111001101000110110011110011110001010101101100011111111110010000001111
10011100001111001000101111011110001111001101010110101011011110000100110100011000010110000011000101001010
01110001100011100011110110101101000110001001011000110000011101100110010110100110100000001001100000100111
01010000110101100010101110011000101110000111011111101100000011000111010101101101101111010001110011111101
00010111110000110110001011000101100101111100101101001011111011111100000001110110011001111011111101011110
00110101100110011001100111110001100011101000101101100011001110000110000001010100001010100111000010000010
11110110100010100101001001111010011101110000111110110100001001100101111011110100110011111110001001101101
00010100100111111010000100101110101011111000010010101101000011000011101110001001101000111111010101100100
10110101001100011001110000000110000110011101110000101000010110000100111101011111001100001101101000111000
10101011010010011101001101111010110111110101111111110111000001101001111001001110011110101001000100000101
00110111000100111011011000011011101101010001100100011001110011100111000010110000011110111110100001110111
00000111111111010001001110000101000000101011010011100000001110011101001001011111110011100011110100110011
00110111011100011110110010110010011000111011100001011010001110011010011000010100111100110100110010101100
00010010001010000100000111001101010100111010101010001111111000111100001101001001100001010010010000110110
11001110100011101010100001001111001000110100000000010100100001111001110111100110011101010011101100000011
01111001011011111011000111010000001101111101000111111111111100011011000010011001001010101000100100101011
01111000011010011000001110010001111100000110000111100010011111111111011000001101011000111001000001110100
11011111011011010000110100100010110110010010110100110000011100101010111010011101100011001000010100111110
dim kernel = 55
-----
10111000001100100101011111001111101111010110101100000000000000000000000000000000000000000000000000000001
10011111000010110010001110101010001100101001010001000000000000000000000000000000000000000000000000000010
10101110001011111110001100101010110000000110110100000000000000000000000000000000000000000000000000000100
01011101110010111101101101011001011100001010110001000000000000000000000000000000000000000000000000001000
01001111000110010000010110010011001110001000111100000000000000000000000000000000000000000000000000010000
00000010000111110011101000100010111011010110101001000000000000000000000000000000000000000000000000100000
11001010101000000111110010000011110111110110111001000000000000000000000000000000000000000000000001000000
11110010100111001100011101110101110001010100101101000000000000000000000000000000000000000000000010000000
11010011110010000111011110100000001000000001000101000000000000000000000000000000000000000000000100000000
01010011010010011111000001001101111110011010100000000000000000000000000000000000000000000000001000000000
00100110111101110010010000001100111100010000010101000000000000000000000000000000000000000000010000000000
10101001101000101111000100011110110111011100110101000000000000000000000000000000000000000000100000000000
10111000000110000110100111010101011111101100101001000000000000000000000000000000000000000001000000000000
00101110011110010110011101110001111001000110010001000000000000000000000000000000000000000010000000000000
00100100000010000000000100010101100000000011100001000000000000000000000000000000000000000100000000000000
00111110101001101011110110101100000010110100011001000000000000000000000000000000000000001000000000000000
01100100011011000011111110110011011001110011101101000000000000000000000000000000000000010000000000000000
01010100011111000010111101011011000011101111101000000000000000000000000000000000000000100000000000000000
00011000011011000001011011110101101101100111110000000000000000000000000000000000000001000000000000000000
01101000110110100111100101111010100010001001000101000000000000000000000000000000000010000000000000000000
10100111110010011100110000010000000000001011100100000000000000000000000000000000000100000000000000000000
01010100010000101010011000011011100100011001111101000000000000000000000000000000001000000000000000000000
10011110111000110000111110010001111001011101011100000000000000000000000000000000010000000000000000000000
00010111110000110101011011011110010011110001011100000000000000000000000000000000100000000000000000000000
11011000000111101110010110101011101000011110001001000000000000000000000000000001000000000000000000000000
11000011010111011010011010111101110001001110001100000000000000000000000000000010000000000000000000000000
11100101010111000101101010101111010100010011010001000000000000000000000000000100000000000000000000000000
11101011101100010100100111000011010011011010000100000000000000000000000000001000000000000000000000000000
00001010101101000011100111110011010110101010100001000000000000000000000000010000000000000000000000000000
10110110001111110100000000111110000110011100000101000000000000000000000000100000000000000000000000000000
11010000101001110000111111001101110001010001110000000000000000000000000001000000000000000000000000000000
00110111010111011110000111111001011110001100010101000000000000000000000010000000000000000000000000000000
00110001010100010101010100111010000010000100011001000000000000000000000100000000000000000000000000000000
00111101010101000110000111110100000010001000010101000000000000000000001000000000000000000000000000000000
10010111001001011111101101110110101101001011101101000000000000000000010000000000000000000000000000000000
00110000111101010001111101101010000010010010001000000000000000000000100000000000000000000000000000000000
00001001001110110001110110000111100010010100110000000000000000000001000000000000000000000000000000000000
10101000100101101111011000010100100010011100101101000000000000000010000000000000000000000000000000000000
10110111000111100000011010100110111101000100000100000000000000000100000000000000000000000000000000000000
11011111000011101010001000010110010101101001001101000000000000001000000000000000000000000000000000000000
01111101101011111011010011110100110001000001010001000000000000010000000000000000000000000000000000000000
01001101111000111110110011111000010000010010110001000000000000100000000000000000000000000000000000000000
11000110011001100101110011111101011010011010111000000000000001000000000000000000000000000000000000000000
01010011000000101100011111100101111111011101111001000000000010000000000000000000000000000000000000000000
11011010101000011110110110101110110110001100110100000000000100000000000000000000000000000000000000000000
10111010011100100100001011001010100100110111000000000000001000000000000000000000000000000000000000000000
11110101011101100011110100000100001001111110011101000000010000000000000000000000000000000000000000000000
00000000101101111110000110001110101110000001101101000000100000000000000000000000000000000000000000000000
00110101010110111110101011110110110110000100100001000001000000000000000000000000000000000000000000000000
11010111001010100010111000000111101001101110101001000010000000000000000000000000000000000000000000000000
11101000010010011100000001100101101110110011010101000100000000000000000000000000000000000000000000000000
00110100011010111100010010101101000101110111011000001000000000000000000000000000000000000000000000000000
10110111000111001011110101110101010010101100111001010000000000000000000000000000000000000000000000000000
10101100011101101110000010011001010110010000000100100000000000000000000000000000000000000000000000000000
11101110001101010010111100100010000100001100000010000000000000000000000000000000000000000000000000000000
parity check vector
p[0] = 0x0000000000000001
p[1] = 0x000b83257cfbd6b0
