mexp = 4423
filename:sh.resD11n.4423.magi02.070227.11.txt
POS1 = 12
SL1 = 15
SL2 = 5
SR1 = 3
SR2 = 24
MSK1 = ffd5dfe9fff7fff7
MSK2 = fff7ffb7eff7ffdf
deg poly = 4423
----
01000101110000011100011110101010001110101100000001010101011110010000111110110101111111111010110100100100
10100100111110000100101100111111110011000000000000100111111110100000001011110110011010101110100001101101
01111001001011101011001101010001001001000011010001101001000000100111100100011000110011000100110100011100
00110100110010111101010110010111011110011110000011100100010000011010110001010011001111011010001010101001
10001000011101010001000001000000111001001110100110101101011000001111001111001110010011001010001001000110
11100011110001001100001111010010101111101111100110001010100001101000100111010001111110100001001101010000
01100100000000010011100001001000011111100010101110001111010111011101010101111100101100011010010101011101
01111001110011110111100010100010001101001001110101000010011011010001100000100101011111001111110110000001
00011100110001011001101101110001000001101010010011010011001001110110001010110100101011110100000011001110
11010011010110011100001010010010011001111011111010011101010000011101011100000000111000001011111110110100
11000001010100110011100101111110001100010010001010011011100111101110000001010100110110110100100100011111
00010010100011101001010100100000011110011100100100111001001101110100111011010111001111011101010101011010
11010001000001001111100110101100000011010011000100111000110000011110001001110011100110110111011100101101
11011111111001000100110100011110110111111001001011011011100010001100001011111111010011100000010100100000
10010010110101011101110101000100101100101000000011111010101111111110011101001101111001010011010110000011
01011010010011100110100011100011001000000110010111111111000111100100011010001101000001111011000010101000
10011110010101010000001111101010010100110010010000101101110010100100110011010111000010000010100101001111
11001100110000110011001101111101110000011101000110101111111111101110000100010000001111101100110110100000
10010010011111111110111001000000100000011111001000011001000001111111110111101110000010010110100100111100
00001110100101000100010110100011001000100101101011011010111010110001011001100111100101011001010011110010
01111010010010011000101010000001100011010100010110100101000001100100011101010001010101000101111110101011
01011101100001110110001000110111011011110000111010011010111000011111111000001001000101010110110001110011
00110000100000000001100001101101101001101110110110111110110101000001001100001001010100111101000111111001
11101010101101010011011001101001101101001000101010011010001100101110100110010101001000001000001011001010
00111100000100100111111011101100010100110000001011000011010101001010100101101011000001011010100001001011
11110000111110001000001011000101111111000110000111111000000111011011101011100111111110101000111000000010
11110111100001111010001001011111001100101011101010101100000010111001110110110001000110101101010000100010
10000100001000111110011110101111111110000100011010101101000010000110101110111110011110001010001011111101
01010100011010011100001011010010100110110111111100011111100100001101000101001001111101101010111101011001
00010001001011010000101100111000111101001000101010100001010001000001111100000110000100111101010101001011
00111100110101011111010110100100111101001011001000000110010101011001101001111001001110110000110010010111
11011101000001000000001001010000011100001101101001111110101001001010010000100001011110101010100111010011
10011100101010110000111100000010000000111111011001100001011100001000011110010101101100001000110111001111
01000011100101110110101110101101100010100011110011101111000011101001100100101010011111010000000001000101
00101100011100001101001101010010000010100001110110111010011111110111110111000011100001011110101011100111
10111000101010111101110000101110000111110111010110100111101101101010110101111100110010110010000111100100
11110010101110111101011110011100000110101101011111111010010000010001000001101011111111110001000110100101
01100100111011010010010011110001000101001101100000111110010110001111100111100100010110000101011101110001
01110100011011100100101001001111010000001111111110110001101100011001001011000010001001101100101001010011
00000100101100110101100000011110101111100001010101010011001001010111110010100110110100101011001110000111
11001111100011100101101010100001110011001011111011011101101001010011001011000110010101010110010011111010
10111110101101100000001010110010110001011100001001001010001101010111010110011101010011001100101111101110
01111000100011111110111101001111110111111011110001000011111001100110001110000010000010011001001101101000
00111011101011001110000110001110001000010010000100010011011010100011001110100110101100101000001111111000
11101110011111110100000100111000000010000111001110000100101111100001110010101010001011001100101010010110
00010101000111010011000111110111100100101010110000001010000011100111110001001111100001001110010100100011
01101000101000010110011111001111000100000100001010101111011001010011110100010100001001100000000011101111
10110000000001101100111001011010101000100100100000111011000011001011101100100001010110000001111000110010
11010011111010111111110010011111111000011101011100101100011001100010111011001010001001110010010111010111
dim kernel = 55
-----
10111011101111101100111001010001111011100100010010000000000000000000000000000000000000000000000000000001
00111000111110001010110010000001101110000010001110000000000000000000000000000000000000000000000000000010
10010011111110111110010001101000001011011110001110000000000000000000000000000000000000000000000000000100
11010001001110000111101111101110010011000000001010000000000000000000000000000000000000000000000000001000
00110100011011100111000110111101101101101110011000000000000000000000000000000000000000000000000000010000
01101001101100010011000111011111000010011110100000000000000000000000000000000000000000000000000000100000
11010000011100100100110010001011011110110100101100000000000000000000000000000000000000000000000001000000
11011001011100101001010111010011110000101011001010000000000000000000000000000000000000000000000010000000
00101100001011001110011001011001111101010100001010000000000000000000000000000000000000000000000100000000
11011000011011010100000011000000010100110101000110000000000000000000000000000000000000000000001000000000
00000110001010110101010110010010111001001000011000000000000000000000000000000000000000000000010000000000
10001101011110110100101101110111001100101010110010000000000000000000000000000000000000000000100000000000
01001000101100101100101111011011000110100010111000000000000000000000000000000000000000000001000000000000
00001010010110110100100100101000101011111101010000000000000000000000000000000000000000000010000000000000
11011001100000100100101011011000000100101010000010000000000000000000000000000000000000000100000000000000
11000100010111011001111010010011110010001000100010000000000000000000000000000000000000001000000000000000
11000110001010101110001110100010110001101001001110000000000000000000000000000000000000010000000000000000
10011010110000101001000110101100100001101001101000000000000000000000000000000000000000100000000000000000
11111001010101101010010110101010000011101010011010000000000000000000000000000000000001000000000000000000
10001111010011101101001011000000110101110011011010000000000000000000000000000000000010000000000000000000
00001011111011010000100001000011010111001111000010000000000000000000000000000000000100000000000000000000
11110011110101000111111110011110111111101100100110000000000000000000000000000000001000000000000000000000
11101100000100111011100000000100000101110101000000000000000000000000000000000000010000000000000000000000
10101010011111110011000100111101110100000110011000000000000000000000000000000000100000000000000000000000
00101011111010011010011011011000110011111101101010000000000000000000000000000001000000000000000000000000
00100010001000101000011000000001011000101010101100000000000000000000000000000010000000000000000000000000
01111100110010110110011111010100111101100010101100000000000000000000000000000100000000000000000000000000
01110010110111011011010100011011011110010001101100000000000000000000000000001000000000000000000000000000
00001001101111000110101010001000001101000110110010000000000000000000000000010000000000000000000000000000
00010010101111011111110011110111001011111101110100000000000000000000000000100000000000000000000000000000
01110010011111111011100110110000110111110001100100000000000000000000000001000000000000000000000000000000
01111000000111011111001011101111010000010000100010000000000000000000000010000000000000000000000000000000
00101010110100111110100000010011011100010100010110000000000000000000000100000000000000000000000000000000
00111010110000100101001110000111010101001001100110000000000000000000001000000000000000000000000000000000
10011100110100101110101100101000110010101100110010000000000000000000010000000000000000000000000000000000
00101100010100110010001011110111111100000001110100000000000000000000100000000000000000000000000000000000
01101110010010001101000100001000001110010001000100000000000000000001000000000000000000000000000000000000
01000011101001100101111011110110001101110000001010000000000000000010000000000000000000000000000000000000
11000100000100111011000100111110001001100000001100000000000000000100000000000000000000000000000000000000
00110110011101100101000111011001101110011011111000000000000000001000000000000000000000000000000000000000
01100100011111101101100011111111011110001001111110000000000000010000000000000000000000000000000000000000
01010110110100000100110010011000010100100011100010000000000000100000000000000000000000000000000000000000
11010100010010011011100110100001001111000111100010000000000001000000000000000000000000000000000000000000
10000000010000110010100001001100101010101001110110000000000010000000000000000000000000000000000000000000
11101010001001001011111001000111101011001100011010000000000100000000000000000000000000000000000000000000
10000000000110001110011000010100010010010000011110000000001000000000000000000000000000000000000000000000
10100000110001010110101001011101010010010011110010000000010000000000000000000000000000000000000000000000
00110001100100011011010010110010111101111000111010000000100000000000000000000000000000000000000000000000
01000110001010001001101111101000001001110110101100000001000000000000000000000000000000000000000000000000
01100011101110111001000111001100110101011011111010000010000000000000000000000000000000000000000000000000
01110010010010111110010001110101100100011001111100000100000000000000000000000000000000000000000000000000
10001101000010010100101101001101010010001100000110001000000000000000000000000000000000000000000000000000
11000011011010000100110101111100110110001000110110010000000000000000000000000000000000000000000000000000
10001011110110000110100111001000101110001101111100100000000000000000000000000000000000000000000000000000
11011110010111010001111000110010010010110100011101000000000000000000000000000000000000000000000000000000
parity check vector
p[0] = 0x0000000000000001
p[1] = 0x000bbbece51ee448
