mexp = 4423
filename:sh.resD11n.4423.magi02.070227.26.txt
POS1 = 17
SL1 = 34
SL2 = 1
SR1 = 5
SR2 = 16
MSK1 = eff67fffffffffbd
MSK2 = fdf7e9ffeffb7f7e
deg poly = 4423
----
00100110000100001110101001011111110111010101011111011011001000100001000011101000000100010011000100100000
01110001011000000001001000001000101111110001011001001010101011100101000101000101000110010011101000101011
00101111010001011001011101101000011110001100000111101000110101101001001001101000110001100111101011100110
10111110011100101011011110100101000100011011011111011000010111010111111010100111000111001000000100101011
01111110111000010111011001001010100000111101111000101010001110000100000011101100111011000011001101010011
11110111101000001001000011111010000101010010010110001100101001101110100100110000001000100011111101110001
00001101000111100110101110100000110001011110101011001101001111100000100100010011011101100000111011110010
00010011000110101101101100101000100001100000111100010100000001110111100010100110100101110101010110011110
01011011000110101110110001111000001100001000111000110111111110101010001011000010101100100000101101111111
00000111011111110111011101101000100010110110111100101101001111111101111100100010010101011010000100001011
01000101101010011100000010101000101011111110110111000111101111001111100011001001001110001111111011001010
00000100011000110000001010111001111000101001110110100011010110111100000010101110010101101101100111011011
10100100111110010111001000100010101100000011110110111011011101100010100010001110101100110001100111000011
00111000100111111001001101110100100101110110010010111001100100011100101110110000010010101111010110111101
01010010011010101011010101110000010110010011101110010111110111110111111111000011010111100100011110001100
10111111101111000011111010010100000101000011010010000000011110000111110010000010101000001001011010101100
10000010100111111010110100011100011001000111010100000001100010000100000011111101011111110011110110011011
01110010100111101100100100000110111110110101011111101100100111000011111110101101101101100010111010010101
10100100111000101010110111101000010111011000011101000010101110101101100101100101110100011001100011110111
00100110011111010110011101000010001100101000111001011001001001000100101111101101111110111010010101001001
01010001010110110010001000001101111000111101101110011111111110100100011011100100001001000011010000000110
11001000101010101110110011111011011000001001101101011001100010100111111100101011101111000001010100010101
00110000001001011101101011111001111001100001111011010110110001001101110010011110101111110100000001111100
11000111001101010010010100111100110101000100110111101110101100011011000111000110001011000010000001011010
01010111010010111110011000100011010111111101110101011101100001011001000111110110001100110011010110100101
01100111010111111110101000000100100011110110011100000011001000000000100001110001000110100110010010111011
10101001101011000011001111000110111101110111010111011001101011000111111001110010011010111100000101000111
00101011111110000111111010101001111000110101000110001101111000010100000111110110110001000001101110100111
10101010001100101111110101010010100011010000110100110100011001110110111101110001000110101111101011100001
00000110110101110000011001100011101111110011110000101100011010011000101110111000010100001011100101101100
01011110110010110000100111100011011101011101111110111010100100110111000001011110111111110001100111100011
01101010110101101111101010010011100001011000110100110000001000011111110100001001100010011001000100000101
10111001011100001001111111100010011111011110010011001100000001110110111001000010001101000101111100101001
00110101101110010110000011110000100111101111101111001101101011111100011101110100101010010010111111100011
10010000110100101100101010010000001110011001110111101011001001001000100010110111011001001010000111001000
11110101011001101010100011011001101011011111111000100100011011101011101111011001101110101000100101100110
10111000111000110101010000101011000111110100111000101100000110001111110010010011001010100011011000000101
00000010100000110111111101010110000001001010011001000111010010011101111011001011011000011000010001101101
10000110100111110000101111100001110110111010100010000000110111010010101010011000100111110110011000011110
11000110110001111100000001000011000011111101101111110111011010001011000110110111000101000111010101001010
11000110100001001000010110011001110100000111101001011010010101011100010110001001100001011010110100111010
10111111001110001111011100010010001001010000000110100100100101000100101110111010010110110001111010101100
01010101111101010100010101110111010001100010010110111101010101111110010011000101101110001101101001011110
01001011111101011111000101101010110011100001001000000001011010011001101101101111111001001101110110000100
11111101111011111100000010010010010001010100001001011101010001100111011100001011011101011100101010011011
10110101111110010101011111101001101000100111011001100011101101010011001000011101011111011010101100010111
11110100010111010000011110101101010010011001110101101011001011001101010011010110001110111111001001101001
10100001000100110011000110101000000100111000011000001100110110100111110101100110011001010100111010010100
10110110011010111100111111111110111000010000010010011010110010101010101111010110000001001011001101011110
dim kernel = 55
-----
00011001100001000010111001001011000100110111000001000000000000000000000000000000000000000000000000000001
11011010000000101011010111010101111010100110110101000000000000000000000000000000000000000000000000000010
01011100101011101001100100111011100111110000110100000000000000000000000000000000000000000000000000000100
00111011001000100101010111101001000001110110100100000000000000000000000000000000000000000000000000001000
00101010110011101100110110100111111100011100010101000000000000000000000000000000000000000000000000010000
10101000101101011101000010001010011101010111110011000000000000000000000000000000000000000000000000100000
10110001110000011001010111100011011111110100010110000000000000000000000000000000000000000000000001000000
01100101101111101000010001001000000011000100100111000000000000000000000000000000000000000000000010000000
01110001001000111010011101001000010111010001010011000000000000000000000000000000000000000000000100000000
10000011000011111101011111001011111001101001110111000000000000000000000000000000000000000000001000000000
01101000100001101011100011111111000001100010110101000000000000000000000000000000000000000000010000000000
10111110100111001010000101010111100010100100110001000000000000000000000000000000000000000000100000000000
00001110001110001011011100001010110001000010110100000000000000000000000000000000000000000001000000000000
00101001100111011010100110110111111001100011110001000000000000000000000000000000000000000010000000000000
01110101011110010011100000101111001110000101100010000000000000000000000000000000000000000100000000000000
11100101111001000111110110110010011011100001010110000000000000000000000000000000000000001000000000000000
10010110001001110011001100001000100001010000010110000000000000000000000000000000000000010000000000000000
00101011110010000001000100001111100010010111000001000000000000000000000000000000000000100000000000000000
10010101000011011111100010010011001111011001100001000000000000000000000000000000000001000000000000000000
11110010010011101010011001110011111000110000110111000000000000000000000000000000000010000000000000000000
00000000110110101001111111110010010111001010000101000000000000000000000000000000000100000000000000000000
00011010100010110010110101001010000100110011110011000000000000000000000000000000001000000000000000000000
00010001011101011110111110110010101001011001000110000000000000000000000000000000010000000000000000000000
01001101100101010000010001111011000110110110100111000000000000000000000000000000100000000000000000000000
10011100010001000010001011100000101101110110010101000000000000000000000000000001000000000000000000000000
11011101100011100000100101111001010000001011100011000000000000000000000000000010000000000000000000000000
00101111011111001110000101011010111000011101010111000000000000000000000000000100000000000000000000000000
10010010101011100100111010010010110011011001010011000000000000000000000000001000000000000000000000000000
01011010111011110110010010010010101100100101000111000000000000000000000000010000000000000000000000000000
10110110101110101001110111110100011100100010010100000000000000000000000000100000000000000000000000000000
11010010111001000111000101011111000000100001010000000000000000000000000001000000000000000000000000000000
10001100001011001101100101001111010011011111100011000000000000000000000010000000000000000000000000000000
00111100010100001100111100100101100100011001000111000000000000000000000100000000000000000000000000000000
10110011101011011001100100100001010110100110010101000000000000000000001000000000000000000000000000000000
10111110101100110100110100101010101000001010000010000000000000000000010000000000000000000000000000000000
00101000011010010000111011100011001110000011000100000000000000000000100000000000000000000000000000000000
11011001011001010011011010000111110110011010000010000000000000000001000000000000000000000000000000000000
01001100001011000001010111101011111001110110100011000000000000000010000000000000000000000000000000000000
10001010000100001001011110111110110100001111000001000000000000000100000000000000000000000000000000000000
10011110011000101110100001111001111101010100010100000000000000001000000000000000000000000000000000000000
00110010000010111000111001010100011101011001000100000000000000010000000000000000000000000000000000000000
00010010000011100100101000010011001100100101000111000000000000100000000000000000000000000000000000000000
11110001001100100100011101110111000101011110000010000000000001000000000000000000000000000000000000000000
00000011101010001010000001001011111001100110010101000000000010000000000000000000000000000000000000000000
10111110100101101111011010110100011000010111100011000000000100000000000000000000000000000000000000000000
01000000010110100110010000000111011011001000000110000000001000000000000000000000000000000000000000000000
10101010011100101101001011101101110100100001010001000000010000000000000000000000000000000000000000000000
01000101100101101001000101111010000101111000000011000000100000000000000000000000000000000000000000000000
01000001001001101011101011101011011111100100110010000001000000000000000000000000000000000000000000000000
10011010010000111100110110011100111001001101010101000010000000000000000000000000000000000000000000000000
11101011111001010101100110001011011110001000010111000100000000000000000000000000000000000000000000000000
10011111101001101101010011011001011110001011110011001000000000000000000000000000000000000000000000000000
11110100011100101001100010001001111111111110010011010000000000000000000000000000000000000000000000000000
10101111100000010100100110110010110100110100100110100000000000000000000000000000000000000000000000000000
01011000000010100111111111101100001101110010011000000000000000000000000000000000000000000000000000000000
parity check vector
p[0] = 0x0000000000000001
p[1] = 0x00019842e4b13704
