mexp = 4423, maxdegree = 4472
filename:resD11n.4423.magi02.070227.62.txt
POS1 = 5
SL1 = 31
SL2 = 1
SR1 = 5
SR2 = 16
MSK1 = fbff7fffffffffff
MSK2 = dabfdb9fffffb77f
deg poly = 4423
11000001000100110111011110100110
00000001001101001110010101011100
10110000011101110100100010110101
01010110000000011100000001000000
10110111111010011111101001101100
10111110001111001000111000011110
10101000001011010100100000110010
01111100010010111100100010000001
10010000000001001011000010000100
11001001100001010111011101000100
10101111101101100111101001001111
00011100000110101101110100111011
01000010001010000110000001101111
11111011011001100011100010000001
01000100100001101101110111111000
11101101101000110001010011110010
10101100010101010100110010110110
11101001000010101011101000111110
10111101110100010000011111000010
01010100000000111111001010000100
11010100010001110011000100111010
00010111111001001111101110110000
01011110100000001100100111111111
10101010101100101100100001000000
10011000110001010110101111010111
10011110000100010111000101100100
10110010000110010001100010110000
01010110111000010000111111111111
11000010011011110001011111111111
01110101000000000010110001011000
11001111001000110111010011001101
11001101110000000010000100001101
10000100011000011001110011110000
11101111110000101100001000011011
01111110000000010110010010110100
11111100010110011110011111110010
01100110111010011011001010010111
01010110001111010100110111100011
11100100000101011000000000000100
11010001011011110001100110011010
01001110101000011101100011010100
11011011000000100001011111011101
11011000001010100001001100110001
00001110101001100010101000000000
11011100110001000010101100111000
00111011111010111000110000111101
10001000100110011111100101000110
01100011110111111111011100011101
00111110011000111100111011010101
10111101010110001010000011101001
11100010001101011001111011100111
10110110010001010110010111001110
01010110100100011011100101001110
10100011101011110100001010100000
01111101001011010000000110111001
01001111100101110111000011110110
00001000100110000100111100100000
10001101010111010010011001010101
00010100101001111110100100000101
11111011101101100111011110000110
01111111011111001000101000111011
11001110011111110011100000100001
11110000010010101001010001111100
00011000101010100000100011110111
11100010000000000010100100110101
11011101001111110111001110100011
01111101011111111110001101101111
11011110101010101001100100011011
00000000010101100101000011011101
10110110110010111100100110110010
10111111011010001011010110100011
11100101101111001000000101010010
01100111100001010100000110010011
10001011000000110011110011000110
01101000110011110100011000000000
10100101100101100111111000100001
00100011011000100001000001001110
10110110101101011111010000010101
01001010011010011101100101011000
00000100101001110110001011000110
00000011010111001101010010010011
11011101100110000101100110010011
00001000110010000101111101011110
00111010001010100000100001000001
00011010111011100001110010111001
10100100100111110010010100001101
10001010110100011100110011000100
00111111000111111111010111001111
10100101000010000011011010110000
10110101001101000010010100001101
01011010010110111011101001101010
10110001111110001101011000111011
00001001011010010010101011000111
10100101011010010101001001100010
00111100101010010110000000001100
01111010111011100011000101000100
00010100011101010110001011101110
00111011001100101111111101110101
01010110001011001010111111011011
10100101101001111110011000101111
01001000000110101101111101101010
10001111010011110010100101111111
01101000101111100000110100001001
00100000100101111110011110111100
00000001011010101000010000100011
10001100000101000011001110101111
00111110000010100001011101010110
10100101111111000111001011001001
01000111110111100000011101000010
00000010010000111010111111101011
10110010011110001111110011110011
00001011010111110011001010110000
10001110110001010100100010010000
00100000011111101011101111110011
00000001100000011111100101110000
10011011000010010010011010110101
01110000110010101111001000101111
00100110110101010000111000011100
00111011010000001111011100000100
10001101010111000110100101101101
10010011011001010110010111111010
00101101101101101111011001101101
11111001000101100011000001100000
10111011110000001110101111000001
00101100101111000000111011110100
10101011001111111000110110110100
11010110011101101100010001111010
01011011100000010011001100000110
00001010001101000001111111111010
11000111110010111010000110111110
11111101111101101100001100111100
00010011110110111011111010110001
10000110010101110111101011111111
01111001110001110110101010100101
11110000011101111111111100111000
10110100010111011101101011110100
01010111101010111000011000100101
00100101100111101110000011101101
11100101deg=4423
deg lcm poly = 4472
weight = 2081
10000000100000000000000000000000
10000000100000000000000000000000
10000000100000001000000010000000
11000000110000001000000010101010
11000000111100000011000010101010
00101000000110000011000111111110
01001000011111011110000111110011
10000101000011010101110101011101
11110110001100011101001101000101
10110000101000000000000100011000
10111011011010101110011100000110
00001110000111100000011101110110
10011010011000111011101110001001
01101111011111100101011010110100
10001001100010001101110110100000
00110101001111100100111001100101
10100000000001001001100011000001
00100011001101011101100011011110
00001011000001011010000000100110
11110100100011111011000110111111
10001010000000101011100111010011
10000011101111001111001100001111
11010100100011001001111111110110
01101111011011001100111010110101
01001000010111110110100011011111
11100110100001000110110001000111
10111011110000110110011000001100
10101100111100100010011011000111
01010110101001010010111001010100
01101000100001011000011111010101
01101101000011011000111011111001
11111011100110001011101110001000
00001001010010111000001001101111
11100000100011101101100001100111
00001100111011111110110101010101
00110110100101101011110000001111
10100011110000111100001011111010
11101100101100110111010001110001
00011111100111110111111111000001
01010100000110101010110010101101
10001101000100110111010011110100
10101011111110001100100011110001
00110100010011000001001101000010
10000001001000110011110110010100
00000011001110100011111100101101
00111110101110100100001010111111
11000110011100100100100000111100
11010001101000011000110111001000
00000101100011010001100010100011
01101101011000111010100110111010
11000101000101001110100110100001
00001101110101110101110011111001
00110000011100010001100000011011
01100101100110101010110101100101
10001011100100111111000011101010
10011111001110111001100100010000
00001000000101001010001011100010
00101110011000101101110010001100
11110010100010000101011110001000
10101101010010110000100000010000
11001001010101101100000010000011
01000110011001010111011101001010
00011000101011000000001111110101
10011101100001101011101010010010
11100101101110111001000111111101
00011011101010001000111111000011
00011010001110101001001100010010
00011000110011101100110101010110
10100111011100110101100110100011
00011100001001011100001000010100
00110110101001101100000001100000
01100101010111011111101011000010
11001001100010111100111000111111
10000100010000011111110011101110
10110001110110011111011100011100
11111100011110110101110001001000
01001101011101011111100101111010
00110100100111101010010011111011
11000011111101100010001101011110
01101100001011001101000101110000
00010101001111101111110001010111
10100010100010010111110000111101
01001011000111010011001111101110
11101000001001000111110110001011
10110100011101011101011011011010
00001000110101101101001110110101
10111110010010111110111000000010
10100111111111101101011100111101
11011010010000011110101000111010
11100000011010110111110110000000
11110000010010111011110000101001
11001110101101011001110011110011
01000000001100000100101011000000
01110101001010011101111101101101
00000111100111011011101110100001
10010010101100110010100010010100
00100010111111101100001110010100
00100000010111000000011001111011
10010111110000100111101101101011
10010100011100111110010011010101
00110011001101001111000100110100
11110000110010001110111001011000
00110111110101100000111110111001
11011110000011000100111010000000
01010101010011110001010000100111
11110010110100001001011011101100
11111000100010001010011100011101
10111011111010100010010101101101
01100100000010110111111111010100
10110000100001111001110010100101
11110101001101011110011001000110
00110001101010010010000110000011
11011101101011100100001001001010
00000110111011110110000100001010
11100001000101100100111101010001
00101000010010101000000001110011
11101100101011100110001100111000
01010001111111110111000111111101
10100010101011000000100001110011
01101100000100010001000110110100
01011110100010011010010101100011
00001011000001100101110000010100
10110011000111100100111001000011
10111001100001011010100000001001
01101100101010001000011110111001
00111100010010001100100100101101
10010010000010001001000110111000
10100111011100101110011000111101
01001100011100101011010100010010
10010101000001101011111000101011
01000000010110110001110001100000
01000110110011001100001010000000
01000010011000100000001000100100
00100001110000010100111101010101
11111110000000000000000101010100
00000000001000100010001000000000
01010101000000000000100010001000
10000000000000000000000000000000
00000000000000000000000000000000
0000000000000000000000001deg=4472
deg tmp = 49
52 bit k-distribution
k(1) = 4422
k(2) = 2210
k(3) = 1473
k(4) = 1105
k(5) = 883
k(6) = 736
k(7) = 631
k(8) = 552
k(9) = 490
k(10) = 441
k(11) = 401
k(12) = 340
k(13) = 340
k(14) = 315
k(15) = 294
k(16) = 276
k(17) = 254
k(18) = 245
k(19) = 232
k(20) = 198
k(21) = 192
k(22) = 172
k(23) = 172
k(24) = 168
k(25) = 168
k(26) = 168
k(27) = 108
k(28) = 100
k(29) = 98
k(30) = 86
k(31) = 86
k(32) = 86
k(33) = 86
k(34) = 86
k(35) = 86
k(36) = 86
k(37) = 86
k(38) = 86
k(39) = 86
k(40) = 86
k(41) = 86
k(42) = 86
k(43) = 86
k(44) = 86
k(45) = 86
k(46) = 86
k(47) = 86
k(48) = 86
k(49) = 86
k(50) = 86
k(51) = 86
k(52) = 85
52bit D.D:    887, DUP:   25
