mexp = 4423, maxdegree = 4472
filename:resD11n.4423.magi02.070227.74.txt
POS1 = 18
SL1 = 36
SL2 = 1
SR1 = 3
SR2 = 16
MSK1 = cffdf7f7ffffdfff
MSK2 = bfb7bf6fedfffffe
deg poly = 4423
11011110110011010011110000001000
10001011111111111101111100011001
00011010010101100100000000001001
11010111011010010110010011101101
01000010001111110110001111101100
10000010110101010011110001110011
01000101111011100100100010110010
00101000000110011011011001001100
00010001100110111100100101011000
10001011001011010001100111110000
11110011101110011100000000000101
01010101101011000110101010101001
00101000111001100001000110010010
00100100000101101010111010011101
11101010010110100101000101000001
00111010110000010111010111101001
10101000001011110010011111110101
00001100101001000111011100000111
10101100111101110001110010101100
01110011000101011100000101000100
10011111000110001001100111101011
10010011111101000111000001000111
00001111100111011100010000111101
10000100111001011110011101101010
10101001000101101010100100010110
00111010110001100010001001011001
00011110100110011010101000110110
11111110111000010101000110001111
00010101111100000010100011101101
11001100111101000100010000010101
10001011111111010010011001011111
00010010011000001000101110100100
10100000100001100100101111001001
10001101111001101000100100110010
11011100111111110111010100010001
11011000001110001111010000110001
10110101000010000101100001001101
00101000110001001100011011010111
00001011111101100011110001100011
11110011101011001111010101111101
00110101001011101110010000111101
10000100101110011110101001001110
01100001011101110010000011001010
11110000001011000000010001010111
01011100000010010011010001100110
11110110011011011100101011010010
10000101100011011111010100110010
01011101101000110011100010001110
01100100101110110110010110001101
01001110111110110011011010011100
10101010001011111110100010111011
10001010011110001000100001110101
10110001110000000111011101000101
11100100100101111100100111000000
11101100110001110101001010100000
11011111101101101100111000110000
10001100000111010111101010110001
11011100001011111101011101001001
10001011001010111110010000001000
01111111100101011001001010010110
00111100001011001100010111101001
10110111000010111000111101000001
01001011100001011000111101101001
10101111100011111100010001100100
11000011001010010101110001001110
00111011000100101101101000110001
10000101010110000000001000001110
11100011010111101101000101001010
10010010000001100011000110011010
01111111110010010001110100100101
00111001001001101110011010101010
10011010111000010100000101110100
00010010010011101000001000010001
01101010100010110110010100001110
01001000101100000100000111011011
10110101101110111001100000001101
01001100011101100101011110001100
00101010110100000101000000111000
10001101101100011001010010010011
00011110000101011000000000010100
10011010101010001101110101001011
11100011101110010111111100010101
11010001001111001011110001101000
00000011001101000101110101101011
00001100101100011110110110001101
00111011010001011010001010011101
10011111101110000101101010000100
11111010100010100101001001110101
10100000100100010001101000110010
01010000101010011100000011000011
01010010100110000010101111100111
10000101100000011111111111010011
00100110010111110111101111011101
11100000010010001000111111001010
00011110001100101100010110001000
11000011101111101100011000111111
00010010110000110011000110100011
01001110100000010001111000011000
10111100000000000010110011111101
11101011000010010011001011111011
00111100110100100110101001111101
11011011011010011010110111000000
00100110000000110010010100000111
01000110011111101101010000110011
10110101111011010010010001100111
00011000110100001111101011110000
11110101110100100011001110010010
11100110100101011000010110101011
00111011001001111010101000111110
11100000101110111001010010011101
01001010100101101101100110110111
00101110110100011010010110000111
11001100001111110110110111000001
10100111001110010010011010100110
00010001111111011100101101100011
01011011101011101000100010111101
10100010001010010000100011000010
10100010010111110001101101001111
11110111111110100111010110111110
00101011010010100010111000111101
11001000100100010011100010100101
01000111000100111000101011000110
00010100001011101010010000001010
00000100001001010100011001010110
10101011101010011000110001000011
00110011011000111011000010001000
01001101100111101010010110000001
11000000110010101110110001110110
01010011010111010101001011011011
10001100010011100111111000101011
00101111110001000010001110110010
01111110110100001001000001000000
10101010110000010110010101101111
11010111111010011101001011011000
11100010010100101100010100101100
01110011101101110000101100000101
10001111100010001000001101101010
01101001111111101111110100000010
11110001deg=4423
deg lcm poly = 4472
weight = 2043
10000000100000000000000000000000
10000000100000000000000000000000
10000000100000000000000000000000
10000000100000000000000000000000
00000000000000000000000000000000
00000000000000000000000000000000
00000000000000000000000000000000
00100000001000000000000000000000
01100000011110000001100101010100
11100000111010000000101101010110
11100000001010001100101010000111
00010001100011011011001010110111
00001111011111101100101110100010
11011110101111111110001010101101
10000010001000111101010101111011
10000001101001011111111000011011
10110001000111110100101011001101
11111110001011101111010010010000
10000010001001110011011110011111
11011010001100000111111100111110
10001001110001010110110011101101
01111001110000011000000101111001
10010000011010010000010010010111
11110101100110110100101001110011
01000101010001110100101011010001
11011011000110010111011111100110
10101100111100110101111110100100
10001000101000010110100100010011
00111100010010101000010010010110
00010111011011110000001001110001
10001101010110000101011110111100
00011110110101000001111100010010
10110001011010011001010111110111
10110011010010110001011010010101
10011110111111101110000010011110
10111100100101000011000110111100
01110100100010001001111010001011
10000100100101100000100011111010
01001011110101010101101010011000
00110110011101110001101111000110
00001101111000100011011100111100
11000001011100101110111111001110
10011101000111010101101100010100
10111010000000100010000000111001
00011110010001010000100111011101
10111111010000101111100111101111
11100010000011101110011011101111
10010010111000110100100111101001
11110100000111100100111000110001
10101000000100010110000001110110
10111110011111100010100100100101
10101101011010000010000010001110
01110011101011010101001101000111
00011010010011100101101010010100
00101101110100010010101100110100
01100110110001110100000101001101
01011001010101110011001101111010
10111010101100100010101000011100
10001110011011011111001010110010
01100001100011100001111011110100
10011010001101111010101101010100
00100110110011000011110011010100
00000011100111101000101000101100
10100001010111111011000000110100
00111001110000000010101100010000
11001100010001110101000001111011
01111101100000111011011100001011
00011010111101111111000101101111
01001001000010110101101100110010
11010110100001111001101110001101
01001000010111000101101110100111
11010010000010001001001000101100
00001010110000110011101111100000
01011100011001111110001011000110
00101111110110110001100110111100
01110101011011000100011001110011
10001001100001101100110011000101
11000110100011110100101000001001
01111110111010011111100001110011
01100010101101010000100001111010
10010001010001111100100011010000
01010100110001011010100110000110
10010110100111101111101111100010
01001001111100110101001111010001
11110010011110101010100000000110
00000010001100101110001101110100
10001011100000100100100010111010
11001110000111010110001001100000
10000001101110110100111000111011
11001100011010101100011011011111
01011100110110001101011000110111
00100100010111100100110100110101
10101000101111110000110110010011
01000010101100100011011111110101
11111000011000111111001111010011
11101101001100100110000101010100
00001010000101000001101010011110
01000110011001000101010110001110
00011110111011011010011010110110
11101110110101010101001101100111
00101001000101111011110001010100
01110111011101011010010101111011
01101000100101011101001000101010
01101110001000100101111111001001
11010001100101011010000101101000
10000101010100010001101000001000
11011101010000110010100010010000
10001100000100110100000011101100
10010011011001111011000100001101
10000011110000100110010011001100
10011111011110110001100000110001
10110110011000011111000000011100
10010010101110001101100011110000
00101110001111100110111111001011
01001110101111111110111111100010
11100100011111111000111000000110
01111001101111110111000101101001
01010101010011100010100001011101
11101010111100000100011000001010
00101011001100010011111101011001
01100010101101001001001010100101
10100111101010110000101000000101
11000010000011111010111110101001
10010011010010100101111011000011
00001100111000001100101100110100
00110010011101100000101100010001
01010110000101011010010110000111
11100001101001011100111110100000
10011100001010011111111100100100
11001001111011111011010010000011
10011001110000000111110010010001
10001010001011000100001000111011
10011111101111011011101101101100
00010010011100001100010000100000
01000010110001011111001101000000
01100000010100100001001010000010
10000000100000001000000000000000
00000000000000000000000000000000
00000000000000000000000000000000
0000000000000000000000001deg=4472
deg tmp = 49
52 bit k-distribution
k(1) = 4422
k(2) = 2208
k(3) = 1473
k(4) = 1105
k(5) = 884
k(6) = 737
k(7) = 631
k(8) = 552
k(9) = 491
k(10) = 442
k(11) = 401
k(12) = 368
k(13) = 340
k(14) = 259
k(15) = 259
k(16) = 259
k(17) = 258
k(18) = 245
k(19) = 232
k(20) = 221
k(21) = 196
k(22) = 180
k(23) = 172
k(24) = 172
k(25) = 86
k(26) = 86
k(27) = 86
k(28) = 86
k(29) = 86
k(30) = 86
k(31) = 86
k(32) = 86
k(33) = 86
k(34) = 86
k(35) = 86
k(36) = 86
k(37) = 86
k(38) = 86
k(39) = 86
k(40) = 86
k(41) = 86
k(42) = 86
k(43) = 86
k(44) = 86
k(45) = 86
k(46) = 86
k(47) = 86
k(48) = 86
k(49) = 86
k(50) = 86
k(51) = 86
k(52) = 85
52bit D.D:   1134, DUP:   29
