mexp = 4423, maxdegree = 4472
filename:resD11n.4423.magi02.070227.19.txt
POS1 = 36
SL1 = 43
SL2 = 3
SR1 = 7
SR2 = 16
MSK1 = 7ffffffffbffffe9
MSK2 = bffeffffdf5bfffe
deg poly = 4423
11000100101101000001101011010010
01101011110000010001100001110010
10010011011000101010010110111100
01110101000100100001010010011001
10111111001010100001001011010110
00000010111101111010010110111010
11011010100110000101011100101111
01000001100000110010001000110111
10101100001001010100001011011000
01011001100111101000000110001111
11110000000111000101101011100110
01101111100000010011100100000011
10100011000101011010110110111101
10101100001010100000000101111000
00110111110000101100101001100111
01000010000101011001000101001100
01001001001001001011111111111111
00000010111000111101111010001001
00110100000101101111101111101001
00000011001010010110100111001101
10000101011011111110101000001100
00000010000010010111001101100010
11101011000001100111110100011000
00000100101001110110111010000111
01011010001010110010010010110001
00001001110100101111011110001000
11001000000001001010010001110110
00011100011110011111111001000100
00000111000100100001110101010111
01100010111110110100101001000001
00001111010100110101110001010000
01101101101101101100100001110011
01001010001010011110101011100110
00111110100111011000001010111110
01100001010000010011100100011111
11110001001110101100100110101011
01011110010100000000010101100001
11111101110100001100101100110000
00010000110001001110101011010010
01000000011101000101010100000111
10111110000110010000010101000111
00011110111111110001011111011010
11100100000101011001011110101100
00011111100010101000001001011101
00010111000111101100000100101001
11010010010110100110000011010001
11110110000001100101011110011010
00111110111000001011101111010001
10011111111010010110001100110011
01111101000111110101111111100010
01101011001101100111000000001100
01000100000000011111000100101010
00100010111001110011101010011111
01010010111100100110110111110011
10101000011011110000100000010100
00100111001100100011100010000001
11010101011110000101011101101001
10111011010101011001011000010101
10110001010000100000010111010110
11101100011011000011101011101110
10000001100111110011111100010101
11001111000100101001101110010010
10110001110011101101001110000011
01111000000001101000111111010001
10001100001111001100001100110111
00000001110010101111001011100000
00101010110000010101110110010110
11100101110000000011001110010101
01101101000010000100111110010010
01011001110010010001010100100010
00110100100110001011110101001000
00000110110100100110001001011100
00111011001111010110011010000110
00011110011000011000011110000010
01110110000110110101110000000111
00010110001000110000110000110010
11010101101111001010011010110101
11001010100111010010111001110011
01110101001101100101010110010000
11000001001001001100111110101111
10111000010010010111011011110110
10111001100110001000101110000000
01001100001100001110001100011011
01101110001000011011010100001100
10100101110101100011101010001100
00110010001000010010001010000010
01010110010101010111111110011011
11111110111000011001010111001011
00110011100001001011101011101011
01110111011101111010011010010101
11011001110000001100000100100111
10110101000110001001010111111011
00110100101101111100110100100010
01100010010111001001011101000010
11101110111101001111100011011101
01110101000000001100101000000000
10001010011100001011111100111100
11110110000001011100011111111000
11111000110000001111001011101010
10101100011111000010110001101101
01010011000000010010110011010111
01110001100000010110110011110010
01000110001111100111111001100000
01100001100110001110000010001000
10010011001111100001011100010100
10010101000011100100110110110111
00011111000111000101110010010101
10011010110101110100101000110010
10001101011100101100000001110100
11011100001011110010111011011001
10011000110011000111000000111110
11001101011011111010110010000101
00000110101110110100011101010001
00100001011010000000000000001110
01001101110001101100110100011100
10110111010001000101000000001000
00000000101111010001111101010001
10110011001000000101111111111100
10010000000101110110110000001100
11110110100111101100101000011101
11100010100110001011010100011011
10101000111111001000000000000010
10001101010011000010011010111010
10111010010011110001011000011100
11001001000011101011011001000100
11111010001011100011001000000001
10001011101110000101000111110000
01111100010111011000000110000000
00001001101101100111001001010010
00010011011100101110011100111010
10111111001101001100010001111111
10111010001100010001101100010100
11010011100000100011101001000111
11100100011001011101100100010010
00000011110111011110001101111100
10110101111101011001010001011110
00000000110011000110101110101011
01000011001101100111110011111011
01010001deg=4423
deg lcm poly = 4472
weight = 2101
10000000100000000000000000000000
10000000100000000000000000000000
10000000100000000000000000000000
10000000100000000000000000000000
00000000000000000000000000000000
00000000000000000000000000000000
00000000000000000000000000000000
00000000000000000000000000000000
00000000000000000000001111111100
00000000000000011010100011111100
00000000001111100110100000010110
11000000000011010110100000010110
11011101110011011001110001101100
01110001110011110000011101010001
01100101001011011000011110011001
10111011011001111010010010011011
00100100001110111001111011011000
01011110000111010101111010111001
10111100110010001001011010111111
11001101111111010101100011011110
11111110001110101110011111011000
00001000110100011001101001011111
01000101000101001010011100100001
00000000110011110001011111000000
10111010100000110001011100101010
01000010100000111010110111010011
11111011101111101010000011101010
11101000000100001010100000100101
11101111000110010010100000011101
00100000000100000100100101101000
10011010110000100110010110011001
01100001010000011000110110001010
11111110101011110001000111000000
00010000010110011110110111110100
11111011110110101101110111101100
00101101011111001110111110000110
01100101010100100000010100110111
01010111001011010010100110000110
00100001111000001100100000010011
01010010100010000000001001001001
00110110111100101110011010110101
10001010101011111011000100000000
11100011101010101010000010111101
00110100011001001100001101100001
10010011110110010001111101001111
00110100100000011110011000011101
10100000110011000000111111010010
10101000010011111110001110101011
10101111101000000000010101000111
00111010011110000010001010110100
00100111011101100001110001000101
10110010001000100011011111011111
11011100100111011011100100001111
01011000000110101000011110111011
01110010110000000011100101111011
11100100010100000100011101101100
10010101101100001001011110001110
11110010100110110011010000101000
10101111001110010010000001000000
01001011001011011001001011000010
01001110101011011100111011101001
00110010011101110111110011100100
00011101100011010101101101010110
10001100000001110011111110110000
00111011010111110000000110100101
01111011010001111000001100111111
00011010111101000010100111000010
11000111011101001111000111010110
11011001010100100101111001110100
00110101011100101100111000100011
00010010111010100000010011011111
10100111101010110110111100011100
00111100001100010010010111011100
10110110111001000111111001010001
11101001111001010111010001011111
10000011010110010011001011101011
00011110010010111110101010101000
01110111001100011000111011110101
01000110101110010101100110010001
11001100011010111101111011110000
11100101011111001011100010000001
01011110011110001010011000101111
11001010001100110101111110000010
00000000000000001011010010101100
11101001111110000101100010111011
11110010100001100111110101000001
00100011001011011011001111111011
01011010001110011000111000011110
10011110000111001101100011110111
01100100100011001001110001000111
11100100100001010011011110000001
10100001000111101010101000110100
10101001101110110001100111010101
00001110000011000011000011000001
00001001011110111100001101001111
10100000100100111101011111101111
11010000111111101111100110111110
11000001000001001100001001011110
11100001001110110001000111011111
10001101000010001100001111110011
01111011010110010110000100111001
10001001110111000111100100010010
00101110100101011100101111110001
10011010011010000100001100011000
00000100011111100011111100111001
01100101001001011010101001000011
00100110110110100101110001101000
10101111000001111001100111100110
00010010000010000001011111111000
01110100001011110000110100111001
00101100101100011111010001100010
01010000111110100111101111111101
11100111110110001010000110010010
10010000011110010000001000101101
10111000100101000111010111011101
01100011101011100100110111010001
01111000101111100111001111100000
10001001100111000100010110111100
00000011111111111101001000100010
01010011011000011000110010001101
01101100000101001111101001001000
00011011111111010101000000101101
00110100011100111111011010101101
01101111101010111111001010111010
00111000111000111110010010110001
11100110100111111000000110110111
01001000110100101101111111111101
11010101100111011011011000101011
00011000110100001100111010110001
01100101111011100101011011011010
11010110101010111011010000000111
00010011100111111000011100011011
01100001110011000010111111100110
01100111011010000101111111001111
11000100110001010111011110111001
10101011011100011111010111000110
00101010000100111110100101101101
01100001011100010111010100101101
01001010000000010100000000000000
0000000000000000000000001deg=4472
deg tmp = 49
52 bit k-distribution
k(1) = 4423
k(2) = 2210
k(3) = 1473
k(4) = 1105
k(5) = 884
k(6) = 736
k(7) = 631
k(8) = 552
k(9) = 491
k(10) = 441
k(11) = 402
k(12) = 368
k(13) = 340
k(14) = 269
k(15) = 269
k(16) = 252
k(17) = 252
k(18) = 172
k(19) = 172
k(20) = 172
k(21) = 172
k(22) = 172
k(23) = 172
k(24) = 172
k(25) = 168
k(26) = 168
k(27) = 163
k(28) = 129
k(29) = 86
k(30) = 86
k(31) = 86
k(32) = 86
k(33) = 86
k(34) = 86
k(35) = 86
k(36) = 86
k(37) = 86
k(38) = 86
k(39) = 86
k(40) = 86
k(41) = 86
k(42) = 86
k(43) = 86
k(44) = 86
k(45) = 86
k(46) = 86
k(47) = 86
k(48) = 86
k(49) = 86
k(50) = 86
k(51) = 86
k(52) = 84
52bit D.D:   1056, DUP:   31
