mexp = 4423, maxdegree = 4472
filename:resD11n.4423.magi02.070227.11.txt
POS1 = 12
SL1 = 15
SL2 = 5
SR1 = 3
SR2 = 24
MSK1 = ffd5dfe9fff7fff7
MSK2 = fff7ffb7eff7ffdf
deg poly = 4423
10101100010100001110110110011010
01011110000111101000011110111011
01001010001000000100000111110010
10111001011100001111110001011100
01000101100001000101000011001000
00000101100100100011000111111001
01001110010111101101110010111000
11000001000010000001011010001111
00111001101100111010101111111110
11000000011000000011111001000101
10010111111101111101011111000110
00111110000100011001010001001010
10011010110000001111000100011010
00011001111101111100100111010011
01111110110101011000010001001010
01011111010111101100000100111101
01000010000001001110011000001110
00110111001110101100001111011101
10000101101101001000101100110011
00000100001011110110011011100111
11101110010101110110001000110010
10010010111011100110111100111010
11100010010011010010111101011000
11010011111110011000101101000000
10001110001100001100011001111001
10111100101010011111010100101011
01010101000011101010110101111101
00010111110001011101100111101000
00010110110001010110010111001010
00000010000101101100011101101000
10001111000100110011111100110001
10000101001001010100111010010001
11111110000110001101111110110001
10001001011000110110000011000111
00010100101010100110101101101110
01011011111100010011010011111011
00010001000100010001110011010001
10100111001111100101101111001101
10110001010010001101111000101000
11001011111111101010010111000001
11101000111100110111011010101100
00000110110010001111101101100001
10011000100101000100000011100011
11010010110110010111110101111101
10110100111100100010110100010001
10000100000111100001111100111101
00111001011000011111000110000111
10110011000111100101110110111100
00000000110001101000101101100101
10010010001100000100111110110011
11101000100011110001000011100100
00011100010111100011010001001001
11000100110011100111111111100011
11000010001101000111111101011110
11010000111110100010000001100000
10110011011011010111010101000011
11111100001011101111101010011001
11100001000100101001111110101100
10000010100010110111001001111100
00001101000111010111110001111001
01111001101000010000110001000010
11100111010000110001110000011101
10111110010110110111101000110000
00111011110101100111100001011000
10101111110011001100101110011101
00110001110000001001010111110101
11011000011110100000001011100000
00011010001011101101101100001101
10111111100110001010010101001111
10111001100110100110000000001010
00111011110101000110011100101111
10111011011101010111001100111100
11101000011110010100100011011001
10100000000001100111011001110100
00010111010001110011101111100110
01011100010011110011010000111111
11010100111101010001100011010001
00001110111000110100101111011111
10101010101110010111111111001111
00001000000101010011000111101101
11000110110101111110000010100100
01001000111010111010100110000010
00100000010111101101101010100001
00011000010111000000100110000100
00011000110110100000001011111110
00111100011001001111000000000000
00000011010111110111000000100111
10111101100110000110110110011111
01110000100111000111010101001111
11011011001010010110110111111100
00101110010000101000000101010101
11011011010000110101110111001111
01100101110111010100100101100011
01001110111010101001010100101010
01110100110011111111011010100101
11111011111011011000001001110110
11100110010011010101000001110000
01111111000101000011111000100100
00101011111011011101011001110110
11010100010110000010001000110110
11101111101001100010100010000011
00101110011001001111101101100110
10011111100100100100011011110011
10010000011011000111100100000011
11110010110010011101101011011000
01010011011000100001010010010101
00010010111000001101010000110110
01000010100101010011011000001101
11100001001101011010011101010101
00010010000010110110001100001001
01100111100110110011101011110100
00100111111111010001010111101000
00110000000110001000000100011101
00110001100000001000001001000010
11001100100001010100001101010001
00010000111101001001111101000010
00111011011111010011010111101011
00001100111111111111001111101001
10110011000100011011101101011100
11111011001101001001110101010110
01111010000110101000000111110001
00011110010000110010010101011011
10001011101011101100111101010110
01100100010000111000001011010101
10001010111011111011010110000110
10111011110110101111001010110110
01101011111100111110100111010000
11110101000100000111110011011100
11010001010111110001001111111100
11100011110001100000010111110010
11010110110111000001001110010010
11011001101111100010100111011000
11011000111011011101111010111000
11110111010110101100001111000000
01100101110100110111011101111110
11010101111011011101010010001011
11110010010011000110011000110010
01001111101111110010110001011110
10101101deg=4423
deg lcm poly = 4472
weight = 2007
10000000100000000000000000000000
10000000100000000000000000000000
10000000100000000000000000000000
10000100100001000000000000000000
00000100000001000000000000000000
00000100000001000000000001000000
01000100000001000000000001000000
01000000000000000000000011000000
11001111111100000000000011000010
01000100100001010011000010011000
10110100100010011000111011110101
10000001010100111100010001111101
00011100010010101011100011101011
11011011101111000101101010101111
11000010010011000101110000011010
10000011101110011000111001111110
00110011100101101011011100101100
01000010010001101011100011011000
00010010111110001110100010001101
01101010110011111010100011011110
00011010100100111000011101111100
01000010001001110000000101011001
11100000111000011110100000000010
10011010001100100001100010001100
00011000110011100010100010100111
10010001111100111111001000010000
00111011101011011000000001111110
00011110111100010101110101100011
00111001111111100110100101110100
01100101110100011000011110110001
00110101111001110110001011111001
01001001101100011011111000110100
00111100011010001000111100100011
00101011000010001101110100110101
10101000010001000010001111101110
00010001010110100001010101011100
00100011111111011000000111011011
00011001011001110010011000000010
00110011111101100000101010110110
01000010101000000100010111000101
01001010001111100101100101101111
10010010001111100100011010011111
00011011100010001010000101010001
00111101010011101110100011011000
10101001111100110010110011001110
00100000001010101001110110001101
10010110110111101101010010110001
00001011111000111000110101010001
00011000011100101011111100011100
00111000101000111111001101010111
10001101011010101011111111110101
01100100001000101101001111100101
00101010010100001110000000010000
00110111011111111111011111011001
11110100011000000101010001100010
00100110110000110101100011111000
01000110010001011110001101110010
11010111101010010001001010001110
11000110010111011100000110100001
01001000011111000000000010000100
10110111001101010001011011111010
00000110000010011110010101101010
01110100011110101111001110100110
01100100111100110100011111001111
10000101001001010111001110111011
00101011111100100011001001100001
11010000110111001111000100111011
01101111111001001110000100011111
00011010000111100000111101010011
00100011010111100000101011110001
11010111110011010010000010101111
11000010100000100001010101110010
11100000111101010111100100101100
10010110010010111011011100111010
00100010111111101110111000110100
11111000101001100001101111001111
00000000111101111011010001111101
10011110001001001000010111001111
10110101000001001010110110110111
01001100100110101110010110110101
10000011010111011101000110111100
01000001011010110010100011010100
10100100100101100010001110010100
11010010100100010010010100111001
00001111100000011110010100010011
11101111100000110000001100100110
10000110100100000000001100110100
01001100110001011100101000010010
00010001001100011100011011010011
00011000101001101010010101100101
11110100110011100101111010010001
00010001101011110010100111110101
00010100110011010010100101100101
00101011011100010010010100011100
11010010011001010111011111111010
01111111011000111011100111001110
00111101000000111011000000100111
01110010010010011100011000000110
10000001001111100010110010100001
01101111110101110010001011000010
01100111110101011100000111101100
01110001000011110100110101011000
10000101011101010111011011101110
11111111000010101101000000010001
10111001010011001100100100011010
10001010100010110001011101010101
01011001100011101101001010011100
00010111101110100000011001011000
01100001011010111010111011100001
11010100001101010011011101100000
10111010110101000101011000011110
01000011101001000001000011111100
10101010000011000001001001101011
10111001110010110011000001100001
01011001111111010101010010011010
00101010001001001011011100111110
01110011010001011111111111010000
11111100000011011011110110101010
01011110010111111110001111100010
01011000011100101000100101001100
00000000110001011110011000010100
10100100100110000101010000000111
11011000000100110101101011000110
11010001110110001000101011000001
00110101000110111010110110111111
11101011000100010011100010100001
01001001100000010011101111100010
10010011101111000001001001100010
10001010110111110010111100000111
00110011010011110100011100110101
00010111000000010011011011111100
01111101111111000100010010000100
10000011001100110011101000111100
00111010101010101010101000000000
00000111100111111001100001000000
01000000000000100010001000100000
00000000000000000000000000000000
00000000000000000000000000000000
00000000000000000000000000000000
0000000000000000000000001deg=4472
deg tmp = 49
52 bit k-distribution
k(1) = 4423
k(2) = 2211
k(3) = 1473
k(4) = 1105
k(5) = 884
k(6) = 736
k(7) = 631
k(8) = 552
k(9) = 491
k(10) = 442
k(11) = 401
k(12) = 368
k(13) = 339
k(14) = 315
k(15) = 294
k(16) = 259
k(17) = 253
k(18) = 245
k(19) = 232
k(20) = 172
k(21) = 172
k(22) = 172
k(23) = 172
k(24) = 172
k(25) = 172
k(26) = 148
k(27) = 148
k(28) = 86
k(29) = 86
k(30) = 86
k(31) = 86
k(32) = 86
k(33) = 86
k(34) = 86
k(35) = 86
k(36) = 86
k(37) = 86
k(38) = 86
k(39) = 86
k(40) = 86
k(41) = 86
k(42) = 86
k(43) = 86
k(44) = 86
k(45) = 86
k(46) = 86
k(47) = 86
k(48) = 86
k(49) = 86
k(50) = 86
k(51) = 86
k(52) = 85
52bit D.D:    917, DUP:   29
