mexp = 4423, maxdegree = 4472
filename:resD11n.4423.magi02.070227.25.txt
POS1 = 10
SL1 = 12
SL2 = 3
SR1 = 7
SR2 = 8
MSK1 = fdfbdffdedfefffc
MSK2 = fffdf7fffb7efddf
deg poly = 4423
11100111011000110101110111010100
10101111001011011111010011010000
01001001100110011001011100101000
10010011000101111011000010111001
11111111110001011100100101100101
00100100101010100010110111101101
01000101010011100001101010110100
00001011100010011011100110100111
10011100000011010001000011111101
10000000110000110010010100010110
10111111000011000011100111101000
01101101111001010101100001101100
01101111000000110010000011010010
11110001000000001101101100101011
10101011011111110101100010101011
10010011111011110110101110101000
10111001110001111111101001010101
10011011110011010110000101110011
00011111110101011111011011101110
10011000010101111101000001101001
11011101011111101101101001011011
10001001011110111010100001000000
10101010110101001011101001101011
11100011010100001101110001101000
00000000110111100100100100011001
11001000100001111111010011010100
00101101100111101111111010011110
01000100000001111011111000011111
01111001110101000000100110110011
01111011011001101010111111100100
11111110100011011000101100100010
10001111000110011110001100110111
01010111001010110011001111011000
01110111111111101101011111001100
01110001001111100110000101000010
11100001011010110110001110011100
01000000000001101100011000011000
10111101110101000110010001101111
00010111010000010111010110111111
11100010001100110100101100000010
00111101010110010110101000011011
10001101100010111010101001111011
01001111010100011100011110000010
01111011010111011000001000011100
01101011011110001000011000110111
10011011011001001011110101011101
11110000011001000001011101110010
11111001010010010011000110111010
10110111100111101010100100111100
01111101001001111000011101110011
11011111011000000011100111101111
00000111101111101010101001101111
00011011011100010011110101010000
00100000010011101011011001100000
10111101000101110111111011000011
00001100010101010010100110110000
11101011110101111000000001101010
01010001100110001111001101010010
10001011101001111101001010101101
01011111110001011110100011101100
10011100010010010001001011011101
11010100011001011011110111000111
10001010011101110100101101011100
10100001001111110001111010101000
01101100001111111001100000100000
11010100100010011100111001100010
01100010011101100000010010010111
10011101000001010011001101001010
01011011011011010110100100110100
01010010101100011100011100011010
10110111011101101101011010110111
11110101000010000001101000110100
01110111000010001000011100010011
10111001110010000101010000101001
01101110000011100010100000001111
01111101110011111011001010011110
01100101111011000001100011100010
01111111110010101100110100010010
11100011001011111100110110011000
11110111100111010100010111111101
01000110001011011001001011000000
01011011010110110110110011000011
10000111110000100001111100101000
11001010100100111010001101001000
01100100100000100010100011100001
00100101111011010001101101001111
00100000111111111100011100101010
01001011000111011011001001110111
01101000111110010000000101010010
01101001000010110011010010101111
01001001110111000011110010001111
11000111011111011011000101101101
10110111101110101001010111110110
01110001110001001111100011101011
00011101001110011011100100001011
00001001110111101100111101101001
01110110111100111101011011011100
00101101110111000101011001001010
00000101011010001011001010110100
11001110001001000001101001010011
11001000011000110110011010110100
00100110011001011110111001000100
01010001111010101011010110000010
11101011111011001000110101011101
01000111000110010100110010001000
10001101011000011101111001101111
00011000011110001111110100011011
10110010001010011110100010010010
10010011100000111010010110110001
01011101100001001000100111011001
01101111101101010000110111001000
11110000011111010111111101000110
10011111000110011001101001000110
10011000010001100110100111101100
11000011010010110110101001100111
10000011101011001000111110101000
01001100001101100010001001110011
00111111011010000000010111011000
00000000010010011011111111101011
01001111001001010100000101001110
11101110010001111011101000000101
00011110001110100111011010001110
11110110111001001100101110100010
00000000011000001101111001001011
10111110101000001100011111001100
01101101010110010110000111011101
11000000110100001011111010100010
00100111011110000001101100111110
10010101011010101110101101100000
00100110110001011110111011010110
10110000111010111110101110111001
01010010111000100100111000010111
01111110101010011110100011010110
01010000000111001110010010000001
00001101111110101110000101100001
00100010000111001000001110101100
11111001101111100001000111100010
11011100000100111101000001001001
11110011deg=4423
deg lcm poly = 4472
weight = 2123
10000000100000000000000000000000
10000000100000000000000000000000
10000000100000000000000000000000
10000000100000000000000000100000
00100000000000000000000000100000
00101000000010000000000000100000
00101000000010011001100000100000
00101000000010011001011111110000
00001000000010011001011111110011
00110000000000011001011111110011
00110010100111110100111101110011
00110010100111001100101110101011
00110010100111001100101100111110
10011110100111001100101100111110
10101110000101011000101110111110
10101110110000111011100100010110
10101110110000111001101110011101
11010110000011110101011101111010
00011111110011001100111011100011
10100100000110110001011011111010
00111101100011111000011111011110
00111011011000010110010100000101
00010000110110011010100111001100
10111111000001101011110011100001
10010010111100000111100011011101
10100111000001100101100001101110
01101010111011011000101111001001
00000100111101011010001011111110
11101100110011111010110111001110
11000111110111111110110011001011
01111110000011100011110011000000
00010100000100111001010101011100
01110100000111111000100000010110
11100100011011011011100111101011
11011100101111011011011100110110
10110110011110101101001111111101
11000100110001111111101011001111
10000100111100001010010000101110
00110111011110101000011110010000
11011000001111100110111011010011
10111101110111000011100101011000
01000001101000001110010110111000
01000101000110101001111111110010
00001110010011011000110100011011
00010011001000111000000110001001
10011110001000001001011001110010
00101111000101010001101000111101
11001110001101000001110010010110
00111011000000010000101011001011
01001101001110000111100011010100
11110101101100001001001001110010
01111010101110011000001011001001
01100111111111001000100110010010
01001110101010011010000011111110
10010001011010100011011101111101
00111010101110000010001101101100
10010001110001111111010100100001
01111010110110100101011011011011
01110000110011111011101001010011
11111100000000110011100001011000
00110110100011100101101000001001
11100000110000011001100011101110
10000110100000100111000001000100
11101101110100111100000011110011
11100111000011110100011011110111
11111100101101100101100110110000
00111111000011111000111100010111
10000000101010010110011011101111
00111000001110000010110001001100
10111010111010001110111100100011
11110000101000100110111010111111
10011000110111000001000100000101
00010011011101011101011011000010
10011000110100000001100001010110
00101111111101011110001111101010
10010011001101010110111111100110
00110100011010000010111000011101
00001010011010101010100101101011
00100110010101111011100110001000
10111001000110100100100000000011
11001111101100100100010011100000
00101010100101011000000100010111
00000111010010010111101000011111
01101110111100101101001110010000
11001101111111111111101011100111
10101011110100101101110100100101
00111111010010011110101100100000
01101010100001010101001100011001
01001100100001110110101100100101
01100001011011010110101100001101
01011100011111000100011100101010
01110011110001010001001111001001
11001011001011011110000111100110
10110000101001110000001110000000
11101001000101010110010110001001
01000100010000001001111110001001
01100000100000111100110111000000
11001010100101010101011110001100
01011010101000100001010101001111
01111111000010001110111110101100
01101101011101010100010010100100
00010011011100011010010010101011
00011001000110100101011111110010
11111011010001110001100110000111
10011110100111000001000110100111
11011011110001100001100001001111
01111101001110001011001111111101
10100001100010100100000101000011
11110010011000001101110111000111
01101001011010010110110111001000
01011011111100011101100000000010
10011110011111000100100000010101
11011001000100101101101111000111
11110010011101001101111011010000
11110111011110000110101001111000
10001001101000110110100111011010
11001010111111100110010100010100
00011110010000111000001000101010
10110000001010010001000111100010
10100101111001000000111010100110
10101001011100101001110010011111
01111011110110010000111100101101
10000111001001010000001000001000
00110011111010010100111011000110
00111110101011000110000011111101
11010100001111111011110111100110
00110100110110111010010110000111
00011101010100010010010000000011
00001100101101110010110101000100
11110000101001100100101010111010
01001111111000110111000001110110
01111101111110110001000111010110
11101111110101000010110000111000
10101111110110110110110100001111
11010101000111000001111010110101
11001011110101000010000000000000
00000000000000000000000000000000
00000000000000000000000000000000
00000000000000000000000000000000
0000000000000000000000001deg=4472
deg tmp = 49
52 bit k-distribution
k(1) = 4422
k(2) = 2210
k(3) = 1473
k(4) = 1105
k(5) = 884
k(6) = 737
k(7) = 631
k(8) = 552
k(9) = 491
k(10) = 442
k(11) = 401
k(12) = 368
k(13) = 334
k(14) = 315
k(15) = 262
k(16) = 262
k(17) = 260
k(18) = 245
k(19) = 206
k(20) = 206
k(21) = 200
k(22) = 176
k(23) = 176
k(24) = 176
k(25) = 86
k(26) = 86
k(27) = 86
k(28) = 86
k(29) = 86
k(30) = 86
k(31) = 86
k(32) = 86
k(33) = 86
k(34) = 86
k(35) = 86
k(36) = 86
k(37) = 86
k(38) = 86
k(39) = 86
k(40) = 86
k(41) = 86
k(42) = 86
k(43) = 86
k(44) = 86
k(45) = 86
k(46) = 86
k(47) = 86
k(48) = 86
k(49) = 86
k(50) = 86
k(51) = 86
k(52) = 85
52bit D.D:   1107, DUP:   30
