mexp = 607
filename:sh.resD11n.607.magi03.070226.46.txt
POS1 = 2
SL1 = 16
SL2 = 5
SR1 = 5
SR2 = 16
MSK1 = f77ff5fffaff9faf
MSK2 = 7efffeefffffe7bf
deg poly = 607
----
11100111011110010011001001111100001110101111010101001011011011100100110000011000010000100100001111101000
11001011010010001100100101000111010010000100000110110100110110101000100111110101110010011000011000001101
11010011100010101110110010100011101010001101111100001101001100100011110111111001110100101011000101110111
11000111001001101000111011101110001110101011101110100010001001000010011110001010110001101001111100011000
11111110100110111111010100010000000001000110110101100111111110100010111111010000110111111101011010001111
00111001100100011110110111011001111100101001101001010110110000000111110000100101101000100100000100010111
00001010101010111010011111011000101101010111000010001100111011110011001001000001110000101000101011001111
00111010110101011111111011000011100111110111000101111000001000100010111101111111010001110100001101010001
01001011010110010010100101100100010111001100111101101100001101001001100000100011010111001001100011101110
11111100010101011010010011101010111100000111100100001111011000000001101111000010101000000011111101100100
10111011011010111010101010011111011010111111110001111011010110110101111110110000101100010010100011110011
00101111011110011100100001000001001111011001010000010100101101110100010011101001101010100000101110011011
01111001100110011011100010101110001001101110011101001111011011010010101011011011110110000111001001000111
01110111011101100111011001001010010001101000111110001111011110110011101010001011000010010000000001110001
00001101110011110100110100001100001100111010111100100111000001101100011110011011101101100011111000111011
00000001110101101110010001110010101110011100000101100010011001110110111011010011000010010111101100110101
10101100000011110011100000000111000110110101111110101000101000111100101000001001111111101010110111000110
dim kernel = 87
-----
01010001000011110000000000000000000000000000000000000000000000000000000000000000000000000000000000000001
01000100000011110000000000000000000000000000000000000000000000000000000000000000000000000000000000000010
10100001001100011000000000000000000000000000000000000000000000000000000000000000000000000000000000000100
01101100001010000000000000000000000000000000000000000000000000000000000000000000000000000000000000001000
00001010011110110000000000000000000000000000000000000000000000000000000000000000000000000000000000010000
11101001111010000000000000000000000000000000000000000000000000000000000000000000000000000000000000100000
10111000101111001000000000000000000000000000000000000000000000000000000000000000000000000000000001000000
10110001110100101000000000000000000000000000000000000000000000000000000000000000000000000000000010000000
01011000100000000000000000000000000000000000000000000000000000000000000000000000000000000000000100000000
10000111101111001000000000000000000000000000000000000000000000000000000000000000000000000000001000000000
01001011101110100000000000000000000000000000000000000000000000000000000000000000000000000000010000000000
00001010000101100000000000000000000000000000000000000000000000000000000000000000000000000000100000000000
10010100111111001000000000000000000000000000000000000000000000000000000000000000000000000001000000000000
00110111110111010000000000000000000000000000000000000000000000000000000000000000000000000010000000000000
01101111000010111000000000000000000000000000000000000000000000000000000000000000000000000100000000000000
10001010001001110000000000000000000000000000000000000000000000000000000000000000000000001000000000000000
11010011001111010000000000000000000000000000000000000000000000000000000000000000000000010000000000000000
00111100010111001000000000000000000000000000000000000000000000000000000000000000000000100000000000000000
01000100110110011000000000000000000000000000000000000000000000000000000000000000000001000000000000000000
11111101111100100000000000000000000000000000000000000000000000000000000000000000000010000000000000000000
11111001010100001000000000000000000000000000000000000000000000000000000000000000000100000000000000000000
11011111111100000000000000000000000000000000000000000000000000000000000000000000001000000000000000000000
01001111000001111000000000000000000000000000000000000000000000000000000000000000010000000000000000000000
10000111000001000000000000000000000000000000000000000000000000000000000000000000100000000000000000000000
10010111001100100000000000000000000000000000000000000000000000000000000000000001000000000000000000000000
11010010110101110000000000000000000000000000000000000000000000000000000000000010000000000000000000000000
01101011110001010000000000000000000000000000000000000000000000000000000000000100000000000000000000000000
01001010110101010000000000000000000000000000000000000000000000000000000000001000000000000000000000000000
11100000101101101000000000000000000000000000000000000000000000000000000000010000000000000000000000000000
01111101110000011000000000000000000000000000000000000000000000000000000000100000000000000000000000000000
10110001100110010000000000000000000000000000000000000000000000000000000001000000000000000000000000000000
10000101100111110000000000000000000000000000000000000000000000000000000010000000000000000000000000000000
00000001000100000000000000000000000000000000000000000000000000000000000100000000000000000000000000000000
00101000010110001000000000000000000000000000000000000000000000000000001000000000000000000000000000000000
01100000000100101000000000000000000000000000000000000000000000000000010000000000000000000000000000000000
10100000100100100000000000000000000000000000000000000000000000000000100000000000000000000000000000000000
01001001010001110000000000000000000000000000000000000000000000000001000000000000000000000000000000000000
00111001110000111000000000000000000000000000000000000000000000000010000000000000000000000000000000000000
10110001101010001000000000000000000000000000000000000000000000000100000000000000000000000000000000000000
01100000100010011000000000000000000000000000000000000000000000001000000000000000000000000000000000000000
11110001000101111000000000000000000000000000000000000000000000010000000000000000000000000000000000000000
00001001100000001000000000000000000000000000000000000000000000100000000000000000000000000000000000000000
11101110010100001000000000000000000000000000000000000000000001000000000000000000000000000000000000000000
10101010000011011000000000000000000000000000000000000000000010000000000000000000000000000000000000000000
01110100011011000000000000000000000000000000000000000000000100000000000000000000000000000000000000000000
01101110111001010000000000000000000000000000000000000000001000000000000000000000000000000000000000000000
00001110111001010000000000000000000000000000000000000000010000000000000000000000000000000000000000000000
00101101101110100000000000000000000000000000000000000000100000000000000000000000000000000000000000000000
10100101110010110000000000000000000000000000000000000001000000000000000000000000000000000000000000000000
00001111111100110000000000000000000000000000000000000010000000000000000000000000000000000000000000000000
11001000111110100000000000000000000000000000000000000100000000000000000000000000000000000000000000000000
10111000101111001000000000000000000000000000000000001000000000000000000000000000000000000000000000000000
00111110101011010000000000000000000000000000000000010000000000000000000000000000000000000000000000000000
11010010010011110000000000000000000000000000000000100000000000000000000000000000000000000000000000000000
10110111011001000000000000000000000000000000000001000000000000000000000000000000000000000000000000000000
00100101100101000000000000000000000000000000000010000000000000000000000000000000000000000000000000000000
11000111000001001000000000000000000000000000000100000000000000000000000000000000000000000000000000000000
10100100000101101000000000000000000000000000001000000000000000000000000000000000000000000000000000000000
00111000010111011000000000000000000000000000010000000000000000000000000000000000000000000000000000000000
11011000101101001000000000000000000000000000100000000000000000000000000000000000000000000000000000000000
01111100000100110000000000000000000000000001000000000000000000000000000000000000000000000000000000000000
11011100110000010000000000000000000000000010000000000000000000000000000000000000000000000000000000000000
01011010011101101000000000000000000000000100000000000000000000000000000000000000000000000000000000000000
10001111101101110000000000000000000000001000000000000000000000000000000000000000000000000000000000000000
11101110110111100000000000000000000000010000000000000000000000000000000000000000000000000000000000000000
01010000001110110000000000000000000000100000000000000000000000000000000000000000000000000000000000000000
00011110111111000000000000000000000001000000000000000000000000000000000000000000000000000000000000000000
00101010000100101000000000000000000010000000000000000000000000000000000000000000000000000000000000000000
11110001010100010000000000000000000100000000000000000000000000000000000000000000000000000000000000000000
00010001111101010000000000000000001000000000000000000000000000000000000000000000000000000000000000000000
11111000110000101000000000000000010000000000000000000000000000000000000000000000000000000000000000000000
00110010101011100000000000000000100000000000000000000000000000000000000000000000000000000000000000000000
01000101111100000000000000000001000000000000000000000000000000000000000000000000000000000000000000000000
00101001010111011000000000000010000000000000000000000000000000000000000000000000000000000000000000000000
11110001010000101000000000000100000000000000000000000000000000000000000000000000000000000000000000000000
11010101011011001000000000001000000000000000000000000000000000000000000000000000000000000000000000000000
10001000101011001000000000010000000000000000000000000000000000000000000000000000000000000000000000000000
10100010110010100000000000100000000000000000000000000000000000000000000000000000000000000000000000000000
01011011011001000000000001000000000000000000000000000000000000000000000000000000000000000000000000000000
10100101011100011000000010000000000000000000000000000000000000000000000000000000000000000000000000000000
00001110011011111000000100000000000000000000000000000000000000000000000000000000000000000000000000000000
01100100101111110000001000000000000000000000000000000000000000000000000000000000000000000000000000000000
01101101011000100000010000000000000000000000000000000000000000000000000000000000000000000000000000000000
01011100111011011000100000000000000000000000000000000000000000000000000000000000000000000000000000000000
01010001001000100001000000000000000000000000000000000000000000000000000000000000000000000000000000000000
00010010100101111010000000000000000000000000000000000000000000000000000000000000000000000000000000000000
00011111110111000100000000000000000000000000000000000000000000000000000000000000000000000000000000000000
parity check vector
p[0] = 0x0000000000000001
p[1] = 0x000510f000000000
