mexp = 607
filename:sh.resD11n.607.magi03.070226.50.txt
POS1 = 2
SL1 = 32
SL2 = 3
SR1 = 7
SR2 = 16
MSK1 = fdefbfeffffff7ff
MSK2 = feffbffffffedffb
deg poly = 607
----
00000000000000000000000000000000000000000000000000000000000000000000000000000000000000000000000000000000
11100101100110100110000110011001111110111001101100001001111111011000000110110010000000011110001011000011
10010101001011100000100101000101000011100001100111110010000001001001011001110111000001111011111111111110
11111010000001101001101101011010101010100111110101110000001010101011111011110101111001010111110111100100
10000111110010101001111010001001101110101100100111001001101000010010111101110111011111001101110000101000
11100101000010001000110101110000000000110111110001110010001111111001011101011011010010011010111011101100
01101101110011000000010111010011000100001001010010101001100010111001000110000010100110011010000111001100
11111000111100100000110010010110000111101000110101011011100011110000011111110101100111110001111000110010
00001101111010101000000111100110000111011101000100111001101100001001000010101110110101101011000011011110
11101010100101000111011110110011010100101001101000011011111010001010100000011100101011010011000111001011
01111101010111101110100100111010111110000101001111000010010010011000011101101011110100011110110111100011
dim kernel = 94
-----
00001010100000000000000000000000000000000000000000000000000000000000000000000000000000000000000000000001
11000000100000000000000000000000000000000000000000000000000000000000000000000000000000000000000000000010
10000000100000000000000000000000000000000000000000000000000000000000000000000000000000000000000000000100
10000010100000000000000000000000000000000000000000000000000000000000000000000000000000000000000000001000
11001010000000000000000000000000000000000000000000000000000000000000000000000000000000000000000000010000
10001010100000000000000000000000000000000000000000000000000000000000000000000000000000000000000000100000
10001010000000000000000000000000000000000000000000000000000000000000000000000000000000000000000001000000
10001010000000000000000000000000000000000000000000000000000000000000000000000000000000000000000010000000
11000010000000000000000000000000000000000000000000000000000000000000000000000000000000000000000100000000
10000010000000000000000000000000000000000000000000000000000000000000000000000000000000000000001000000000
10001010100000000000000000000000000000000000000000000000000000000000000000000000000000000000010000000000
10001010100000000000000000000000000000000000000000000000000000000000000000000000000000000000100000000000
11001000000000000000000000000000000000000000000000000000000000000000000000000000000000000001000000000000
10001010000000000000000000000000000000000000000000000000000000000000000000000000000000000010000000000000
00001000100000000000000000000000000000000000000000000000000000000000000000000000000000000100000000000000
10001000000000000000000000000000000000000000000000000000000000000000000000000000000000001000000000000000
11001010000000000000000000000000000000000000000000000000000000000000000000000000000000100000000000000000
11001000000000000000000000000000000000000000000000000000000000000000000000000000000001000000000000000000
01001000100000000000000000000000000000000000000000000000000000000000000000000000000010000000000000000000
00001010000000000000000000000000000000000000000000000000000000000000000000000000000100000000000000000000
00000010000000000000000000000000000000000000000000000000000000000000000000000000001000000000000000000000
01000000100000000000000000000000000000000000000000000000000000000000000000000000010000000000000000000000
00001000000000000000000000000000000000000000000000000000000000000000000000000000100000000000000000000000
10001010100000000000000000000000000000000000000000000000000000000000000000000001000000000000000000000000
10001000000000000000000000000000000000000000000000000000000000000000000000000010000000000000000000000000
11001000000000000000000000000000000000000000000000000000000000000000000000000100000000000000000000000000
01000010100000000000000000000000000000000000000000000000000000000000000000001000000000000000000000000000
10000000000000000000000000000000000000000000000000000000000000000000000000010000000000000000000000000000
11000010100000000000000000000000000000000000000000000000000000000000000000100000000000000000000000000000
10001010100000000000000000000000000000000000000000000000000000000000000001000000000000000000000000000000
00000010100000000000000000000000000000000000000000000000000000000000000010000000000000000000000000000000
01000010000000000000000000000000000000000000000000000000000000000000000100000000000000000000000000000000
10001010100000000000000000000000000000000000000000000000000000000000001000000000000000000000000000000000
10001010100000000000000000000000000000000000000000000000000000000000010000000000000000000000000000000000
00000010000000000000000000000000000000000000000000000000000000000000100000000000000000000000000000000000
10000000100000000000000000000000000000000000000000000000000000000001000000000000000000000000000000000000
00000010000000000000000000000000000000000000000000000000000000000010000000000000000000000000000000000000
00000000000000000000000000000000000000000000000000000000000000000100000000000000000000000000000000000000
10001010000000000000000000000000000000000000000000000000000000001000000000000000000000000000000000000000
01000010000000000000000000000000000000000000000000000000000000010000000000000000000000000000000000000000
01001010100000000000000000000000000000000000000000000000000000100000000000000000000000000000000000000000
10000010000000000000000000000000000000000000000000000000000001000000000000000000000000000000000000000000
01000000000000000000000000000000000000000000000000000000000010000000000000000000000000000000000000000000
01001000000000000000000000000000000000000000000000000000000100000000000000000000000000000000000000000000
01001010000000000000000000000000000000000000000000000000001000000000000000000000000000000000000000000000
00001010100000000000000000000000000000000000000000000000010000000000000000000000000000000000000000000000
00000000100000000000000000000000000000000000000000000000100000000000000000000000000000000000000000000000
00000000100000000000000000000000000000000000000000000001000000000000000000000000000000000000000000000000
10001000100000000000000000000000000000000000000000000010000000000000000000000000000000000000000000000000
00000000000000000000000000000000000000000000000000000100000000000000000000000000000000000000000000000000
00000000100000000000000000000000000000000000000000001000000000000000000000000000000000000000000000000000
01010010100000000000000000000000000000000000000000010000000000000000000000000000000000000000000000000000
10000000100000000000000000000000000000000000000000100000000000000000000000000000000000000000000000000000
10001010100000000000000000000000000000000000000001000000000000000000000000000000000000000000000000000000
11000000000000000000000000000000000000000000000010000000000000000000000000000000000000000000000000000000
11000010100000000000000000000000000000000000000100000000000000000000000000000000000000000000000000000000
00001010100000000000000000000000000000000000001000000000000000000000000000000000000000000000000000000000
01001010100000000000000000000000000000000000010000000000000000000000000000000000000000000000000000000000
10000000000000000000000000000000000000000000100000000000000000000000000000000000000000000000000000000000
10001010000000000000000000000000000000000001000000000000000000000000000000000000000000000000000000000000
01000000100000000000000000000000000000000100000000000000000000000000000000000000000000000000000000000000
00000000100000000000000000000000000000001000000000000000000000000000000000000000000000000000000000000000
01001000000000000000000000000000000000010000000000000000000000000000000000000000000000000000000000000000
10000000000000000000000000000000000000100000000000000000000000000000000000000000000000000000000000000000
11001010000000000000000000000000000001000000000000000000000000000000000000000000000000000000000000000000
11000010100000000000000000000000000010000000000000000000000000000000000000000000000000000000000000000000
00001000100000000000000000000000001000000000000000000000000000000000000000000000000000000000000000000000
00001010100000000000000000000000010000000000000000000000000000000000000000000000000000000000000000000000
00001000100000000000000000000000100000000000000000000000000000000000000000000000000000000000000000000000
11001010100000000000000000000001000000000000000000000000000000000000000000000000000000000000000000000000
00001000000000000000000000000010000000000000000000000000000000000000000000000000000000000000000000000000
11001010000000000000000000000100000000000000000000000000000000000000000000000000000000000000000000000000
00001000100000000000000000001000000000000000000000000000000000000000000000000000000000000000000000000000
01000000000000000000000000010000000000000000000000000000000000000000000000000000000000000000000000000000
01000010100000000000000000100000000000000000000000000000000000000000000000000000000000000000000000000000
10000000100000000000000001000000000000000000000000000000000000000000000000000000000000000000000000000000
00000000100000000000000010000000000000000000000000000000000000000000000000000000000000000000000000000000
10001010000000000000000100000000000000000000000000000000000000000000000000000000000000000000000000000000
00000010000000000000001000000000000000000000000000000000000000000000000000000000000000000000000000000000
01001000100000000000010000000000000000000000000000000000000000000000000000000000000000000000000000000000
10001010100000000000100000000000000000000000000000000000000000000000000000000000000000000000000000000000
00000010000000000001000000000000000000000000000000000000000000000000000000000000000000000000000000000000
00001010100000000010000000000000000000000000000000000000000000000000000000000000000000000000000000000000
00001010100000000100000000000000000000000000000000000000000000000000000000000000000000000000000000000000
01000000100000001000000000000000000000000000000000000000000000000000000000000000000000000000000000000000
00000000000000010000000000000000000000000000000000000000000000000000000000000000000000000000000000000000
11000010100000100000000000000000000000000000000000000000000000000000000000000000000000000000000000000000
11000010000001000000000000000000000000000000000000000000000000000000000000000000000000000000000000000000
10001000000010000000000000000000000000000000000000000000000000000000000000000000000000000000000000000000
11001010001000000000000000000000000000000000000000000000000000000000000000000000000000000000000000000000
00001010010000000000000000000000000000000000000000000000000000000000000000000000000000000000000000000000
10001001000000000000000000000000000000000000000000000000000000000000000000000000000000000000000000000000
10001100000000000000000000000000000000000000000000000000000000000000000000000000000000000000000000000000
01100000000000000000000000000000000000000000000000000000000000000000000000000000000000000000000000000000
parity check vector
p[0] = 0x0000000000000001
p[1] = 0x0000a80000000000
