mexp = 607
filename:sh.resD11n.607.magi03.070226.48.txt
POS1 = 1
SL1 = 27
SL2 = 1
SR1 = 2
SR2 = 16
MSK1 = dfffeffff1fd77fb
MSK2 = ffe7fefffefefefb
deg poly = 607
----
10011010111001011000001010010100100010001100111000001110011111011000011111101011111110100010001110011110
01001101001011010001011111001010010101101101110001100011101101100001101111000010000110111101101000101111
11010101011000001001111001001011011011010101101100001110110111110111001011000111110001101000101100000010
11010101000111000111010101001010101000101001001101011000000111111000101110101001000000111000010000100110
00111011011110101010100001100111100000011100001110011101111010010001110010100100110010110011000010111110
10000111010110101001111111111100001110100011011110101101111111000011111111010110101001000101111100101111
01011001001001010000101000100010100101011110101111011001001000100101110000100001001100000101011111000001
11010111011000110100101111000101101011010110001011100000110000000011101011000100011100100111101011110101
00111010011010110000100011111110111111110000111111110011101011011001111110101011111000000001001110110001
10100001000001010010110010011111000011010100010011000011101100100100011010000011111010111001110111001111
01101101101000000011110010100110111110100110010011100011110000101100000010010010000110101000001001111101
00010101011111111111000001100111001100111101101011000001101001101010101011010010011101010000100010100111
00111001111000110111000011000011110101110101010110111101110001111100100001100000010010100101001110001001
00100100101101101000001111000110000001001000010000001110100000111001101111001111110101100000000101000110
01000100111110111101100101011110111110101001110101110011000000011111110100100111001010000001101000100010
01001111101100001110101011100001010010111001011101100010001101110011100011001100000010111110101001001011
11110111100111011000110010001110001000111011101100110011101100010010001010001101111101101000001001110111
dim kernel = 87
-----
01110000101101100000100000000000000000000000000000000000000000000000000000000000000000000000000000000001
11111001110111001000100000000000000000000000000000000000000000000000000000000000000000000000000000000010
01011000000010001000100000000000000000000000000000000000000000000000000000000000000000000000000000000100
10011101110000000000100000000000000000000000000000000000000000000000000000000000000000000000000000001000
10010110010001000000000000000000000000000000000000000000000000000000000000000000000000000000000000010000
10010010010010000000100000000000000000000000000000000000000000000000000000000000000000000000000000100000
00100001001111100000000000000000000000000000000000000000000000000000000000000000000000000000000001000000
01001011100110000000000000000000000000000000000000000000000000000000000000000000000000000000000010000000
01010010110101000000000000000000000000000000000000000000000000000000000000000000000000000000000100000000
00001001100001000000000000000000000000000000000000000000000000000000000000000000000000000000001000000000
11010011011010001000100000000000000000000000000000000000000000000000000000000000000000000000010000000000
11100100010010000000100000000000000000000000000000000000000000000000000000000000000000000000100000000000
00000011000111000000100000000000000000000000000000000000000000000000000000000000000000000001000000000000
10001111110010000000000000000000000000000000000000000000000000000000000000000000000000000010000000000000
00011001101011001000000000000000000000000000000000000000000000000000000000000000000000000100000000000000
10011100110110001000000000000000000000000000000000000000000000000000000000000000000000001000000000000000
11011100111001101000100000000000000000000000000000000000000000000000000000000000000000010000000000000000
01111111001100001000100000000000000000000000000000000000000000000000000000000000000000100000000000000000
00111110101110101000100000000000000000000000000000000000000000000000000000000000000001000000000000000000
11001101000110101000100000000000000000000000000000000000000000000000000000000000000010000000000000000000
11001010110101101000000000000000000000000000000000000000000000000000000000000000000100000000000000000000
11101000000000001000100000000000000000000000000000000000000000000000000000000000001000000000000000000000
01111101111110000000100000000000000000000000000000000000000000000000000000000000010000000000000000000000
11011000001001100000100000000000000000000000000000000000000000000000000000000000100000000000000000000000
11111100011100100000100000000000000000000000000000000000000000000000000000000001000000000000000000000000
11101101011011100000100000000000000000000000000000000000000000000000000000000010000000000000000000000000
10101010111100100000000000000000000000000000000000000000000000000000000000000100000000000000000000000000
10100010010011001000100000000000000000000000000000000000000000000000000000001000000000000000000000000000
11110000110010000000000000000000000000000000000000000000000000000000000000010000000000000000000000000000
00100001010110000000000000000000000000000000000000000000000000000000000000100000000000000000000000000000
11100011011111100000000000000000000000000000000000000000000000000000000001000000000000000000000000000000
11000011001011001000000000000000000000000000000000000000000000000000000010000000000000000000000000000000
11000001110101101000100000000000000000000000000000000000000000000000000100000000000000000000000000000000
11100100100101000000000000000000000000000000000000000000000000000000001000000000000000000000000000000000
01001100110101101000000000000000000000000000000000000000000000000000010000000000000000000000000000000000
01110011110110000000000000000000000000000000000000000000000000000000100000000000000000000000000000000000
00001101100011101000000000000000000000000000000000000000000000000001000000000000000000000000000000000000
00100100101111101000000000000000000000000000000000000000000000000010000000000000000000000000000000000000
11111111011001101000100000000000000000000000000000000000000000000100000000000000000000000000000000000000
01010111000001100000000000000000000000000000000000000000000000001000000000000000000000000000000000000000
11110000100101001000100000000000000000000000000000000000000000010000000000000000000000000000000000000000
10011000011001100000100000000000000000000000000000000000000000100000000000000000000000000000000000000000
11111010111011101000100000000000000000000000000000000000000001000000000000000000000000000000000000000000
10111001110011001000000000000000000000000000000000000000000010000000000000000000000000000000000000000000
11010101000000001000100000000000000000000000000000000000000100000000000000000000000000000000000000000000
01011110001001100000000000000000000000000000000000000000001000000000000000000000000000000000000000000000
10101010011100100000000000000000000000000000000000000000010000000000000000000000000000000000000000000000
10010101011011101000000000000000000000000000000000000000100000000000000000000000000000000000000000000000
01100111110111100000000000000000000000000000000000000001000000000000000000000000000000000000000000000000
00001110000010101000100000000000000000000000000000000010000000000000000000000000000000000000000000000000
01110100111010001000100000000000000000000000000000000100000000000000000000000000000000000000000000000000
01000001110100001000100000000000000000000000000000001000000000000000000000000000000000000000000000000000
01101110110010100000100000000000000000000000000000010000000000000000000000000000000000000000000000000000
00111100101011001000000000000000000000000000000000100000000000000000000000000000000000000000000000000000
11011110000100000000000000000000000000000000000001000000000000000000000000000000000000000000000000000000
00000010010000000000100000000000000000000000000010000000000000000000000000000000000000000000000000000000
00001101100001001000000000000000000000000000000100000000000000000000000000000000000000000000000000000000
11000010101100001000100000000000000000000000001000000000000000000000000000000000000000000000000000000000
00111000000111000000100000000000000000000000010000000000000000000000000000000000000000000000000000000000
11001010010101000000000000000000000000000000100000000000000000000000000000000000000000000000000000000000
00011101110011001000000000000000000000000001000000000000000000000000000000000000000000000000000000000000
01101100000110001000100000000000000000000010000000000000000000000000000000000000000000000000000000000000
00010111111111001000100000000000000000000100000000000000000000000000000000000000000000000000000000000000
00010000100101000000100000000000000000001000000000000000000000000000000000000000000000000000000000000000
10010101000011101000000000000000000000010000000000000000000000000000000000000000000000000000000000000000
11100000111001101000100000000000000000100000000000000000000000000000000000000000000000000000000000000000
00101000000000101000000000000000000001000000000000000000000000000000000000000000000000000000000000000000
01110111100101001000000000000000000010000000000000000000000000000000000000000000000000000000000000000000
01000111110100001000100000000000000100000000000000000000000000000000000000000000000000000000000000000000
00000100000110000000000000000000001000000000000000000000000000000000000000000000000000000000000000000000
11011110000011101000000000000000010000000000000000000000000000000000000000000000000000000000000000000000
10110011000110000000100000000000100000000000000000000000000000000000000000000000000000000000000000000000
10010011001111001000000000000001000000000000000000000000000000000000000000000000000000000000000000000000
11100011011011101000100000000010000000000000000000000000000000000000000000000000000000000000000000000000
00011101011111100000100000000100000000000000000000000000000000000000000000000000000000000000000000000000
10100000001011001000000000001000000000000000000000000000000000000000000000000000000000000000000000000000
01110100110100000000000000010000000000000000000000000000000000000000000000000000000000000000000000000000
00100101010000101000000000100000000000000000000000000000000000000000000000000000000000000000000000000000
01111100110000000000100001000000000000000000000000000000000000000000000000000000000000000000000000000000
11111100110011001000000010000000000000000000000000000000000000000000000000000000000000000000000000000000
11100010001001000000100100000000000000000000000000000000000000000000000000000000000000000000000000000000
11011110101110001000101000000000000000000000000000000000000000000000000000000000000000000000000000000000
10001001001111100000010000000000000000000000000000000000000000000000000000000000000000000000000000000000
00001110011000000001000000000000000000000000000000000000000000000000000000000000000000000000000000000000
00111011010111001010000000000000000000000000000000000000000000000000000000000000000000000000000000000000
01011110001000000100000000000000000000000000000000000000000000000000000000000000000000000000000000000000
01111100010100110000000000000000000000000000000000000000000000000000000000000000000000000000000000000000
parity check vector
p[0] = 0x0000000000000001
p[1] = 0x00070b6080000000
