mexp = 607
filename:sh.resD11n.607.magi03.070226.92.txt
POS1 = 1
SL1 = 11
SL2 = 3
SR1 = 4
SR2 = 8
MSK1 = ff9ff9bdfbdd7efd
MSK2 = fdf7ffff67dfffff
deg poly = 607
----
11101101000101000111101110100001000000110100111001111000110010110000110010100111000011010111101100010111
10010100110111110100010100111111100010010000110110000000110110111111000100000111101101011001110011101110
11000101010000101100110110010001011110001011001010010101011000001011111111000000011110010101000010000110
00111111101100011110001100100110101010100000110100010001100001001110111001000111111101111100011010000011
11001011001001001010111000001100111011110011000100110110001110110110001001011111110111001000011011101010
01001010000110100100011001100011000011011101111000011111001011101110111110010111011010101100000011000110
00000110100010010100101101010101011100010111101011101100010100110010010011100011000000110110101001010010
10111011100001010000010111110000011011011000001101110000010111000000001000001000111111011100101101101011
11000101111110101111110110010000001001100110101010011111001110011001100011000011111010111011011110000011
11100100001111111110111110100111111010010000000110101101001010111001010001110101010010001110110000111000
10000100010101010011110010100111001001001101010000110010011101101100100011100010011101011000111001111110
11011001000010010001011101100001100111100001001011011101011100000010110001001011010000100100101011100011
10111101101011100000101101111110101010001100110100010010100110011000100100110010111010101000001110001000
01100001101101100111101111001001010001100010000101110101100000001111000001001100101110010000110110101101
01000011000000000100001101011111000000001000010110011100100110001000110100110111110110000000111111110101
01010110100110000001011101110111100001000101101000110101010100000000011010111110101001110001110100101010
11010001100000111111010011100011110001000100100110010001011010010110010110110011010011001111011101001101
dim kernel = 87
-----
11100000111110100010000000000000000000000000000000000000000000000000000000000000000000000000000000000001
10001100100101110000000000000000000000000000000000000000000000000000000000000000000000000000000000000010
11101000100001110000000000000000000000000000000000000000000000000000000000000000000000000000000000000100
00101011100100100000000000000000000000000000000000000000000000000000000000000000000000000000000000001000
10001010000010110010000000000000000000000000000000000000000000000000000000000000000000000000000000010000
01101100010100110010000000000000000000000000000000000000000000000000000000000000000000000000000000100000
00100001111100000010000000000000000000000000000000000000000000000000000000000000000000000000000001000000
11000111011010010000000000000000000000000000000000000000000000000000000000000000000000000000000010000000
00110001010000000010000000000000000000000000000000000000000000000000000000000000000000000000000100000000
00001101111001110010000000000000000000000000000000000000000000000000000000000000000000000000001000000000
10101110011100100010000000000000000000000000000000000000000000000000000000000000000000000000010000000000
11010100001110110010000000000000000000000000000000000000000000000000000000000000000000000000100000000000
11100010111000000000000000000000000000000000000000000000000000000000000000000000000000000001000000000000
11110110011110000000000000000000000000000000000000000000000000000000000000000000000000000010000000000000
11011101010010010000000000000000000000000000000000000000000000000000000000000000000000000100000000000000
01001101001111100000000000000000000000000000000000000000000000000000000000000000000000001000000000000000
11111001011101110000000000000000000000000000000000000000000000000000000000000000000000010000000000000000
01110010111101010000000000000000000000000000000000000000000000000000000000000000000000100000000000000000
00101111010101100010000000000000000000000000000000000000000000000000000000000000000001000000000000000000
01110000000110010000000000000000000000000000000000000000000000000000000000000000000010000000000000000000
11000111110111000000000000000000000000000000000000000000000000000000000000000000000100000000000000000000
01000110111100010010000000000000000000000000000000000000000000000000000000000000001000000000000000000000
11001000010101000010000000000000000000000000000000000000000000000000000000000000010000000000000000000000
11001111011001100000000000000000000000000000000000000000000000000000000000000000100000000000000000000000
10010110010011100000000000000000000000000000000000000000000000000000000000000001000000000000000000000000
11100000000110000010000000000000000000000000000000000000000000000000000000000010000000000000000000000000
10110101010010000010000000000000000000000000000000000000000000000000000000000100000000000000000000000000
01110010011001010010000000000000000000000000000000000000000000000000000000001000000000000000000000000000
00001001000100100010000000000000000000000000000000000000000000000000000000010000000000000000000000000000
01100111100011110000000000000000000000000000000000000000000000000000000000100000000000000000000000000000
01111110110010010000000000000000000000000000000000000000000000000000000001000000000000000000000000000000
10111000001110000010000000000000000000000000000000000000000000000000000010000000000000000000000000000000
10111101111100100000000000000000000000000000000000000000000000000000000100000000000000000000000000000000
11111101000110100010000000000000000000000000000000000000000000000000001000000000000000000000000000000000
10100101100101010010000000000000000000000000000000000000000000000000010000000000000000000000000000000000
01100000010010110010000000000000000000000000000000000000000000000000100000000000000000000000000000000000
11001110110001110010000000000000000000000000000000000000000000000001000000000000000000000000000000000000
11001010011110010000000000000000000000000000000000000000000000000010000000000000000000000000000000000000
01101010100100100000000000000000000000000000000000000000000000000100000000000000000000000000000000000000
01100011110011010000000000000000000000000000000000000000000000001000000000000000000000000000000000000000
00000100001011110010000000000000000000000000000000000000000000010000000000000000000000000000000000000000
11011001000001110000000000000000000000000000000000000000000000100000000000000000000000000000000000000000
00110111010101100010000000000000000000000000000000000000000001000000000000000000000000000000000000000000
00111001111001010010000000000000000000000000000000000000000010000000000000000000000000000000000000000000
00001001011011000010000000000000000000000000000000000000000100000000000000000000000000000000000000000000
10010111011011110000000000000000000000000000000000000000001000000000000000000000000000000000000000000000
01000101110000110000000000000000000000000000000000000000010000000000000000000000000000000000000000000000
11010011110001000010000000000000000000000000000000000000100000000000000000000000000000000000000000000000
00111011110000100010000000000000000000000000000000000001000000000000000000000000000000000000000000000000
00010100000000110010000000000000000000000000000000000010000000000000000000000000000000000000000000000000
00110001010000110000000000000000000000000000000000000100000000000000000000000000000000000000000000000000
01110000011110000000000000000000000000000000000000001000000000000000000000000000000000000000000000000000
11101011011101110000000000000000000000000000000000010000000000000000000000000000000000000000000000000000
01101110101010010010000000000000000000000000000000100000000000000000000000000000000000000000000000000000
11110110100011110000000000000000000000000000000001000000000000000000000000000000000000000000000000000000
01101011000000100000000000000000000000000000000010000000000000000000000000000000000000000000000000000000
01111011110110110010000000000000000000000000000100000000000000000000000000000000000000000000000000000000
10101100100100110000000000000000000000000000001000000000000000000000000000000000000000000000000000000000
01011111011000000010000000000000000000000000010000000000000000000000000000000000000000000000000000000000
01111001110001100000000000000000000000000000100000000000000000000000000000000000000000000000000000000000
01000101100001010000000000000000000000000001000000000000000000000000000000000000000000000000000000000000
11011001001001010010000000000000000000000010000000000000000000000000000000000000000000000000000000000000
10011111111011010000000000000000000000000100000000000000000000000000000000000000000000000000000000000000
10110101011111100000000000000000000000001000000000000000000000000000000000000000000000000000000000000000
00110100111101010010000000000000000000010000000000000000000000000000000000000000000000000000000000000000
01101101100011110010000000000000000000100000000000000000000000000000000000000000000000000000000000000000
01110001010011110000000000000000000001000000000000000000000000000000000000000000000000000000000000000000
01011110010111010010000000000000000010000000000000000000000000000000000000000000000000000000000000000000
01101001110111010000000000000000000100000000000000000000000000000000000000000000000000000000000000000000
00101000000000110000000000000000001000000000000000000000000000000000000000000000000000000000000000000000
01110101110111100000000000000000010000000000000000000000000000000000000000000000000000000000000000000000
10101111000010110010000000000000100000000000000000000000000000000000000000000000000000000000000000000000
00011001111011110000000000000001000000000000000000000000000000000000000000000000000000000000000000000000
00101001000101100010000000000010000000000000000000000000000000000000000000000000000000000000000000000000
10011001101010010010000000000100000000000000000000000000000000000000000000000000000000000000000000000000
11001000100111000010000000001000000000000000000000000000000000000000000000000000000000000000000000000000
00001001111111110000000000010000000000000000000000000000000000000000000000000000000000000000000000000000
10000011000001010000000000100000000000000000000000000000000000000000000000000000000000000000000000000000
01111100010000100000000001000000000000000000000000000000000000000000000000000000000000000000000000000000
11011110010110110000000010000000000000000000000000000000000000000000000000000000000000000000000000000000
00100101011001000010000100000000000000000000000000000000000000000000000000000000000000000000000000000000
00010001001110100010001000000000000000000000000000000000000000000000000000000000000000000000000000000000
01100101010100110010010000000000000000000000000000000000000000000000000000000000000000000000000000000000
10001011111000010000100000000000000000000000000000000000000000000000000000000000000000000000000000000000
10010100011101110011000000000000000000000000000000000000000000000000000000000000000000000000000000000000
00000101101110100100000000000000000000000000000000000000000000000000000000000000000000000000000000000000
01110010101000001000000000000000000000000000000000000000000000000000000000000000000000000000000000000000
parity check vector
p[0] = 0x0000000000000001
p[1] = 0x000e0fa200000000
