mexp = 19937
filename:resX78.19937.magi06.060804.01.txt
POS1 = 128
SL1 = 11
SL2 = 3
SR1 = 1
SR2 = 5
MSK1 = 7dbebfff
MSK2 = 7ffffffe
MSK3 = ded6ffef
MSK4 = fefeff6e
deg poly = 19937
10010100000010001000100010111110
01100110011001000010111000110111
11111010000101000101111000010010
01011001010111000001100110001011
01110101110011101001010101011011
01011100010001111110101000110011
00110110010101001000110011101010
01010100101001101010110110100100
10111111110110001010000001011101
00100001011101000101011111110010
00010011111100100001001111001000
11101101011111110001101100001010
10011011111001010010111011110000
00011101001111100101000110100111
00001110110010101101000110000110
00101011111111100101010100100011
00000011111001101010111101110111
00100010000110001110100000010100
01001011110110011110011001110001
00011100001001110010110110101000
10110001101100110110000101001001
01110001111100110110101011101000
01000101011011000110010011011110
10110010000100000011010010001010
11111010001011101000010011111001
00001011110010101011001001001000
10011011010000000001010010101001
10111010001111010001110111101110
00101001000111100010000110110001
00001000110011010111100010111010
01011010100101001011010110011001
10000010000100011010001111011000
01101101000110100100110000000101
01111001000010000010100000010010
01110100011011101101000110000101
00011100000000100011001101100001
00111111100011101111000010110101
10010111000000011110101000001010
10000001001110100110000000001001
00100110001000111001010010101010
01111010100111011101100011001010
11100000011111111000001100001111
00011010010000001111010101001101
10100110000111011001011011100000
10111000000001110100001100110101
01001011010111000100010000000111
00000101100111100101110011101100
10000011110011110111011010101001
11000011000111000000010000010100
11010010111101011000001010001000
01010110011010000010111111010101
10100001001001100100000111101100
01101000011100100111000101101011
00011101001111001001111110000100
01101100011000000001101101011110
11010000101001011110110111110100
10110101000001010001011001110010
01000000110111110011000101111011
00111000111000101010101101100100
01110000001010000101111010011001
00110100110111011110111100001111
10000110101000100001101011111000
11110010111000000001101011010010
10101001011110011000101011110110
01011000011001111011101110100100
11001011011110110110001111001111
10110100000000111010110111011010
10100101100110101100001011000010
10000100100110010000110110100101
01011000010011110000101001101000
00101111110110101001111000000001
10111100001000101110100001001111
10110010011001101111111001111101
01100110010010110110100010010011
11111010001101101011111101001111
10101010101111010000110011000010
00110011011101100001001101011100
10011001010100011000001010111010
01111111100101110101001010001000
00100101011101100011111001000110
01100110101011010110110110011010
01011100111111001010100111011110
11101111111110001111111000101101
10111111010011111001000011000011
11000011101010011001110100000011
01101100000001101110000001111001
01001100000011010001111011111001
10100000110011101011000011010111
00100101011100100100000000110110
11000101111100110110010001111100
00110001000010001010110101110101
00000000110101111101111001001100
10011010001011100111000101100010
00101101011110010110110110111001
11010100010111111000011100111100
01111100111111101011111011101110
00111111001011101100000100110101
00110000011011111100110100011101
00110011101011001011100010110110
01010000100000110110110000100110
11100010000010010110001010010010
01000001001101100010101010000001
00011111110010001010101000111110
11110011100011101000010011001101
01110101011110011100111011010101
11011111111100100100001110100100
01101011100000100011100000011110
01100011010111111111111010000101
00011111100001111011101101101110
10111000000000001000101010100101
01010110110100100111101100110000
10101000001100000001110100011101
11101100111110010000111111111000
11011101000011101001100100000101
10100100001000010010101011011110
11111100010111111111010010111000
00010101101011111100101001010110
01000000100001010111100100000010
10011110010110100100011000111101
10110010010001110101100101101100
11110101101000111011110100010101
10010110010101010100110011000100
00100001010010110101000000111011
00001101011111000010110011011100
00000001110010110111000010011111
00000110101000011100100100011111
01100000110111101111001111011100
00001010100101001111111100000100
10011111100011111000001110011101
00000100011010110100001101101100
01010111010000110101001101101011
01000101010100100101101110110111
00111001011101111011010100001101
01001100011100000101111111001101
00000001011000000010100110100001
11000110000101011100001110010011
00100101110001100000100010111101
11101101101110100000001110111010
11011110000111101110000011000010
10100101100010100000100010010011
00110111101100000001010111100100
10000110000100101010110110101001
11011100011000010110011110001100
11000101000111011101110101001000
11101110010101110110100011110100
00001001101111111001011001100101
10011001011001011110101001001101
11011000001100110111001100110011
10100001001100100111101101100110
11010100111111110101000110101111
01011011011111101001101100111111
11111111000011111101010000001001
11110000010111110001111000111111
11101111011101010000111110101111
10100001110100011110100100011101
01000010001100000010101110011011
00101111000000001100101000000110
10010000101001011000001001000111
01100010000001101101110100011000
01010000000100101010010110111101
01010110111100010100001110001110
11011111101111001001010111100011
10001110110011100000011010101110
10010100011110101111101101111110
10111100010000100000110110110101
11000110110000110010000100101001
01111010010100001001111000000110
00101101001111111000011000110001
01001000010010001010000111010111
10011101001111011010111101011001
10100101001100000001101011001100
10010011011001100010101001100110
01101010110101010000111010011010
10000110000111001001100010100011
00010001001101010101000100110011
01100110011110110110000011001101
10010000011011110110000111010101
11001000100010001101101110001100
00010010101111100011001111001100
00110011111110101101100110000010
11011101000101101111101011001010
10010111110011111001010100100001
01000000000000001001000101011000
00100011100001010101100010100100
10110111001111100000010010011001
01110101000101101111111101010110
01100110001011101010001011100101
00101100100100100000101010110001
10100110111100010100010110001011
11111100001010010100010000101111
11100101100111000101010110110111
10111010100110100011100110011011
00001001101011010011000001011111
00110100111010111111000010100010
11111011000111111111011000000101
01011001101100101010001100100111
01110001000010000111001011110010
01101000001101100001100010100010
10101100100101010000000110011101
00100001010000011100110011001010
11111010110100100001101011101000
00011001110111100110100001111110
10011000011101100110000101100011
00000011101101001110000001001011
01101100000011100010100010010100
01001110000100111111111101010111
11111100110010110010000111110100
00111101000110111101101100101011
11111000101010000010100000110011
11010101001010011111101010111110
11111101110101111100011111110110
01010100111011101111010101110011
11101111101110010000011011101111
10111101110111011000100001000101
11010011000011110000101000110000
00101000000101111001010101100111
00000010111010010110101000011101
00010011110101010001010001110100
00101011101011100101000110011111
11011001110010000101110011001100
11110110101000110000101110110010
11100001011101100111110001100101
10111010111111111001100101110001
01000110000100100011100100011011
10011101101101010010011001100011
01011001000001000001011010101000
01000100011011010001001110011101
01111001100000010100011101010000
01111001011110100111101000001110
11101011010111000101111000101001
00111101010000000100011111001101
10101010100001000011101101011010
01110001111000111111101101010110
00010110010101001011011011001100
01010111100011011100001100000010
00100011001101110100000100001000
11101110101101111011111010010000
10100110001101010101101110111001
01110100100010010111010100110001
11000010100001010011100111111111
10011100110010011101110010100011
01010010011011001100011101000100
11001110110101100110000000111001
11100010101010111110010000010010
11101101000001010001101111000110
11110101101101110101111111100011
11101111111011001011111001110100
10011111100101001111000000001101
11111000000100110000010010111110
10000110100010011011001001100110
10100111000000110101100101100111
11111110010111000101101001100010
10010010011011010111000000100001
10011101000011010110001100011101
10101100111110100101111111110001
00011100001110110110100101100011
11100000111111101111000101001001
11000000111000010011001000110011
11111011000001111101011100001011
01001011101000101100101101110010
11111111000001111100101000001000
00110000101010111011011100011001
00000111001110001111100000001011
10101010111001010100101110011000
01100101100100101111001010010011
11111011001001011011001011000101
00101111011011000100100110000111
11110100100111011011111110011010
10100111000101111100110110111111
10110111111111000010110110101010
00000001100000010001001011100000
11001010011100011110011010110111
01000101100001100001001110101101
10111101010011011001110110110010
00010111001111111100001000010111
10010100011000101100001000001000
11000100010111000100110111111000
01000011001011110110001100100010
01100011001101010111111100110111
10101101010010000010000010011100
00001001101111110100110010010000
00110011011111110110110011010010
01001101100101010100111011011101
10000110011111110011100010011000
00010000110100100011010110010011
11011010110111110111000010110011
00111111010001011011110001010110
10001110110110111100000010110000
10111111110011100011110111100000
01101100011110001101101001001000
01001110010000101101101011111100
01000000111010110100100101100101
10010001101000100010000010111000
01110111000000100101010110010000
11111110101111001110001100001111
00100110100101001010111100001110
01011110010001000101010000110001
11100001111111011111010011011001
10101100001011100100101001001101
00101110010000100101100100111101
00011110111101101100010111000110
01100110011110010100111001111010
01100010000011010011110001000000
10010111100100001001110111101011
01111011111000110111101001010001
01101011001111010010001000100011
01011100110101000101101010110111
11100100100000111000110010110100
00001000110011011000110110110010
10111011101011100001110000000001
01001110101001001110100100000100
11100101110101000001101101111110
00101100001001010010001111101111
00100001000001110000010010100111
10110000010101011001110001011011
00111010101011000101110111010001
11101001110100111001010011101101
00001001011001101000001101011000
01100011111100100001111000011111
10010101011011000101111001101100
01110001111011000010111111000011
10110101101000110111101011111010
01100010101010011011101000011010
00101101100100100100100101010011
11010001101101111111111000101111
00000111010111000000000111011001
00111010110110101111110001101000
11110000000010010001011011000100
11011010010010101110011100011011
11001100110110111101010100000000
00000011101010011010000110000100
10101010101110010100010010101110
11001101010110001000110000010100
01100001110000010111101011000010
00011100000100101110001111011111
10111111001101111111001110110111
01110110100100111011011000001110
00100001011001000010011000010000
01101100101001000010010100100110
00100001001010001111111111000101
01000001100011000010010001011110
01110010010000000000011011101111
00101011111101100011111000011100
10110111001101101000100100111010
10000100100001001101001101010111
00111010011110101110111110000100
11000010100011010000110000001100
10111110111110010100101110000110
11011010010000110011001111011001
00011010001110011001110101000010
00100011100110110100100011011001
00110101101100011111100101100010
11110100011001111011000011011011
01110010001000101010100110101110
00111100011111101111010000101000
00000110010100101111101001101000
10001010011001111000101100111000
01010101000111101100011000000111
11011111001010000000101101011101
00110111101110011010100010001100
01110001001111111100110100011111
11110100010101110100111010110100
10011101111000100111111110001001
10010011111101110011100011011000
10101011010010100011111110101011
00101100011000110000001001110011
00001000010101010100011101011110
01001000100000111011010101111001
10010000001100011100001000011010
11110110100101101001010101111011
10111000110101110100011000101010
11101000011011110000010100101111
11101010011100100011010011101111
10100001000011101100001001111001
10001001001101011111111101001010
01101010110100001101010011110101
10110111111000111101011101010110
11100000001001001000011000000010
11011000001111110001001110011011
11101110001111101011000111101101
00011010110011000110100010110101
10010001010111110100110011101010
01100001000100100101001000111010
00110010101011001001011101001011
01101001101001110100100101111110
11111110010001100000000001100001
10100101111100110110101111001011
10101110010011011001111100110010
11110010010011000011111111001111
10100011111010001100010010010010
01101010011110001100010101101000
11111011110011001001010010010010
11000111111100001010011000101000
01000110101101101000001000011000
00111110111010100110011001000010
10011010011011101010101010010100
01001110001011100101111011100110
11011001100011110101110101100001
00010100100000000011101111101000
01000001111010001001101100010100
11101000000001010001011010001100
10101010100000101001001011100101
10101000110101101010101010001100
00010010110101110000100100101010
10010011000100000010011011111001
11000000101111101111011111001010
11011111101100100110100101101010
01001010110111010001100101101001
11101111100101100101001110011100
10000100001010011010100100101001
01100010111101001111000111111110
11111101111010101111001100100011
10001011111001100000000000001010
01001010000100110101010001001011
10010010100100111100111011010101
01111001100001001101010000110010
01000010100100110011101101010000
11000011001100010101110010111100
00101101001100011111011011001111
10011011011010101110011000000111
11111100111010000010110110100010
00001100100110011110000001111010
01110000011011100001001101100110
11011101101001001100001100100101
01000111100011101000101101111010
10100110001110000001001000001110
11011010011000110011001001000110
01101101000100100111111011100111
11101010011100000111111000010100
10100110110110011000011010110011
10001111001011011011000111010011
11111001100101000101011101101100
01110011100001101101110111010000
01011011110111000011010001111010
11100000011011000010010010001011
01101110111000101100010100000100
01011101110000101111111011000011
00011100011000110101010011110001
11010111010101011011011101010101
01110000101110100100110011010001
01111001110001011111010110110101
11111110000001010111101001001010
01010000101111001101011111011011
01101001001011111100110100011101
00110100011001100001100011101101
10001001000101000011100011101110
00010100010010100000101001110001
11111001100011110011110011000101
01100110101100100001110000010110
11001011010000010010101001110100
00111101101110010110110111101000
00110100101011000100100110101111
00100011001100001111011000111110
11100010001100011000101111010101
01101100100100111000101111001010
01110111010000011110000100000111
01001001001010101011000001101100
01101001001011110101000000101111
01011001110111010110110100001000
10101110010111011110010010000111
11111111001010000011001010101100
01111100111000100011110100101000
00011010110100000111000110111011
11011101010000000001110110010000
01110110110111011110100001101101
01110011100001101111111010001100
10000000011101111101101101010001
10111100101011000100000100111100
10101101101101111000010000111111
00110010101111000101011111101100
00010111000100100110100101010010
01100010111000110110000100111111
11101010010101110110010011101100
11011011110010110101001111100110
00111110011001110101011001011000
01111100011011011111101011000011
00111000010010101000001001110000
11101101111111100010011010111101
01000011011010010110101100111000
11011100110000100001110110111000
00100011110001001111011110111111
01001011101110010111111110111010
00110111100101101111100111110101
10011000000011001001110011110110
11101110100111110000011101000110
01010001111111011100110001101110
01000001010110100100101000110011
01110101001010110000000011000100
01110110110010001011111111001011
00111010101111011110101101101000
11011101010100001111011111110111
10100010000011001000110001110000
01000100011011000110010001110001
11000010010101010011110001010001
01101110100111101101010111001010
11101100111011001000111101101001
01001001100011000011001100110000
00100110110011001100010110010001
01001011111000000101100111110101
10011010111000100110111100011000
10111010110000101010111100100001
11000010000011011100000100011011
11010111001010011101001100100101
10011110010001001111011111000010
11111001011001010110110001101110
10001011000100111100011010111111
11001011111101101010111011101101
11010111111010011111100111100000
10111001110010111110010111101101
11100111000001000010101111001010
11010110011001110001010011111101
11001111110000101101110101011000
00101000110011011101101101100010
10101110110011111001100011111110
10001100101100110100101111011010
01001010011100000011100010101001
10000101111000000010011010001011
10011100101101111101001110000111
01100110001000011100010010000100
01000110010010101011001010110001
01100101111010100011011011010011
00011001001010101111110111011101
10101110100101111000111001000111
00101110000011110001001000000101
00000111010001100101110110100101
01101100010100101100111001111100
10110000111100000110000100111100
00001110000010110111011110111001
11011110001111111010011010011100
01011101011010001110110000010110
10000110000101001110011000000011
01100010010011110100100001111100
10010110100100110110110100111101
10010001010011011010001011111110
01000001101010110001111100011110
11000001100001110000100100110111
01011011101100000111000011010011
11010111011011100001110100011101
11010000010000000100101110100011
00100100100100111100111111110101
11011101111000001001101111010100
01101111010001011111001110011001
00101000011101100010000011101011
01000010110101101111011101010100
00110101110001011011000110100110
01001001101001110010011010101010
00100011011011010110110001100000
10010001110101011110101100111000
00001010010010100110000100111001
11000000100001011011000110100011
00100010110100010011111111100000
10010011011110011010111111100010
00100010011110000010101101011100
00100010010110111111100111110001
11010011100101110100101001101111
00111111001100011110101111000100
10011000110101101100011011011011
11000110011001000011101100101100
11010101101010000001100100001010
01000011101111001011000100001111
10101010101000010100000111110111
00000001011110111010111110000000
11110111101111100110001001100111
10010011110110110001010010111101
00110111101010011011000111011001
11010000100101110000111100010010
00000000101100000110111000100000
10100100110101000011100000010100
00100100100011111100110000011111
10111101110001010010010000100010
10000010111011011111010001101010
01000001011101000110111101111111
10101010011001100101001000001100
00000100010101000011001011110111
01010000100000100001010101100100
00111000101010101011100011011110
10110110001110101001101101000000
00000110110001011100011111010101
10000001000101111100000001100011
00010011111001000001010011000000
10111111000110000011100011111110
10110010011101110110010011011001
10101100111001111111011110100011
11101000010110101110000100111010
01110110000011010011101100011001
01100100100100111111101011011011
00011111001111010010010100011001
01000000000000010010110110101100
00000011001110011010101100111101
10010100101101011001111111101001
11011101001010101101000111011011
00000100111110100001000011000111
00100100001001100110101011111000
01011111101100001110000101111001
10110001100111001001001001110100
10110101001100100111001011000010
00111010001000100000111011011111
11101101110101011100110100100010
11010010010001110001001011101100
01000111110010000010011011111001
11100101110000000111100101000011
11110001010011100011001000011000
01110101111111011011010101110111
11100000100101100100000101011010
11110011101111001110011111101000
01000000101011010101010001101100
11101010111001110111101101011010
10010011110011011000101100100100
01101010011011100100101111101010
11111111100010001011000111001100
10010111111101000101011001000010
10100001011110001011010110100100
00011011100101000011101011110011
10001110110000100100001000111100
00110101000000110000011101110100
10101010000110101111110111101010
00001111000000111011011111010100
01000001011000001010000110100000
11101100001110111110010000101010
11100101001000000111101100100110
10010101100000110100010101100110
11000011101101110101010111011111
11101111100110000011000110000000
01deg=19937
deg lcm poly = 19968
weight = 4531
10000000000000000000000000000000
00000000000000000000000000000000
00000000000000000000000000000000
00000000000000000000000000000000
00000000000000000000000000000000
00000000000000000000000000000000
00000000000000000000000000000000
00000000000000000000000000000000
00000000000000000000000000000000
00000000000000000000000000000000
00000000000000000000000000000000
00000000000000000000000000000000
00000000000000000000000000000000
00000000000000000000000000000000
00000000000000000000000000000000
00000000000000000000000000000000
00000000000000000000000000000000
00000000000000000000000000000000
00000000000000000000000000000000
00000000000000000000000000000000
00000000000000000000000000000000
00000000000000000000000000000000
00000000000000000000000000000000
00000000000000000000000000000000
00000000000000000000000000000000
00000000000000000000000000000000
00000000000000010000000000000000
00000000000000000000000000000000
00000000000000000000000000000000
00000000000000000000000000000000
00000000000000000000000000000000
00000000000100000000000000000000
00000000000000000000000000000000
00000000000000000000000000000000
00000000000000000000000000000000
00000000000000000000000000000000
00000001000000000000000000000000
00000000000000000000000000000000
00000000000000001000000000000000
00000000000000000000000000000000
00000000000000000000000000000000
00010000000000000000000000000000
00000000000000000001000000000000
00000000000000000000000000000000
00000000000000000000000000000000
00000000000000000000000000000001
00000000000000000000000000000000
00000000000000000000000000000000
00000000100000000000000000010000
00000000000000000000000000000000
00000000000000000000000000010000
00000000000000000000000000000000
00000000000000000000000000000000
00000000000000000000000000000000
00000000000000000000100000000000
00000000000000000000000100000000
00000000000000000000000000000000
01000000000000000000000000000000
10000000000000000000000000000000
00000000000000001000000000000000
00000000000000000001000000000000
00000000000000000000000000000000
00000000000000000000000000000000
00000000010000000000000000000000
00000000000010000000000000000000
00000000000000000000001000000000
00000000000000000000000000000000
00000000000000000000000010000000
00000000000100000000000000000000
00000000100000000000000000000000
00000000000000000010000000000000
00000000000000000000000000000000
00000000000000000000000000000000
00000000000000000000100000000000
00001000000000000000000000000000
00000000001000000000000000000000
00000000000000000000000000000000
00000000000000000000000100000000
00000000000000000000000000000000
10000000000001000000000000000000
00001010000000000000000000000000
00010000000000000000000000100000
00000000000000000000000000000000
00000000000010000000000000001000
00000001010000000000000000000000
10100000000000000000010000000100
00000000000000000000000000000000
00000000000000000000010000000000
00000000000000000000000010000000
00010000000000000000000010000010
00100000000000000100000000010000
00000000000000000010000000000000
00000000000000000100000000000000
00001000000000000000100000000001
00000000000000000010100000100000
00000000000000000000000000000000
11000000100000000000000000000000
00000001000001000000000000000000
10000000000000001000000000010100
00000000000000101000000000000000
00000000000100000001000000001000
00000000001000000000000001000000
00000000000000000000000000000000
00000000000010000000000101000000
00000000000010011010000000000000
00000100000000000000000010001000
10000000000000000000000000000000
00000100000000000010000000000000
00000000110000000001000000000000
00000000100100000000000000000001
00000000000100100000100000000000
00100000000000000100000000000000
01001000000000100000000000000000
00011100000000010000000000100000
00100001000000000100000000000000
00000000001000001000000010000000
00000001000000001000000000000100
00000000000000001000000000000101
10000000000100000000101000000010
10011010000001000000000100000000
00000010001010000001000000100000
01000000000000000000000001000000
00000000000010010000000001011000
00000000000000001000001000000001
10000100000001000000000000000100
00100000000000001000000000010001
00000000100000000010000000010000
00100000000000000000010110000000
00000000100010000000000010010010
01000001000000010100000000000010
00001000100000000010010000000000
00000000000010000000000000000010
00000001000000000101010000100000
00001000100000100000000100000100
01000100000000000000000000100000
00001000000000010000000000000000
10000000000000100000000000000000
00000100000000010000000000001000
00000000000000001000000001010000
00000001001000000010001000000000
10000000001001000100000000000000
00001000101000000000000000000000
01000000000100000000001010000010
00000010000001011000000000000100
00000010000010000010001000010000
00000000000000000000000010000000
00001000000100000010000001010000
00000001100000000010000010000000
00000000110100010101000000000010
00100000001000000010000110000100
00100100000000000000000000001000
10000000000000100000010000010000
00000000000000000000000000000010
01000001010001000000010010100010
00001000000000100001100100000001
01000001000000000000001010001010
00000000000000000101010000000100
00001010000000000000000000010100
10011000010101000000100000000000
00100010001000011100000001100000
01000000100000000010000010100001
00000000000001000101000001000010
10000001100000000000010101000101
11000100000001001000101010000100
00100010000010000001010000000001
00000000000000100010100001000000
01100000000100000000010010100000
10010000000000000100010010000001
01010000000010000000000000100000
00100000010001010110110000000000
10001000001000001000000000000110
00010000001100000110001000100001
00001000010000000010000101000100
10000100101000101000000100000010
00000001100001001100000000000000
10000010100011100100010000000100
00011000000010100010101010011000
00010100000101101000000001001000
00001010001100000011001001100000
00010000001000000100000010000000
00101001101000000101000000000001
00110010100000000010000110000101
00000000000000011100000010000100
10000010100000010011001000001001
10110000001000100010100000000010
01001000010101010110000011000000
10101000010000001001000001000001
01000100110100010100101000001001
10100000001100100010010000010111
00101100000010100000000000110001
10010000010001100010010100011010
10100100001000010000010000000000
01100001010001001100010000101010
10000000001000110100000010000000
01000001101000001000000001001011
01000101000001001100000000100100
00000000100100000101100000010110
10111000011001100000000111000000
01100010010101001001000000100000
10101010000000000000000111110000
00010000000001111011001001000010
10000100100000011000001001001011
11001100000010000010011000000100
00110010010110001000000000001001
10101000100000000010110100000101
10100000101000101010010000100000
11000001110110100000010000110011
01000000100000111000000000100111
01101001100001000010000000000010
10000000000100011100000100000010
00011001000100000110111000100100
00001100110000100000101101001100
11001000000010100001000001110101
11011001000000101100001000100000
10000100000011000000000100000110
10000010001000001010000011001000
01000110001101000010000001100000
10000011110000000110001100011001
10010000000001010010001100000000
01010001100000010100001000001010
10110100000010000000011010001101
00001000100010111100000000000000
00011000000111000000010010100011
00000010001100000100000010000001
00001100100000001000000000010001
00000000000100011010000111010010
10101110101100000100011000000010
01000000011001100100000000011100
00000000000010000000000100000001
11100000011000000010100000101100
01101001010001000000110010000000
10001011110001111100000100010000
00001101011001101010101110000110
10000111100001000001001100000100
00000010001001100000100000000000
10010011100001000100101000111010
10111000010101100000000000000100
01100000000010001010000000100000
00101001110100000011000110100001
00100000001010101000010000001110
00000000110000011000010010001011
11000101000000000010110011100001
00010110101100100010011000010001
11000101000100110010110000011010
11100000100000100000000000110001
11000011110010101110101000101100
01110100010000110100011000101111
00001001001001100110000100000100
11011000000000011100001110000100
00111000010000000010111000100000
10100100010000001000001100000101
00000000001000001101000101110000
01110000000000001000001000000001
10001011000011000010010010010000
00000110010010011011001111000110
01100100001100100010011000101100
01010001010001000010100100000000
10000000010000000110000111010000
00110001000000011100010000000011
10100000100001000010100011100100
00001000000100110000001010000100
00110000110100010000000000101010
01100100011101100000100100000011
11000100000011010110000110010001
11001010100100100010000101000010
11100011001101100110101001001011
10001100101001100000100010010110
00010100010010000111000000101011
01111010010001000111010100001100
10101100010010100000110010100000
10011011011101110000001010011000
11000001010000110010010000000101
00010110100011011000101001100101
10111101001101000101110101000110
10010000000010100100101001111011
01010100000001100011100101000000
01111000001110001000000000010001
01001010010000001011001101110000
00000011010010001000100001001110
00001010100010001001011000001000
01101101010000001011010000000001
10010000001001000110000101010000
11000100100000110000000000011101
01010101101100001100010000110000
10100010110011111010001001010101
00010100010000111100000010111001
00010000000101110100010101100010
11000000001010010010000001000001
00000100100011001000011000101010
00101101100100101000100101101010
01000011100110000010100100110001
10100100000100110100010000000000
10001110000000001000110010010110
10110001010010100011001010101000
00011101000110100101011000000100
11000001010010101111001000001001
01000001011000100000000000100000
01010111001000010001001000001001
10000000000001001000100000101000
10000100000111010111001001100110
10101100101011011010000010000001
01110011101110001110001010001011
00000001000111011110011110100011
11100010100100011000100000001011
00000101010111110010001011000011
00001010011000100001000010011110
00010100000000100010000000100001
00110000000101101111100100100110
11101100001010000000100110000001
11011101011100100010000100000100
10100101001001010100010010000111
01010010000001000001001000000001
00011001000001101100000101001100
00111001101011000001100101001001
11001110001011101010000010000110
01110010011001010101001001010001
00000001110001001011001100110101
01011100111000110000100001000000
10111000110101001001011100100100
11010000011000100000110011100001
00110110010110000110001110001000
01001101000010110000000000000000
01100101101010000100010000111110
10000000100011110101111011001110
00001010000000110001011010100011
01001001000101000000010100000000
10000000000001010100000010000110
00000001101011100100101111001001
11011000000001110100010011000000
11001000000000001110110100110011
11011100000001011000000010010001
00001010010000010011100000001110
10001001011010101110111110000000
00000100100010000100011011100000
00010010110001101111001100111000
11000000011010100000000011000000
00110111010011001101010010100000
00001010101011011100101110000001
00011011001111000100111010000000
01000100101011010010010001011001
11100101101100100100100001010010
01000011000100011110010110011011
11001100100011111100000100010010
00010011010001100011100000000010
10011010111000100100000110001110
00110000001000000101010100100011
00010000010111000001100000001101
11001001111010000000100100000000
10011110010000110110011000001101
01100001000001011101110000001101
10000000101110011100001100100010
10100101101000101011001011110010
00011110100010010000000010011001
01001111110100110011001100010010
01110000000100111101001000111101
00100110010000010011000100010100
00011010101000001011000000111111
11101000101010000001101000001110
11110101100001000011010100110001
00010100011000001110100110000001
10100101110000110000000100000111
01000001000110110100001000111010
11001010100101110100100001100100
00000001000000011001001000100101
01111000000001000110110101110010
10000100101101010000000011001000
10001010000101011011101110011000
10101000000001001000110011101100
10000011000110000011100001111101
10000110000010011001010000100101
11000111011001011011011010001000
01010001111111001010111110000011
00010100000100000100011010101000
01000011000110100110000110001001
11000000011001110110001100000101
01010011010001010000000010001101
10101010000010001100100010111000
00111100110111110110110000100110
01011100011011001000011011101001
11001001011001001100000010010000
01100000000001101100010101001001
01000110100110011000100100010001
00101101011111100001011000000010
01101010011111100101100000001100
00111001011100000100000110010011
00110000100011000111111110001100
11101001101010001011100010101011
01011011011000101010010100010001
11101100111001110110111010010101
10010010000001000001101100101000
00100010100000000100101011101100
00111110100011000000101010100101
01100110100001100110000010100010
11111010010000111110001101010100
01100001100011001011000100110111
01001110001010011000011100000001
11011001010000001011100111101111
01101000011001100000110110010100
00010010010100101100000101000100
00001000100010110010011100111010
11000111011010101001010100111001
10011001100011011011111011101010
00110110010000010111000000101111
01100001001001100000000000000100
11000000001100010110001100001100
00101001110000010000001110101000
10101000001000010110001010100100
11001001000000101011010001110001
10101110100100010001000010110100
00001010001001100011101000010010
10001100101110111111101010110100
00100110000001101110000000100100
01000001100100100111101101011001
11000001010001100110001011001000
00110011101001111100110000100010
10000110101011011000001001100000
00011011011001111011001000000000
00100100011001000000001011111001
10000001001001000000100001000000
10001110101100110110011001011000
00001110110110010001001100010011
10010110111100000010000001001011
10001010111011100000100100001100
00000100011000000011010010011011
11011010110001100010000000000000
10010101100000011000100000100000
01101110010000100010100110001010
01101000110001111111100110000000
00010111101101011100100000001111
10101111000100101101010100100101
00011000001100100000101001010110
11010011010001101100100110100010
01101000011110001101001100001000
00100010000010001001000111010100
10000111001011011001011001111111
10000000000010001000010001001100
01001001000011001011000000101100
10110010011001011001010011010010
10001000110010010000100110001110
00110110001110001000011100111010
10001000000010101000010011000010
01010001110000101100101000111011
01001000100101100100110001010010
11100100100100011000000110010011
00110101100100001101111100110000
10100001110100100100110111001010
01001111100110001000100010010011
01101000000000011001111000000110
11001101000010101000001110010000
00010100000011110011101110001000
01010101000101001000000000010000
00000001101010000100101001110001
00010001010011000110001100101100
01011011001001010100000000001001
11000100000100011000000010101110
00110110000011001101011000000010
10011010010011001010001000001000
00010000011010100010001010001010
00000000000000111010000000011010
00100101100110111000010011010000
00100100110000010111111001000010
00101000010100100010010010001000
00101000000110100110000000111011
00100000010001100100110110111010
11100001100000101100110110100000
00001001100001100000011110110110
11001100001001100000000110000101
11011011100001000000100010000010
00011011001000000001010100101000
00011000100000000101101101100100
00000000011110101000101001000000
11000000011001010100001000100000
01101011000000000001010100000001
10000110001001010101010001000001
10000011100101001010000101000100
00110100010011101001001000001100
00110010000010000001010000001011
10000000100010010110000001010010
00000000000100010000000010010010
00111000110010000010100000001001
01011100100010100000000000010011
00100000010100110110000000100010
00001000000100010100000000000010
00100001000100100100000000100011
11010100001001001110000000100000
11001101101100100000000100110100
00010000100001000101000000000100
10011001100001100100101000000100
00011001000000100000100001011000
01010010000001101001000001100100
00001000001100000001000100000000
10000000011010000110000001000001
00011110011010011000010000000001
00110110000000000010001110010000
00000010000010011010001011000100
10100010100010010011001010001000
10110000000000000010000000000011
00100000110000100010000011010011
00100000010000100101000000010010
01000100110100010110010000001001
00101100100100100010010000010011
00100100000000100000000000100010
00000000000100100000110100010010
01001100000000011001100100000010
01101001001001100000010100100110
11000000000001101100000010000000
11000011000000001001000101100010
11010010000001001101101000100000
00010000010100000001100000000110
10001000001011010000001100000000
00000000010001010001000000101000
10000000000000010001010001100001
00000110000001010001010000001000
10000100100110011000001001000000
10000000000010000000011000010100
00100110010010001000010010001001
00000000100000010110010010010000
00100000000100000010000000010000
00000000000010000100110000010001
01001001100000110000100000000010
00101000100000000110100000100000
00000000000100000100000100000010
00000001000100001100110000000100
00010000100001100000000100000100
01001011000000101000000100000010
11001011000000000100000000000000
10000000000000001001000100000100
00010010001010001000001001000000
00010010000011000000000000001000
10000001000010000001000000101001
10010000011001000000000000000001
00000100000000000000000000000001
00010000000010010000011000010001
00000110000000011000001000000010
00000000100110010010000010000011
00100000000000000100000010010000
01000100100100000010000010010000
00000000000000000010000010000000
00000100100100000110000000000000
00001000000100000000100010010010
00101001001000000000000000000000
01000000001001100000100100100100
10001001001001000001000000000010
10000001001001000000001000000000
10001000000000001000100100000000
00010001000000000000000100000100
00000010000001001000001000001100
10000000000001000000001000000000
10000010010001000000001001000000
00010010010010011000000001000001
00000000000000000000000000000000
00100100000010010000010001001000
00000000010000010000010000000001
00100100000000100010000000010000
00100100100010000000010000010001
00000000000100000010010000000010
00100000000000000100010000000000
01000000000000000100000000000010
01100000000000100100000000010000
00000000000000000100000000000000
00001000000000000100000100000010
00001001000001000100100000000000
00001000000000000000100100100100
10000000001000000000000000000000
11000010000001001000001000000000
10000001000001000000000000000000
10000010000000001000000001000100
00000000000010000000000001001000
00000000000000000001001000001000
00000000000000000000000001000000
00000000000000010000000000000001
00100000000010000010000001000000
00000000000010010010010010000000
00000100000100000010000010010010
00000000000000000100000000000000
01000100000000000000000000000000
00000000100000000000000000000000
01000000000100000100100000000000
00000000000100000000100100000000
00000000000000000100000000000000
01001000000000000000000100000000
00001000001000000000000000100000
00000001000001000000000000000000
10000000000000000001000000000000
00000010000000001000000001000100
00000000000000001000000000000000
10000000000000000000001000000000
00010010010000000000000000000000
00000000000010010001000000000000
00000000000000000000000001000000
00000000000010000000000000001000
00000000000000000000000000000001
00000000000000000000000000000000
00000000000000000000000000010000
00000000100000000000000000010000
00000000000000000000000010000000
00000000000000000000000000010010
00000000000000000100000000000000
00001000000000000000000000000000
00000000000000000000000000000000
00000000000000000000000000000000
00000000000000000000000100000000
00000000000000000000000000000000
00000000000000000000000000000000
10000000000000000000000000000000
00000000000000000000000000000000
00000000000000000001000000000000
00000000000000000000000000000000
00000000000000000000000000000000
00000000000000000000000000000000
00000000000000000000000000000000
00000000000000000000000000000000
00000000000000000000000000000000
00000000000000000000000010000000
00000000000100000000000000000000
00000000000000000000000000000000
00000000000000000000000000000000
00000000000000000000000000000000
00000000000000000000000000000000
00000000000000000000000000000000
00000000000000000000000000000000
00000000000000000000000000000000
00000000000000000000000000000000
00000000000000000000000000000000
1deg=19968
deg tmp = 31
128 bit k-distribution
k(1) = 19937
k(2) = 9968
k(3) = 6645
k(4) = 4984
k(5) = 3987
k(6) = 3322
k(7) = 2848
k(8) = 2492
k(9) = 2215
k(10) = 1993
k(11) = 1812
k(12) = 624
k(13) = 624
k(14) = 468
k(15) = 468
k(16) = 468
k(17) = 468
k(18) = 468
k(19) = 468
k(20) = 468
k(21) = 468
k(22) = 468
k(23) = 468
k(24) = 468
k(25) = 468
k(26) = 468
k(27) = 468
k(28) = 468
k(29) = 468
k(30) = 468
k(31) = 468
k(32) = 468
k(33) = 468
k(34) = 468
k(35) = 468
k(36) = 468
k(37) = 468
k(38) = 468
k(39) = 468
k(40) = 468
k(41) = 156
k(42) = 156
k(43) = 156
k(44) = 156
k(45) = 156
k(46) = 156
k(47) = 156
k(48) = 156
k(49) = 156
k(50) = 156
k(51) = 156
k(52) = 156
k(53) = 156
k(54) = 156
k(55) = 156
k(56) = 156
k(57) = 156
k(58) = 156
k(59) = 156
k(60) = 156
k(61) = 156
k(62) = 156
k(63) = 156
k(64) = 156
k(65) = 156
k(66) = 156
k(67) = 156
k(68) = 156
k(69) = 156
k(70) = 156
k(71) = 156
k(72) = 156
k(73) = 156
k(74) = 156
k(75) = 156
k(76) = 156
k(77) = 156
k(78) = 156
k(79) = 156
k(80) = 156
k(81) = 156
k(82) = 156
k(83) = 156
k(84) = 156
k(85) = 156
k(86) = 156
k(87) = 156
k(88) = 156
k(89) = 156
k(90) = 156
k(91) = 156
k(92) = 156
k(93) = 156
k(94) = 156
k(95) = 156
k(96) = 156
k(97) = 156
k(98) = 156
k(99) = 156
k(100) = 156
k(101) = 156
k(102) = 156
k(103) = 156
k(104) = 156
k(105) = 156
k(106) = 156
k(107) = 156
k(108) = 156
k(109) = 156
k(110) = 156
k(111) = 156
k(112) = 156
k(113) = 156
k(114) = 156
k(115) = 156
k(116) = 156
k(117) = 156
k(118) = 156
k(119) = 156
k(120) = 156
k(121) = 156
k(122) = 156
k(123) = 156
k(124) = 156
k(125) = 156
k(126) = 156
k(127) = 156
k(128) = 155
128bit D.D:  20446, DUP:  113
64 bit k-distribution
k(1) = 19936
k(2) = 9968
k(3) = 6645
k(4) = 4983
k(5) = 3986
k(6) = 3322
k(7) = 2847
k(8) = 2492
k(9) = 1560
k(10) = 1560
k(11) = 1560
k(12) = 989
k(13) = 989
k(14) = 936
k(15) = 936
k(16) = 936
k(17) = 624
k(18) = 624
k(19) = 624
k(20) = 624
k(21) = 624
k(22) = 624
k(23) = 624
k(24) = 624
k(25) = 312
k(26) = 312
k(27) = 312
k(28) = 312
k(29) = 312
k(30) = 312
k(31) = 312
k(32) = 312
k(33) = 312
k(34) = 312
k(35) = 312
k(36) = 312
k(37) = 312
k(38) = 312
k(39) = 312
k(40) = 312
k(41) = 312
k(42) = 312
k(43) = 312
k(44) = 312
k(45) = 312
k(46) = 312
k(47) = 312
k(48) = 312
k(49) = 312
k(50) = 312
k(51) = 312
k(52) = 312
k(53) = 312
k(54) = 312
k(55) = 312
k(56) = 312
k(57) = 312
k(58) = 312
k(59) = 312
k(60) = 312
k(61) = 312
k(62) = 312
k(63) = 312
k(64) = 311
64bit D.D:  13434, DUP:   50
32 bit k-distribution
k(1) = 19933
k(2) = 2496
k(3) = 2496
k(4) = 2496
k(5) = 2496
k(6) = 2496
k(7) = 2496
k(8) = 2491
k(9) = 624
k(10) = 624
k(11) = 624
k(12) = 624
k(13) = 624
k(14) = 624
k(15) = 624
k(16) = 624
k(17) = 624
k(18) = 624
k(19) = 624
k(20) = 624
k(21) = 624
k(22) = 624
k(23) = 624
k(24) = 624
k(25) = 624
k(26) = 624
k(27) = 624
k(28) = 624
k(29) = 624
k(30) = 624
k(31) = 624
k(32) = 622
32bit D.D:  28527, DUP:   27
