mexp = 19937
filename:resX78.19937.magi08.060807.01.txt
POS1 = 92
SL1 = 9
SL2 = 3
SR1 = 5
SR2 = 3
MSK1 = cfffbbff
MSK2 = fffffff7
MSK3 = fff7ffef
MSK4 = ff9fffdf
deg poly = 19937
11001011101110101010011101011001
01110110111111011101110011011101
00010101011101101000011101000001
01111001001011100110111101111011
11111010011111101001010000000100
01110001011100111110011011100101
00100101111010011010010011000001
10111001011001100010001010010111
11100001011010010011100111000111
00011010111101011100001111010000
10010110001100110100010000001100
10000011011001000010000010111010
11110010011101110100111110000111
11100100111000010111000101110010
01010011100001101000111110001111
01000000101010000001010111001110
00111000000000000111100110110100
01101000100111101111100001001111
10000100100100110101110011010000
01110010000111110011011100010001
10111100110110000100001001011011
01000101000100110101100000011000
00100010001001010110110001111111
11010101011010011010000010100111
10001011110110111011001110010011
10100101100001100111000100110001
10000101000001111010011110111001
10100110111001010101010110000011
10100010111011100010111100011101
00100111000100100110111010001100
01000011010001110110010110001110
00101111100011100011001100110101
10011000001000011110110001111101
00011110111111100010010001010000
00111011101000100010011101001100
01011001000011000100101100000010
00010110100000010000000000111100
11001100100010001010000000010000
01010011011101101101000101101100
11001001010011100101010000000011
01001010101010111000100001110010
11010111011011100000110000011010
00001000110001111101100110000101
11000000101011101010010100101110
00110110110111011010010010010011
11101001001110110001110010110001
00010011110100011000010101000110
10001100010010001110011010011110
00011101101010011111110001010001
00101111011010011001000100000010
01111010111110000000101110101111
10111100100010101111001111110110
11110000100100110001011001111110
01111000110010101011010111010011
00001100101111111011011011110101
11001101001001110001011110111010
10000000000011001001001111011111
00010000000001011111001000101001
00001000000101100100000101011101
10111010000101001010110011110100
01110110101101100000011101000001
10010010110010011001011000100001
11011100111000111011000100010111
10101100011000011101110010111111
10111010101000100000011011110110
10011111110010111001100001001010
01100001111100111110101001101110
11110001100010100101010011001010
01001001100001100000010110010111
00100101010111110100101000101111
11000101011001000001111100001110
10110010000100111011011010000110
01111100101101000011001101000111
11101000100010011100110000100000
11000110101010000110100101101101
01000101011110100001101100111110
10010000110101001110010110101111
00011111011001011010011010111001
10011010011100001110110011101100
01101111100011001011010000000001
00100011000101000100111111000010
00000101001000110000011100000101
11111001011011100001001010010011
01110111001011001011010000001111
00000010010010011001001100101110
10011001001101101010111101011001
10011111010100110110100010001011
00010111010111111011000001010111
11000101001100111001001000110100
00011101000111100101110011000010
11011010000111011100010010100100
01100101110000010001111000111001
11101000101110100110100110010111
00101011001100000110110100001000
01011011001000110101001110011010
11011000010100101001110011010101
01001101011000001001110010011000
00111010111010011011111000101010
01010100110110001110011101001010
00111111110001001010000001001011
01100101101001011010100000111010
10000010000010011000110000010011
01011110110000011000110111110010
00001010011000000010001001001001
01111100001010101000010100110011
00000101000110110011111100101111
00100111011111001111111010101111
11100100110111110001001000101101
10101110100010101110100111011110
00110010010010000110111011111111
01011100001101100101001101101010
00011101100011001110111000111100
11111111000010111100110111010001
11000011100010100110001101100111
00011101010010001010000101110001
00010101100110001011101000010100
10000101001001111010011011100010
11011001001100101010110111011010
00100011100110110100100010110110
11101100101011010111101000101110
11001111110010001000011111010101
10001100110000111001110001111101
00001001100111000110000100010010
01001010010100101000111010010111
01000010001101100001001000001011
11100101111000000110100011000100
01110110011101000001010100010110
11110001101010100101110000000110
10100000011001101111111000100011
11001011110111100110000011111100
00101100110010001001010111110101
01010000011011110101111101110010
00000101101010011100100000101110
11110001010000000100110011111010
00011100110000011000100000100000
00000110001011110011001110001011
01001101101000100010011101100110
01111101100010101011000101100010
00011010000011000101100000110010
11110010111111110101001110101101
10101011100010100000100010111011
00100101011100100001010100000000
11111000100010000011111110001111
11110100110011001010110101110100
11101000000111100010101101011110
01001010000101001010010011011110
00111111000101111010011010101111
10000010100001001011011011000010
01010000110001000000010010001111
11010111011001011101100110101010
10110111100011110001111110011101
11101100000111110000111010101110
00100000100100011010011000111111
01001101011010111110011011110110
00110100001101011100110110101111
10011011001110100101010111101011
01110010010000101000010110110000
11110111010110111101001001111100
00101100000011011010000100100110
01010011111010010111001100010101
00010000101111101101111100011001
01110010100000111100011000010011
00110110011101001101000111011010
00110110101101110011100011100011
00111111101100111000000001111100
00111100011111001100011010101011
11101010011100010010100011001001
00110010110011011010010111110110
11000000011110111001110011101100
11000011100111100010101001111111
11010000001011100101011100101001
10001010010010100101001010010001
01010010110100100100101100010111
00101100100000010001010011001000
01101111001101100000011110001001
10010010100101011110110110011111
01110011010100011011010001011001
11111101110000101011101101000010
01100111110111011111000010100101
00001010001110000100011001001001
01001000100001001011110101100010
10011110000011001011100000011101
11110100110001110101111010100011
11100101110100100000000110100010
01000111110011110001110111011110
11010100100011101000011110011001
10111010110001101100100111110100
00011100000011000011100101110000
10000001100010000011101110100110
11110111010111011011110011001000
00011111100000111100100101000000
01010110111111100110111010011110
11001111100110110001010001100101
11010011111010101101001011100101
00000110111011110011001110111100
10111111001101110000010100010001
11000110001001101010011101000110
00101110000001011001010101000011
11101000001110010011100111001110
10110101011011011110010100000010
11110100001011110001001100010100
11010111010100111010000110000101
11001000111100001011010011100010
10010111101110100110010001101001
10010011111111100000110111001101
01010101110001100100100000101111
10101111000111111101001011101010
11000111010010101011001111110010
00100011000100001010010100000001
11010101011000110110100010111000
01100000111010111011010100111101
00011000111110101101101001001110
01001100001110100001000000000011
10010100000111101101010110010110
00011111100100101011110100001111
10111110100111000000001001100110
00011011011000101000011100010100
11101110001010011101010110110101
11111111101110100101011010011100
00010011000111011010100011101100
01011001011110001010101101010011
10101101100100100111011010011010
00010000000101100011000101000011
01100001001010011010001010010000
01001110000000001111111000111001
01101101010001000010100101110011
01110110110001000000001111111011
01101000010000111111001111101101
11000100111010111010100000110000
11011111101101001111010101110110
11001001010010100110010001101101
11000111000101110101101010010011
11110111111111100010111110011100
10000011011111100010111011110101
00111001101010110101100100000100
10000001011110101010010110001100
11110100001001111000000111111111
11010000100010001011111111100011
00110000000011011110110101011101
01101001100111100101100011000111
11000010110011110111000010111011
10010110011000000101001001111101
01000110110111111000001111010101
11001101101000110000111011101111
11001101100111001111101101111101
10000101000010000110010100011011
11110011000011111111010011100011
11010111011101001100010101100111
11001110111000100111110101001100
11110100010001010001001111011110
01000110011110010001000110001011
01101001110100000010010001111011
10101010010110001011011110001101
11101101010100000001010110000011
00001110000110101101110000101110
00000100000001110100001110101010
11001000011100010001001111000000
11011111101001110110100100010010
01010111110101100011101110101000
10100000011100100100101100001110
10111001001000010111000100011001
01000011000111011011101100111101
11010100111111000111101001011010
01011011011010011101101111010000
01100000010001111110000101100101
01010000111101011001100001100110
01000011010111100001110100011111
00110011111111100011011111101000
10101001101000101101000000011111
01101100110010000100111011111111
01110100010110111111100110110111
10110010010001111111001100111111
11011000000001000000000000100100
11000010100011011101010101111110
00111010010001011100011011011110
00001110100010011101110011100011
01010100011111001111110000010101
00001001111101101101101010111011
00011100101100111001000111010110
10000101110011100010111010110001
00010100000010001010110111001001
00100011001101010010101001101111
10101111110100011011000000010010
10001110000101110011011010000001
11111110000110101110000011010011
00101100010000100010000110100000
10011111101100011011111000101001
01100101101100100010011110010101
10100100100110101001000010101111
00100001111011000111000101100001
10001010010110110001000010111110
10101111101001010010101011101010
01001000001111101001101011110110
10010110110001110101010100000001
01011001100000001110101001100100
11000001000000011010111000000000
01111100101010110010011101100111
00000110010101100000001011011010
01011011111011001110101001100100
00110100111000111101110100001100
10010101111110111110110110001111
11001011100010110011000110001101
11011100100000111011011001101011
00000100010111001011000100000011
10111110111000101111000000110111
11000101011000110100001011110110
01111000010111100000011010001110
10000111110110001000001010111110
11000010110110111001001001110100
00100100100011001001010101111011
10001001010110101110111010010011
01101010010101011100101110011000
00011100011111010010110010100111
11000111101111010010101000100111
10010101110111101000001011111000
11011010001000011001011001110001
11101110110111011100001011011011
01100100110110101001000000010100
10101000100101010111001011110000
11100100110000101101101000001001
00101110111110011000111010001010
01110110001000001110010001001001
01100101101110010001001101000101
10010010010111101010110000100000
10010101110101001001110100110101
10101011000010100011011000110000
11101101100100010110110100101101
00000010011000101101000101001010
00011101111110100011100001100110
00101100000110000110110011111101
11110000010110000000110110001000
10110011101010011101001001111001
10110010111111101110001111001011
10000110011010110010101010101101
01100000101101011000000011001001
00111011001011100000001000011110
00011110111110010000000001110000
10110100100101110011011001100001
00001100100100111100101110000111
11100010101011011101101000001010
01010110001101000001100111010110
10111010111011001000001101010010
01001001001000011111001001000000
10101101101010010001111110000001
10001010000000110011010100110011
10100111111101000111101100101100
01100100010011100010000100101010
00110101001010010100000101000010
00100000101110000101101000010111
10011110000001100100110111011001
00001101001000100100001001110000
11100001010011110101110111000111
10101111000100011010100010001110
11011101111101010010100110101011
00000001001101100110010010010010
11001100111000011111101100001100
01011011100011110011101010110011
00101000000111011011110010011010
11100001011110001111101000000100
00010011001010001011110000101001
01101100001110110100010011010000
11101111101100111100011010001001
00101000101001110110011000010101
11010011000111101011000001010110
10100011001111110100000011010001
10101100001001101011011000100100
11100100011111000111000100100000
00111100011100111011000000111100
01111110011010101101000100001011
00000101100111110111111100001110
11011001000001101111100000101001
00000001001111000011001101100111
01011111011110011100000100000000
11110110101110110011100110110000
11101111011110111000010011111110
11111100001101011011001001000111
10110110011101000110000111011101
11010011110010110110111010001101
11111100010111001101101100101000
00111111000110000010110010111100
00100111100110010101101001000010
00110000001110100100010110001011
01110011001100001110011011110010
00100000000101100011011101110001
01101101101000111101101011001100
10010100111001110011100000101010
10001001110011010110000101111111
00010001100111000001010111011001
11001000111000100010011101101001
01011001111000001011010011111110
11101101010010001111010000001010
01000010001111101111010111001000
11001111000010000100101010111100
10010111100000101111100001111010
01011100101110010011010010101100
01111011111111011101010111100110
11101001110111010010110101100101
11100100101110001000110000000000
01111111011000110101111000100001
01000101100110111110111000100100
11110001101001001001100010101100
10001101011110101101100000100111
01001000000111000101001000011110
11011010110000001100000101100111
00010111001010111010011100100100
01011101101000100111111000101001
10111101010100010001110100101110
10100101011111111000000010011100
11001100000101001100111000111110
01111100011010011110111001111011
00010001100010001100100000001110
10011011011011010011000000110001
10100010001011111101111011101001
00011010111010011010001010010001
11001011001100010110111101111100
01010011110010011110111111100010
01010010001111010100010110011010
01110000011000001100001001101010
00000111011011111110011001100100
01010001000001000001100100000001
00101110011110110011110000000111
00101110001010001110000110011011
11101111000000001101101011010110
10001101101111100001001100001000
01101010101101101000101011000110
11110110100110110101100011111011
11101111111100101111000100011010
01010000010001000000110110111001
11111011101100000010111010111010
00111001100111111101100001101011
10001101001110101100000011110001
10110000111100011110101110100001
10010101000001010001110100010010
01001111010111101111011000110011
10001111111001101000001001101000
10111100011000101110001011100101
00001110111101100001110110110111
00101000100111010011110101001011
00011011100111011001111111011100
01111100001101110011111111111100
00111000001001000001110110100110
01101011101101001100110110110001
11000111011111111100111111010100
11000010110110001011010011000010
11010111001101001110111100100101
10010100000100001011001100000101
11001001011011101010011001010010
11000001101000000010111110111010
10111000000110000110010110010100
00011011101100000100010110001111
10111000101110000011101101011011
00000101110010011011101010101001
01110010110101111111110100111001
10101100100101010111010111101011
01100111100000101011110101100101
01100010110110000110000111010010
00010001011110001101000111010011
01100110111000001001100001100001
11010100100100110110110101000000
01011110000110000000101010010010
11010011010111011101001101110100
00000000010110000111101011100001
00010111011010110010110101101100
00110011111010010101101110111100
00000010001010110011001101001100
01001101111010001100101011100010
01110000001000111011010100000111
10101110101111001011000011011001
11001011011000010111010011011100
01110101011011001110001011101111
11000010111110111001000110101011
10001010000110000100010110001111
00101000110101101000100000001001
10101110001000010100101011010100
10011111001011101101011111111000
11100001001011100110000011011101
00101011101100000001010111010101
00100000100111100001110011110001
11100011001111100000001001100111
00001010110011010111111011000101
10111111110011000110100111001101
11101001010110010110110110100110
11110111110011000100011000101000
11110010001111000101110100101011
01100010111110111010011110100011
10100110001111010000001101110011
01101111010101110000000100000000
01100111100101001000111011000111
00001110110111101010000110001111
10001111010100000110110100011000
01000111100000010111100100111011
11111100110110001000011010100101
11011000011110100101010110111001
00001111011111011101111111111010
01010001000001011110101111100011
10001010010010011110110101100110
00101110101010011000110001101110
10101000110100010010100001000011
01111100011011000111101101101101
01111001100110110001010101000000
01000111111111100100100011101101
00111000001111010110111100000110
11111011011010011101101011011011
11010000011111001101111101001110
11000111110010110100111010101100
00001110100000011010011111011010
11000010001111100111000001010100
00010111001000001110000101101110
11010000001000101110001100110101
11101001100011100101001000100100
01001110011001111110011111011101
00110101001100101111001100101101
00110011101100011101111110100010
01010000100000101000001000001111
11111101101111101110001100011001
10110011110111100010001010101111
11101011011011101110001111100100
10111010001111100000110111110001
01110111100110100001101110100111
00111010000110000000011001010000
10011100111011001011111000111101
10101111111001000001111101010011
10110110010000111011111100010110
01010100110001111001111110001100
00100001111100101011000011110111
00010000000101101101001000000001
10101011101010100110100100001111
00111100100001111110001100111101
10010001101011000110111111100111
01101011000110110100010100010001
00101000000111011100100000011001
01001100101110010011110100111001
11000100110101001101011000111001
01111101010101000110010010000100
00101000000010000100100011011000
00100010101000101010011100111110
10001111011101011101101010111100
01011010101010011101000101001101
01100110011100111110110100100100
11000001111001011001110101011001
00011101001101110100110100011111
11010000001011111110100101111011
01011011000111010111110000011110
00000100010110001001000110100000
10111010010110111010001111001110
01110110101111001010000000100110
11010111010110111110001100011100
01011011111110011011110010010011
10001100000011010110110111011111
11000001110001010000000111001011
11110110111100000111100011111011
11111011000111110111101010111111
01011010000000010110001110111010
01010001101101110001111100100110
00110110000010111000110010010000
00010110001110001111101110100110
11011111010000100110001011011001
10110110111001001101010100011000
11001110011110111111101001011111
10111111111110010010011111001001
01010011000111000110001011100000
01110110000101111110101010100100
10001101110111110001110101001011
11111111001110110110000101111111
01010010011101100110000111010000
00000000100111000111000011100110
11100100111001000111010010100101
11000111011010101101101111000011
00111101100010010000100100001110
00111101101011110011111000000010
00010000010000000000010001111101
01111010111111011011101001000011
00000110101110101011101110010101
01100111000010010110011110111101
11010001110010000010000100110110
10101100111000110001110111010111
01010001001010111100101010001010
10111111000110100001100111001010
10011100011011011100001001110100
01000011010110100001110111011101
11111000110010111010010001011001
01000000011111011100100111011110
11100100101000001111111110100100
00110101101011100110011011100110
10100101011011101111101010101000
11110110010110100000010010101101
00010011011101010101010010110000
11110110011001101100111011100111
10100101011000101100001011110011
11111100001101110111001101010111
11110110010101001010111011011011
00100111010011011111100010001111
00111000100000010100001010111110
11000111110110110000111011100000
10111011000001010011001111010101
01101011101100010100000010000111
01110100000111100001010000111011
01010011011010101010110011001110
00000111111101011011110110000000
00111110011100001101111000010101
10100111011000011000101100001010
11010000011111100000000000110010
00000101010100100010101101101101
01000011100010010000110101111101
10000110010111100100110101110110
11111010001110001100110000110001
10011100101111011000000101010101
11110101110011101100010101111011
11100010101010000101010110000111
11110111001010111100011101001010
11010000011011100001000011001010
10111110110000011100100001111100
01100000001001110101100011101001
01110001010010101110011100011010
00100101011011000001011111110110
01001101000110011101100010000101
11010111011001011110000000010100
01111000111110101011111010001010
00111101011001100011000011000100
11101011100100000000100111011011
01010001001001000000000010011000
00101111100110001101111111000101
11010000110101001001100101111011
11deg=19937
deg lcm poly = 19968
weight = 7010
10000000000000000000000000000000
00000000000000000000000000000000
00000000000000000000000000000000
00000000000000000000000000000000
00000000000000000000000000000000
00000000000000000000000000000000
00000000000000000000000000000000
00000000000000000000000000000000
00000000000000000000000000000000
00000000000000000000000000000000
00000000000000000000000000000000
00000000000000000000000000000000
00000000000000000000000000000000
00000000000000000000000000000000
00000000000000000000000000000000
00000000000000000000000000000000
00000000000000000000000000000000
00000000000000000000000000000000
00000000000000000000000000000000
00000000000000000000000000000000
00000000000000000000000000000000
00000000000000000000000000000000
00000000000000000000000000000000
00000000000000000000000000000000
00000000000000000000000000000000
00000000000000000000000000000000
00000000000000000000000000000000
00000000000000000000000000000000
00000000000000000000000000000000
00000000000000000000000000000000
00000000000000000000000000000000
00000000000000000000000000000000
00000000000000000000000000000000
00000000000000000000000000000000
00000000000000000000000000000000
00000000000000000000000000000000
00000000000000000000000000000000
00000000000000000000000000000000
00000000000000001000000000000000
00000000000000000000000000000000
00000000000000000000000000000000
00000000000000000000000000000000
00000000000000000000000000000000
00000000000000000000000000000000
00000000000000000000000000000000
00000000000000000000000000000000
00000000000000000000000000000000
00000000000000000000000000000000
00000000000000000000000000000000
00000000000000000000000000000000
00010000000000000000000000000000
00000000000000000000000000000000
00000100000000000000000000000000
00000000000000000000000000001000
00000000000000000000000000000100
00000000000000000000000000000010
00000000000000000000000000000001
00000000000000000000000000000000
00000000000000000000000010000000
00000000000000000000000100010000
00000000000000000000000000100000
00000000000000000000000000000000
00000000000000010000000000000000
00000000000000000000100000000000
00000000000000000100000000000000
00000000000000000010000000000000
00000000000000000000000100000000
00000000000000000000000000000000
00000000000000001000000000000000
00000000000000010000000000000000
00000000000010100000000000000000
00000000000001000000010000000000
00000001000000000000000000000000
00001000000010000000000000000000
00000000000000000000000000000000
00000010100000000000000000001000
00000001000000000000000000000000
00000000000000000000000000000010
10000000100000000000000000000000
00000001000000000000000000000000
00101000000000000000000010000000
01000000000000000000000100000000
00000000000000000000000000101000
00001000000000000000000000000000
01000000000000000000000000100000
10100000000000000000100000010001
00000000000000000100000000000000
00000000000000000000000010000000
10000000000000000000000000000001
00000000000000000000101000000010
00000000001000001000000000000100
00000000000000010000000000000000
00000000000010000000100000001000
00100000000001000000000000000000
00010000000000001000000000000000
00000010000000010001000000000000
00000000000000000000000000000000
00000010100000101000000010000010
00000001000000000000000100000100
00000000100010000000000000000000
00000010010000000000000000000001
00000000000000010000000000000000
00101000101010000000101000000000
00000000000000000100000000010000
00101000101000000010000010000000
00000001000100000000000001000000
01000000000000000000000000000000
10100000100000001010000010010001
00010000000000010000000000001010
10001010000010100010100000100000
00000000000001000001000100000100
00000001000000000000100000001000
10000000000010000010010000000101
00000000000100000001000010001010
00000010100000101000101100000001
00010001000000001000000001000000
00000000000000100000000010000000
00000000100010001001000101000000
00000001000001010000100010001000
00101010000010000000001000010000
01000000000100000000010000000000
00000100101010000010100010000000
00001000010000000100010000000000
01010001010000001000100000000000
10000000100110010000000000000001
00000000010000000000000000000001
01001000101000001010000000000000
00101000100101010101000000000001
01001100000000101000100000000010
00001000001000000000000000010100
00000000000000000000000001010100
10001000000010001010000000000100
00000101010000010000000000010010
11000000000010100000000000001001
10011010000000010010010000000000
01000000000000000001010001001000
10000010100000100000100010000011
11000101000000000000000101111101
00000000100110100000000000101000
01000000000110000001000000010101
00000000000001011100010000101000
00101010000000100000000000010100
01000000000000000000010010110000
00101001001000000001100100011100
00000010000000000000000101001000
00000001010011010100000010100000
10100000000110001001010011000101
00000000000010000100100000001011
10100000001001000000000001100000
00001000000000000000010100000000
00011100110101000000000000101000
00000000001001010110010101000000
00010010100101100001000010011010
00001001000110000001111100100100
10000001000001000000100000010010
11011000010000000000000010000001
00010010110011011001000100000001
10101001110011010001100010000000
00000000010000000100000100001001
01010000000000000000000110101000
11000000000100100010100001000000
00100110000010000100100000001001
10000101011000011010110110001001
10011100000010010100001000010100
00000100010000000000100111000000
00100001000000001010000100010010
01011110100101111100100010001000
10010110001000101000010000001000
01100100111100011001100001000000
00010100000010001101000011001010
00000001001010000000000100100101
10001101111001001000100000000000
11101010010011101000100101010100
00101010001011010000010000000001
01000000100010101101001011100010
01001010100010000000001000100010
11101111110010010000100010101101
10000010110100000101010001001101
10010011000010010101000000000001
00001100011001001110011000000000
00101000111100000110111010010111
01100100100010010000101000011001
01101101000011001101001010001110
01110010000110000000100100001000
10000001111001100110010001001000
00010011000000000010001010110101
01001000000000010000000110001011
10100010010011000111000100010110
10011000010000101100110101001100
01011111011011110000100000100101
00100101110111001001000101011110
00011010100000000001101010011111
01101101010101100010110101101000
10001000101000100100100010010010
10111100111011110100001011001011
00110100001011100101010111001001
10100010101101010100100010100110
00010011010110100111010100001001
01110010111111000100100101110010
11010110101010000110111011101100
10010100110011110110010000101000
00111111111111000000111111111011
00110000011110110101001010010111
10101001100000001010011000100101
10000101111101001101000000010010
10101100001101110000001000000001
01100011011010001000001010010001
11100010010100001001101000110000
11010100010010110001001010110001
11101110011010010111110100111110
00001001111010101011000010011100
11111011011011011100110101010110
11011100111011000000001010101000
10010010111101001010100110010011
11100110101011100010001110000001
01001011100110011001000001101101
01000010101100111000010100010001
00110011010101110000010001110000
01111000100010101001010110001100
01000000111011111010000110011001
00100001001010000101110110010100
01001000001110000011100100010000
11111000011100000000000110111111
11100010011110001100011111000100
00000100100010001101100000001101
00101010100000000011110111000000
00000010010010101010101100110011
10010100010000100100001001001011
00101011100101010100011111001100
00011101001011010110100111010010
10001000000010010000011011001110
01010000100000101001001101001101
11101010101001010011110011011001
10101010110010110000001111101110
00100101101000111110010100100010
11000001101011110110100000000100
00001001011010000011100101110100
01100110100000011101101111100010
10100110110001001010100111001100
00000110100100010110110110110101
01011111011010101111110101100000
00111100100010101000000101111011
11101000011100100010110111100011
10111000000001001001001011101110
01001101100101000010010001100100
11110001110100100000101010111010
11001100101000100011010000110101
01100111010011010100001101101001
01110011001100000001011010000100
01111111111000111110001111000001
01111111001001101010010001001010
11100000000001000100011010010011
00000011010011101011110110001001
00001101000001000100001010111111
01110010000001100110110010101101
01110010010001000001000100111111
00011101000101010000011011111000
11011001001001110001111010110110
11001000111101000010000000110001
00000001100000110000110011010101
11110010101000001011000110100000
10010011010010011110011111011111
01110001110011111001010001001010
01001110000001000001011010111100
11001001011001000010100010000110
00001100100000111111110101101101
01101111000110000011000001011001
01110000110001001101011100001110
00101000001010111011011011011010
01111101101110100000100101011101
10011110110011111110011000011000
11010101000111110101100000111100
01001111101010010100101110100010
00111100001110001000010101010010
00101111010010010010100011011000
10001001011110000001011011010111
00110100110111100001110000010010
00000111111001101000000001111111
01111010000000010011011111011110
00100110101011000001000101011010
10100000010010011111110011001110
11111000111001001100101101101100
01110001100110101110000101001110
00011010000011101101010110001100
11111010110100001100010111111010
10110010010010110001110101110001
11010010010011101101110001010010
00111101000101110110111011011111
11010100101111100110111011000011
01000011000110000000110101011000
10101111101101001010101000100001
01100101111001101111101100110010
00110000000100111111110110000110
00110101000001001011010111001101
11000110011010100100110110001101
00111111010100000110001001000100
01000100101010101111010001111101
01110100101101001000010110100010
01110100001001111101001000001110
10011001101100011100000111001110
11010111010001110100000111110100
01101111111111111010110001100011
00011011100111101100111110110100
00000001101100010110000010001010
11011000000100000011011010010100
00101000011011110100111010011011
11111110101101011011111000010010
00010110001010100101101001010000
11110111111001101110001010110111
01011011100011111101110001000101
00011010111110111111000001111010
10110111001111110100010000100010
00110011001001101001010111100010
01001001111100010001010101101011
00010000011111000101010001100110
00000110110101101100010000110001
01001011111010011100001111111111
00110010010100011101011101110011
01010100101001100110100101010000
11100001101001111011001111100101
11000100111000010000100111010010
00101011010011010010111111110010
00000010101100100111001000100101
11101111100100000001110010100010
01100011101010010010010110100000
01110110111101110101101100001101
10100101101110000001011001000101
00010111110001010000100101001100
11000001001110011111010001100010
01101011000011001011011011000011
01100000011110110101001000010011
01001111110010100011000100110111
00010000101000111011000111000100
00101001001110001010111111101100
01011010010101011110000010100100
10011100110110001011001010011001
00010010111011101000110101100000
01000010100000111100010101000011
11100111111100111100010001100011
00010110111111101111100101100110
01011100000101110011000010010011
10110110111010001000000010110111
00101110111000010101010001001110
11000111100100011111101100110011
11010010011101110101010010001110
10001101110010101110010011011001
11110100101010001010001110010100
01010001000110010001001111100010
01010101010010010101100010000010
00001111110101101100001100110110
10000111111101000011001111101011
01001000110000110111100110111110
10101010111100011111000011110101
01111100110001010011100000110111
10111000011001110101100101011010
00001011111001011111111111000111
00001111010111001000111011111110
00100101111100000010110001101011
11110000111010000101110000110101
11010011010100001100011000101100
10010010001011100001101010110111
01000000010110011000100101100001
10010100100111011000111001001010
11101011000100010110000110011100
01000100011111011001111110110110
10000011111100110001111111001100
10110111101110101100101110100010
10101011000111000010100111000101
00110000001101100000100111100110
00011111111100000110000010000001
01111000100000100100001000000111
01110110001110010010110110011110
11001111011100111010100101111101
10110100110000101101000011111001
11000001111001001100110100111101
10111000001111010110011001000011
11111101001000110100010000111000
01000000011011101010000100001000
11010101111010110110100010001011
11010101001110000011100101100111
00011000100010011011010100100100
11001001110100110010111111101011
00110100110111000111001100011010
11010010100101100100101101111101
11110001011111000100010101100110
01110110001000101010010010011010
01011000000110101011101001111010
00010101100010101000001100011011
00100010011010010011100000110000
10000110110000111010011110110111
10010110000110101001000101011100
00011100010100110001101010100000
01001101011101000011001101110010
01001010010001111000010000111101
11010001110011110001010000011110
11011110010101001100111011010111
10010000000010010001000011100111
11001011100000001001001010001000
00011110110010011100000100010101
00101010011001111011111010010111
01000100110110110110100011100011
01100010111111011100110010100111
01101011110110111110100001011100
00010010000110111110011110000001
11011000001111001111010001100011
01110001010000011011000111111000
10110011111001011101000010110110
00000101110001000010000101111101
11101001011000011011001000100100
00111110011111111001100011001001
00111101101101110101100101111101
01000011110101111000001000010110
01100001111001011010010010101100
10111111111011000010110010001111
00011001011100001000101100000001
11010010110011110101100110011100
10011100001001101100010110000011
00001101111111111001100101010111
01001000110011100011010000100111
10101100110010110101000010100010
00001011001010110100010001001011
01111001110010100110100100011110
01111001101110111101101110111000
00101001110000101000000011110001
01110001110110100101101010000100
11100100001101010101011100001101
01000001111100110001101101111001
01011111100100101000011011111000
01100011111110111110011000000110
01010100000101001011110001000111
01100001101100011101110110000100
01010011111101000000010101100101
00100011000001110001101011011000
10011000000011001000111100001101
01111100011111000010111101000100
01010011100000110010011011000010
00110001010111100111011101010011
00010000000111101111110010011110
10100001100110100100100111110001
11100000010000011111010001110001
01100000110101011011111010000010
11001010110010101110100100100110
01000010111000000110101111110010
00001001100101101111111010001001
10010000000010010000001110001010
11101101001101000000000100111111
01100000111011011110110001110010
00000000001011100011000100010010
00101010010011111010101011010010
01100110101000010000110011011010
00101010011111111111011001111110
11101111111110000001100001111110
10111000100111101010001001010101
11111011100000101110110001100110
11110100000100110000000010011010
00011110000011100110011010010011
11100000100010111110001111110001
01110110011000001010110011000000
01101101100111000011011101000010
00001100010101101010111011010101
00010000110110101101001011010000
00100010101101001010110001010111
11101110111011011000011101111110
01101001010011110101111110111100
01011010011011100001000010011101
01110001100010011000010101111101
01010011110101010100110101100000
10110001010101101110000110010111
10000000110111000110100011110111
10101011001101110000110011111101
00011100111010101100011010100101
01111110011010110101101011110011
11010110111000101111001010111011
00101110110011001111001011000000
01010111010011101111110100101011
01011011011101101010011000111011
11101111111100101111011111111011
01110010000000000111000011001100
01110000010100101001011000100111
11101100001100110101001100100000
11101000001111000111010000011111
10100000111010011100010100011111
10101110000111000101001100101110
10011100010010111110001111100011
01111011110100111000010110111001
11100010111010001001101101100110
11101010011111111111111011111110
10111000111001100011111001100011
10111000110111100111001110110001
10111010010000011110011000101110
01111100011100100111110001011101
00010101101000100010110010000111
01100110001011101011001110101011
11111011101110101100111011111011
10100111111110011101010101010001
00011011111101001111001100100110
01011110101010010101010110110111
11000111111101000011011111000110
01100110101110001000101010000111
01100111100011101111001000000110
00001001000011010110100101100110
11010010100000111001101010110111
11001000011100101110001100010011
01111010111100011100111001011010
00011011100000010100110011000001
00101001000110101111111000101110
11100001001100000101110101010110
11000100100001000100010110110011
00001001001001100010000111011100
01100101000010111001111101101101
00000011011010010110111000101101
11001100100110110001011010111011
01100011000000000001011000110010
00100100001110101100101010110011
01011101101000000101000100101111
11100011010010001000011010001001
00000111110110010011010011011011
11011100011110011110111001110111
10000110101110010101100010001101
00100110001000000000101100100110
11100011110001001111111111110001
01011000101011100101010000110000
11111101001000110011001111100101
10001001011101011000000000001001
10001101110010000010010011110000
01000011111001100111111110000000
00100111011100000010001001000100
10110100000001001100110100110010
00000010010001010000101000000001
10000111110100001010000101001100
01111100011001101010001110111011
11110100110000011101010101110010
00011010000010011100010010100001
01110111101110001001110101110110
11001111001000101111111101101011
00100011111110000110010000110001
01001000001110010111000000000001
01101100000101011101010010111100
10000101001000100001011101101100
00110110110111100001000011100110
11100011001001001111001000011110
00111111100010101111110101100000
10101011110000110111010010010010
11011111010110001111000100011101
00111000101001100001101100001000
10101100000110011010011001111111
10110101010000100001100110101011
10100100010111101111010111000000
00110011100110100000100011110100
00000011100101111111000111110100
11100000101000110100110001001111
11100100111011000010100011001100
01101001111010101000001001010001
00000100010000111001100100011001
11100110010100100000100000000100
00011000101110010000000010011011
11001001111100010010010000011011
01000000001001111010010100001111
01100000111011011010000010010101
00000100010001010011111101111110
10001000011111010000111000101101
10001110000010001011000010001101
10110010011001101110010000010101
00001111010001010001111100001001
01000011100010111010000110011010
10001001110101010001011001011010
01010010010000001001100100101010
10000001101110000000000110000100
11101011011000000010010010010100
11011010111100111110001000001000
01000100001011010111010011110110
01001000111010000101011110101000
10011010101000001110100101110111
00110101100101000000000000111010
11110111010010110011000010110100
10100010000100100100111001010000
00010000000000011010100010000000
00100110000011110101111000100001
00000000000101000000011001001101
01100101001011100000010000000100
11000001010001001010110101000110
11100000000100110000101101001011
01000011100000001011011100010100
00010001000001110000100011100110
00000000101100011001001001000000
10010000110011011000000001010100
00000001101010010010000000111001
10101100010100101110001001000000
01000000001001000100110010000000
00100010010000000000000011000001
00001000111100000000011001100000
01001011001000010010000100010000
10100000010010110000000100000001
00000100001100001000001000010000
00000001000100000010010010010100
10000010000001000101000000000001
00111010000000000001110000001010
01000100011000000000000000000100
00000110010010000000000100100000
00000100000000001000001001000000
01000000000000010010000100000100
10100001000000100100000000000010
00000000000000010000000000000001
00000001000000000000000000000000
00010000000000000000000001000001
00000100010000001001000000010010
00000000000010000100000000100100
01000000000100000000000000000000
00000000000000000000000000000000
00000000000000000000010000000000
00000000000000000000000000000001
00000000000001000000000000000000
00000000000000000000000100000000
00000000000000000000000000000000
00000000000000000000000000000000
01000000000000000000000000000100
00000000000000000000000001000000
00000000000000000000010000000000
00000000000000000000000000000000
00000000000000000000000000000000
00000000000000001000000000000000
00000000000000000000000000000000
00000000000000000000000000000000
00000000000000000000000000000000
1deg=19968
deg tmp = 31
128 bit k-distribution
k(1) = 19937
k(2) = 9968
k(3) = 6645
k(4) = 4984
k(5) = 3987
k(6) = 3322
k(7) = 2848
k(8) = 2492
k(9) = 2215
k(10) = 1993
k(11) = 1812
k(12) = 1661
k(13) = 1533
k(14) = 1423
k(15) = 1217
k(16) = 780
k(17) = 780
k(18) = 780
k(19) = 780
k(20) = 780
k(21) = 780
k(22) = 780
k(23) = 780
k(24) = 780
k(25) = 156
k(26) = 156
k(27) = 156
k(28) = 156
k(29) = 156
k(30) = 156
k(31) = 156
k(32) = 156
k(33) = 156
k(34) = 156
k(35) = 156
k(36) = 156
k(37) = 156
k(38) = 156
k(39) = 156
k(40) = 156
k(41) = 156
k(42) = 156
k(43) = 156
k(44) = 156
k(45) = 156
k(46) = 156
k(47) = 156
k(48) = 156
k(49) = 156
k(50) = 156
k(51) = 156
k(52) = 156
k(53) = 156
k(54) = 156
k(55) = 156
k(56) = 156
k(57) = 156
k(58) = 156
k(59) = 156
k(60) = 156
k(61) = 156
k(62) = 156
k(63) = 156
k(64) = 156
k(65) = 156
k(66) = 156
k(67) = 156
k(68) = 156
k(69) = 156
k(70) = 156
k(71) = 156
k(72) = 156
k(73) = 156
k(74) = 156
k(75) = 156
k(76) = 156
k(77) = 156
k(78) = 156
k(79) = 156
k(80) = 156
k(81) = 156
k(82) = 156
k(83) = 156
k(84) = 156
k(85) = 156
k(86) = 156
k(87) = 156
k(88) = 156
k(89) = 156
k(90) = 156
k(91) = 156
k(92) = 156
k(93) = 156
k(94) = 156
k(95) = 156
k(96) = 156
k(97) = 156
k(98) = 156
k(99) = 156
k(100) = 156
k(101) = 156
k(102) = 156
k(103) = 156
k(104) = 156
k(105) = 156
k(106) = 156
k(107) = 156
k(108) = 156
k(109) = 156
k(110) = 156
k(111) = 156
k(112) = 156
k(113) = 156
k(114) = 156
k(115) = 156
k(116) = 156
k(117) = 156
k(118) = 156
k(119) = 156
k(120) = 156
k(121) = 156
k(122) = 156
k(123) = 156
k(124) = 156
k(125) = 156
k(126) = 155
k(127) = 155
k(128) = 155
128bit D.D:  18982, DUP:  110
64 bit k-distribution
k(1) = 19937
k(2) = 9968
k(3) = 6644
k(4) = 4983
k(5) = 3986
k(6) = 3322
k(7) = 2847
k(8) = 2491
k(9) = 936
k(10) = 936
k(11) = 936
k(12) = 936
k(13) = 936
k(14) = 936
k(15) = 936
k(16) = 936
k(17) = 624
k(18) = 624
k(19) = 624
k(20) = 624
k(21) = 624
k(22) = 624
k(23) = 624
k(24) = 624
k(25) = 312
k(26) = 312
k(27) = 312
k(28) = 312
k(29) = 312
k(30) = 312
k(31) = 312
k(32) = 312
k(33) = 312
k(34) = 312
k(35) = 312
k(36) = 312
k(37) = 312
k(38) = 312
k(39) = 312
k(40) = 312
k(41) = 312
k(42) = 312
k(43) = 312
k(44) = 312
k(45) = 312
k(46) = 312
k(47) = 312
k(48) = 312
k(49) = 312
k(50) = 312
k(51) = 312
k(52) = 312
k(53) = 312
k(54) = 312
k(55) = 312
k(56) = 312
k(57) = 312
k(58) = 312
k(59) = 312
k(60) = 312
k(61) = 312
k(62) = 312
k(63) = 312
k(64) = 311
64bit D.D:  15413, DUP:   52
32 bit k-distribution
k(1) = 19935
k(2) = 9967
k(3) = 6644
k(4) = 4983
k(5) = 3987
k(6) = 3322
k(7) = 2847
k(8) = 2491
k(9) = 1872
k(10) = 1248
k(11) = 624
k(12) = 624
k(13) = 624
k(14) = 624
k(15) = 624
k(16) = 624
k(17) = 624
k(18) = 624
k(19) = 624
k(20) = 624
k(21) = 624
k(22) = 624
k(23) = 624
k(24) = 624
k(25) = 624
k(26) = 624
k(27) = 624
k(28) = 624
k(29) = 624
k(30) = 624
k(31) = 624
k(32) = 622
32bit D.D:   9879, DUP:   20
