mexp = 19937
filename:resX78.19937.magi07.060730.02.txt
POS1 = 5
SL1 = 13
SL2 = 3
SR1 = 10
SR2 = 3
MSK1 = bfffffff
MSK2 = ff7feeff
MSK3 = fdffee7b
MSK4 = fffdfeff
deg poly = 19937
10001000111001001011110011000100
01010101101001110101000011110001
01101101101110101100111001111111
10101101110001110010101100000110
11000111100101110100001010111111
01100001001111100011000000011001
10100000001111001101111001000111
10111111010001100011101010001100
11101101010000001110011111100011
01101011010100011111101010110001
10011000010111010010011110001111
01010100011101010110101001010100
10111000111000001000011111011010
11111001011111011011101010100100
11100000110011011001101001010010
01010011101100110100001001111110
10100101110100100010111010000100
01010111000010010111011010111110
01110110100110011001011101000101
11101010110001011011000011000101
11000001011011101001001110111010
11011000011010010001100110110011
10001011100011101111110000111101
00100011000111100000000001111010
10100011110110101111000010000110
01111010010001011110100011111100
11110111110001010111101000010010
11001011101100111000011111010010
00011100110101001001001110110000
10110100110110000001110000001001
01001101011100100010110000011100
01101010011111110101011110111000
00111001001000110110000101101001
10000000000001100111010010000110
10010101011111011000100110000111
10001111100110000011101000000001
11010000010001000111001110010011
00010010010111101101011111110011
10001100011101111011011001010010
00000101100000010010111010011111
11110110011111011110110100011100
11000101001111011111011100101010
10001001111100011101110010111111
00000010000010000100001111000011
11101001111101011011100001001000
11110001001101111100110110001001
00001101001010100101000010010011
00100001010000001101100000101001
00110100111001011100010010100010
10100101000111001001100111101000
00110100110110111100100101110110
11010011101011101001011110000010
01000001010100110000010111010011
11001000011111101010001000100011
11110001100110011001101110000001
11100001111011110001010000110010
10001110111111000101110111110001
01001010101111000100000000000101
00101011101101110110011111101011
10010000100101101100000011010110
10100111001110110100000010001100
01101010100011100000001101101100
10010100111011000101111100111101
01101110010001111111001110000011
01100010000010101100111101100010
00000001111100000101010000010011
10010001000110101110100100011100
01001111100010001011011011010010
10101011001011000011001111001010
00110011101100011101000011010000
01101001010010111001100010100101
11111111011010101100100111110000
00011011111111000011101011100111
11010001010111101101110111010000
01000110100110100110000001111001
01111110101100010000001000011010
11001111001110000000010111110010
10001011011100111110001000110010
00111110110101011110010011101111
10101101110001111010011001001011
00100110111010011111000111011000
10100001111101101100101010010111
01101011110011101110101011011001
01100100110100101100011111010111
00011001111001110001000110010000
11010011101101111110000100001101
10000110110001101100111110111001
11001111001000000100110011110000
01010001010110101110011100001100
10100001010001011100110001010001
10010111110101011001100101100000
11111011101111000101101010000000
01110011011011101001000111000010
00010111101110111000010111011100
11111100000101000110101010010111
00010110001101011000100000100101
00000101111010110011101100010001
01000000011101100111001110101010
01100000111001110001101001110011
00001001000100001011011000110100
10001001110111110101001011100011
10100100111100000011111001101010
11001101000000010010110001100110
11100010110101000000010101101001
11100011101011011001010110001010
10001100001000111001101110011011
01001000000001110000100000110101
11100011000000010000011100010010
01011010110111000101101101010011
01100111100010011011011110111010
00010101100101101110000101111001
01001110010101111001010100011001
11101110011111001110010101100101
11111011110101000101100100110000
10000000010110011011100110011011
10011000110101001001111000010110
10100001010011111110001010001001
11110110100100011100110011100111
10000000001001101011011001010100
10100100101010000101101011101111
00010101010100001111111001000100
11000101010110101101101110011100
01111100001011111011100110100101
11110010010111010011000110011100
00001110001111011000001000100101
01000001010111101000010001111111
11111011100001100010011101001110
01010100010000111010100101110100
11110110010011001010010000010101
00010001101100000011110110000010
01011110101100011000100011000000
11001010011010001011011010101100
01110110110011110101101011001000
11010100000011100011011110110111
11001001111110110111110011011010
01101110010001111111110101100000
01111100110111101110111100011000
01101011110110011000111101001011
01110010101001001001010100001111
00111011100100100110000010100010
11010100101101110111100011000001
00000101011100101010010011111100
11001000101111110011010001010101
11010101011101010101010011101010
10011000000010011100111010111001
11000100011101001111010101111100
00001101111000100101101010101011
01110010101001000010100101111001
10000010111010011111110001010010
00011100001000001011101110101000
11100000011101000011010001110011
10011011111100001010101000111101
10101001001011101101001010101001
01010111110111001010100111101001
10010011000111100001111110110011
11100110001111001011100110100000
11011111001010110110010110100101
10101010111011010000010110000000
10001011101111111000110000010000
01101000001110000111100010011111
11011011000110000010000000101111
10000010110011010111110000101110
01100111011010010000000100001101
00101100001111000110000100111010
01010000110010011111110010001101
00111011101111001101111010111001
00110010101011000000011101010000
10010111100011100101000011010011
10011010011010100100000011000000
11001111010111001110111111001001
01000011000011000100101000000111
00100000111000111010111100001011
01110001110010100111100011001100
00111101110000111101100011001100
11110000000001001110110111001110
10000100111100110110101100100110
00001001101010101100001101011100
01110010111010100010001001010010
01110011101010110100110011010001
10100110110100001100101001010001
00100011101111000100000110010110
00010100000111011011011101010101
11010110000001011111110100110111
10110111001001111100011110111100
10110110011101001000110010010100
01000101100000101101011100011000
11110110010011001010000000001101
11100110001011111101110001110000
01010101110110000100101010110010
11111110110111000110110110010100
11100000101101001100100011010000
10110101011101111000101110110010
10110001010111011111001011101100
01011100001101010010000000111000
10011010100001111110100011000101
11001001110010100100010011100110
11111100101111001110111010100000
00101000100110001011011111111000
10100011000111000001010001000111
10110000111000100010010110000011
11010100111111111100011100011111
00100000001100010011111011101001
00011100111110011110001010000001
11111011100001001100001010101101
10101011011011010000111100110001
00110000110110001100001011010101
00101111110000011111111110000000
10000100010101001101011111010010
11011011000011101000100110111000
10011010000100110000010001100011
01001001001110000111111101010000
01000000001001100101100111101111
11100111101111000010100101001001
00000011110000110010000001101110
11011111110011110010001010100111
11101010011001111110011010011110
01000000110101110011101011100010
00000010111001001110000011011101
00010011101110101001000110100110
01100110100011100000001111100111
01010010110101110011101010111000
00111110101111100001010000011110
10100100010111000100101010100001
11000110110000101010011101110101
00001101000000100010101010100100
11110011011111110101000101000001
11100111000100110011101010101100
01010000111101001000001111000000
11010100101010011100011110010001
01010100001001000010001000111100
11100111101100010101100010111110
00101010101000110111101110001010
10110011001011010001110101111111
11001001111110011110001000100110
01100001101111100001010011110111
01000010010111101000011101111110
01000110101010110000011101011000
10110101001000111000100011100010
01000011011111001000110011010000
00101011100011000011011111011010
01010010010110001101101001001000
10101100000000010011010100110100
00101111011101110001010011111111
01101011110011010100101000000110
10001000001110011110010101001100
11001101100100001011101111110011
00000100001100100011110001011010
10011001111110011010010110111011
11010000110011110100010010011001
11001101001110000010010100110010
11011010011000010001001111011110
00101110011010101011010111111010
00010000110111100000010101101111
11001001000111001111100011001010
00000111000010100001111111111000
00011101100111101010011011010010
10100000110010001011100000001000
00010110100101100000011000101101
01110100010001101110111101001101
10011011001110110000000100111011
01111100110110100001011010111111
10000010010100110100001010110011
00011111101110011111111100100111
00101011001111000010011110111110
11110010001100101101100010100001
11000001111100101001010000101000
00110001100010111101100111011000
01011100010001001110110110100100
01011001001010101001100001000100
01100100011111101111111001010000
11001110101110101111100110000111
00100110000011000010011010111111
00101101100001101000010101001101
11000010010100110111111111110001
01110101110101010000000101010001
01010100110110011001110111111000
01000100100110111010111111011101
10010000010100010111001001110110
10111000011100000000110111110101
01001101001001010001000101011000
00011110101100101110000101010100
00001111110100001011010110011011
11101100001000110000100000110000
10111101001000000011000100000010
11000110001010111100100010010100
10100010001001110100011110111111
00111111011000100110101001010001
11100000100000100011000011000010
01010011011001001000110000110100
01010111001111100011011110111000
10100011101000101011010011110100
00010010010100010110001011000010
01101010011101111110000011101011
00110000001000001110101100011101
00011100110110000101011101101000
11110101000101001001110101100000
01111000010111100011110001100110
00111101001000110010010111010110
00011001000111111000011011001010
10110101101100011100000110001011
00001110011100100001001101011011
10000010010111010001000001000010
11000110101011101010101000110110
01100011111100000110011110010111
10101010111111100110000101100110
11111011011010100110101100011000
01010010111111110010110010001001
01111010111010100101011101001101
11100110100010001000101101111000
11100010010110111101110010110101
10101000101100000100001001010101
10111111010011011000110110111111
00010110100010011101001110010100
01001100011010001101010010110000
11100010111100100110100011011101
01010100100010001001110010110110
00101011010011010111111001111110
10010101000001111000101001110110
11110101001101010100110111111000
01010111011101010001011100000010
00111100000110011001010001010000
11111110000100011110100111001011
01011000011111001110101001011101
00100111011100011010111001010000
00010000111101010111000100111100
11111100101111000001100011001101
01001110101110010000010000101110
00010100110000010000100001011111
00110010011100010011110000110001
01001010001011100011001010110111
01101110110100110111010111100001
00110111101011010010100111000010
01010110010000010011101001000100
11101101100101110100101011111011
01111000011010101001000101101010
10100100111100000100110000110010
00110110100101000100100111001101
10001001110010110011000001001100
10000100001111101110011010100110
00110000001111011010001111011001
10100011010011110011001000111111
00010110100001010011000101001011
11111100100111101111011001100111
10110011101101001011011000000100
10110000001010000011001000000101
11100110100111011100110011001001
10000010010011001001110011000000
11011111001010000011101100010011
00111010011101101010011010001011
11111100011100100100010001110011
00101010010110110101011100110000
00010000110010101010100100011111
10011100000101000000101000110011
01101111110111100001000100101010
00110111110111001101101101011100
01000110101100100101001101011011
10001011010000000101110001100011
00001001101111011111001001001010
10000011001000111101000011101100
10011100000001111001010101010010
10011111100001101000000000011101
01110010010100011110110000110100
10001010110101100010100011010011
01110011100101110110010110110110
11100111100100110000100101101111
10010011000100001110100001101011
00111000100000000100101111011010
10001011110110111110000011100011
00000001110100110101011011110011
10010011001100111100011011101111
11100110101111100011011010010110
11011101111001100111011111110001
10110100011111110110010010110000
10100011100000001101100101011000
10010101100000111100000011000111
11000110011001010001100011101000
00010101101111011000001100000111
00001101001101010101100111111100
01100111011011000010010000101111
10110111010111011011001101101100
11111101101110000010111110110000
01000000010110100001100000010110
00100100001100100011111001000011
10010011111100000100101011100001
10100101100110011110101010000100
00010111000011110000000001011110
11101010101011101000010110111000
10000011010111001110101100110001
11011100001110111101011011010010
10111010001001001100000010001011
00011001111110110110001011010100
01111011110011110111010000010100
01100111010010110011010111100111
11100110010010101101111010001110
11101100101011101011101000100001
01000110000100111110111110011011
11001011001101101100001101101001
00110001011100000011010000000111
00111101100010110110000000001010
00011010111100011101010101100110
11110110001111100010011000101010
10001101001011100010011011001100
01010101111101010010000100010000
10011111000101101100111011100011
00001010010111100101100100001000
10010001011111100010110110010110
00011110010010011010000111101100
00000110101111001011111110110110
11100100110001111111000111000100
10111010010101111110000010011010
01111110010100111011011011000011
11100011110110001001101011001010
11011110110010010100000000110100
11000000110100101101101100110010
00000001001101011111110100000100
10111001110110111000011010010011
01011101011010111010110010111100
00001100000010100011110101001101
01001011010110000000011011011110
00011101011010010110101100111011
01110001111101010000101010011011
11000100010010101010011111011110
11110010011001100001100000100111
10100010011100101111010011010000
01100001001001001011000010011100
00011111111010001101010111101111
01110111111101000011101001001110
00011011000100011110100110111001
10011100010111000001101110011001
00000000011111111000110000101101
00101001101101111001111110011101
01011110110010000001101010010110
01001110101101111010000010111010
10001011110100100001110111100100
01101000101111111001100110000111
10011111100110000001100000010000
10011001001000001110001101110010
10110100010100010011011010101111
00011100011100011111010010110111
11011110010001011101000001000000
10001000111111011101001101010101
10011100110000001001011001001110
01101000111001110001111011011001
11111000001111100111000111001110
10100100111010111000011110101011
11101001010011101011001101111101
11111110001110010010001110100111
00001011010001011101101100001001
10101010001011110001001011011011
01110100000110000110001100100111
00001110110110101101110110001011
01100111111110100011100000010011
10000010011000111011110111011101
00101011011001101101010111011110
10111011101010010101101011111001
11000100101011100010010010000111
00001110100100000011110101100011
01100110001100011111000101101101
11001000110001111100011101111110
10010111000111011101000011111101
00111010001111001100110011011101
10001111111110101111000100000000
01000011100110110011000100101000
00101111001010000010101110110111
00000010001110001001000000010000
11000010011000111111001000011000
11010111011101111111101010111001
00011111101100110011011100111010
01111000110010010000011100011000
10101000001100101000100100100010
01111111111101001110100100001000
10100111101100111111000110000100
11001010101000000010010111111010
11010001001000000001010000001011
10010011111011011110100110111101
00000001010001011001111100000001
01110101010111001001111001101101
01100111111011110111010110000010
00010011010111011110111100100011
01000001001110100111011101000010
01011011100000001100001001101111
01111101110001101101010100111010
00100110011111011100111110111110
10101000100001110101100000110001
10001101001111010000101011011101
11001001110000001010001010000111
01101110110011010001011011010011
10010011101010000000111110010011
10011001110110110000001111101000
00101010011000111101010011110111
11111011011111110001110100011110
11010001110010111110100000111010
01000111100110100100000101110101
01100000010010111011011111111011
10111001000011101100101110101100
00010110001100101001100111010110
00111100111101000101000100100011
11111100011001010011000010001001
11100011111111010110001001111111
10000010101110010001101100000100
10111100101001010000011100110001
10000111110001001100011010111010
11111001010011101100010110001101
10100001111010011110101101000001
10010001100010111110011101001011
11100111010001111011111110001110
00111000000011101111000101111000
11101100001111100110011110011011
11001110111111011101111000001001
10011000011011011010110101011000
11101010111001111010101110101010
00010101001011011110100011011111
11010000011100100000101011101010
11110001010000001101101101101101
01100011110110001110011110101110
00010100001101101101001110011110
01011000011011001001011101001011
00010111110010110100011011110000
00010100110111001000011011111100
10000101001111001000101111111101
00011110100101101101010011000000
10100001111100011010101110110101
10101111100011011101111000011101
11110111000111001100111010111001
01011000111111101010101000111000
00101110101101111111100100000010
01000011001110011100001011001010
10000110010101100111001001111001
10111111110000001110101011100111
10001111011000000111000101011001
11010000100010000010111100011010
10110111110111001000110010001110
01001011011000100111100100100101
00110101100010011100001101000110
10011000101001001111001011101101
10001010000001110101110100010101
11110101011101011001111100111011
11001110001100100101100011010100
11011100000110111010101100010111
10011011001010000011111010011100
10110101101101101111010010101000
00110100111011010001010010011010
01111001000101001001110100111110
00010110000010000110001110001001
11001000011000011011011001001011
11100000011100100011101011100111
01111111010010011011101101100100
10011101000100111110110001100101
11110101101011001011101111111111
00011100110100001000000100101010
11011100000110000110000011110001
00010110001101001000011001000111
10110001111100110101000001111110
11101010000110011100110111111100
00010101101100000010100100100100
10100010100110111111111110111100
01001101101100100101100000010110
00100010010001000011110011001001
10000101100010110000111100100010
11101111110001100101010101010110
11000010001110101011011001101101
10101110111010100010100101011010
01010111111110000011111111000100
10111111110101100101101100011010
00010100000111111101111101001101
11111000100010011000100100010000
11111010110101010111101000110010
00100000011101011101111001001010
10111010011100011011110011011000
00110101111000101110001000010101
10100111010101100101011000111011
10010111100111100011001010111100
00011100110100010000110010110010
01011101111011100110100100000010
00111001001001110111000010111110
01101111111100100010111010100010
11111101010100100010010001001101
11110110110110001101110001111101
01010000011101010011101100011100
01000000010001000111110001100011
00100000001011110110111101001011
00101010011110010000001001101011
10000000110110011000111111100111
01010000001000111100111100010010
01101001010100101000000100100100
00011010111011101001010010100001
00101100111100010111001110111101
00010010110111010110010000100010
00000010001001000101010010010011
00011011111001101000011100110001
00001100001010100001111000011101
01001001111010001011101110110100
10001101000100001100001000001001
10011011111110000110100000001100
00111110110011110000110111001110
00000001101100100001101101100101
11100011110100000001101010100100
01001101011010111101100101000101
00111110011000011100100111110101
00001000110101100001100000111011
11110110111010101100111110110010
00100010101010101010100011000001
00100110101111111110110100110011
11010101101011000100001000011110
11100110011111000100010010101000
10001101101000110011100110101001
00001111100001001010110011101111
10100101110100101100000101010110
10110001000010001101110111000001
11110000110010010111001110000101
00001000100101101110011011000101
10100101010110010010011000111011
01110110000001110010101111111010
00111000110101100100011100000100
10001001100000010111001100110111
10110110100010001000010111111001
00001100010001010110010110111000
01011010000001010010010011001110
01010111111100001011100110010000
01001110001111111001010010011010
01111111001000000011000000010000
01000100011010000101100001011011
11010100110010010110100101001101
01deg=19937
deg lcm poly = 19968
weight = 7012
10000000000000000000000000000000
00000000000000000000000000000000
00000000000000000000000000000000
00000000000000000000000000000000
00000000000000000000000000000000
00000000000000000000000000000000
00000000000000000000000000000000
00000000000000000000000000000000
00000000000000000000000000000000
00000000000000000000000000000000
00000000000000000000000000000000
00000000000000000000000000000000
00000000000000000000000000000000
00000000000010000000000000000000
00000000000000000000000000000000
00000000010000000000000000000000
00000000000000000000000000000000
00000100000000000000000000000000
00000010000000000000000000000000
01000000000000000000000000000000
00000000000000000000000000000000
00000000000000000000000000000000
01000000000000000000000000000000
10001000000000000000000000000000
00000000000000000000000000000100
01000000000000000000000100000010
00000000000000000000000001000000
00000000000000000000000000100000
00000000000000000000000000000000
00000000000000000000000100000000
00000000000000000111000000100000
00000000000000000001010000000000
00000000000000000000000010000000
00000000000000010000000000000000
00000000001000000100010001000000
00000000000001000010000000000000
00000000000001010000010000000000
00000000100000000000000000000000
00000000000000001100000000000000
00001100001000000000000000000000
00000110010010100000000000000000
01000000010100000100000000000000
00001000000000001000000000000100
00010001000000000000000000000000
01101110010000000100000000000000
11000110100000100000000000100000
00000001000000000000000000000000
00000000001000000000001101000000
00000000000000000000000011000001
10100000000000000001000001100100
01001000001000000000011000000000
00010000000000000000011000001000
00000000100010001001010000010001
00000000000000000011010011000110
01000000000000000000010011000100
10000000000000100000000000000101
00000000011000010010001000000000
00000010000100000100000000000000
00000010000000010010110000100000
00000000100001000100000001001000
00000000011000010100000001010000
00010100000001101000100000000000
00000001100000000000000100000000
00100010001110100000101001000000
00101001010001001000011010000000
00110000011100000000000100000011
00111000000000000000000000000001
00000010000000000000000000000000
00000000001000001010000000011010
01010100011000000100101000001110
00010111000000000001000110010110
10001100100000000010000011011000
00000000000000010000100000000010
10010010011000110100011010110100
01000100100001001100001010010001
00010000000001010011001101100011
00000000100011100010010001010000
00000000000000001000100000001001
00101000001100000010000101000000
01000110011011000010100001010000
00000010010110010010001010001100
10001011101000001100100100000000
00010001110010100000001000011010
01100111001001100010011000000100
01000110111000001110000100000001
10100011001110000000100000100000
10100100000001000000000000001000
00011000100000000000000110100101
10111010011010100110000000000100
01001000000101100001000000101001
10010101001001000000000010010010
10000000010000000000011000011001
10110010000000100001001001000101
10100000110101000011000001000110
11000101000000010001001110010110
10010000011000110000101000100100
01000110010100001100101110011101
01000010000000010100100110010000
01001001110010100010000010101100
01010000010100000000000101011101
00110000100100111000001110010000
11000001010001000010101110110110
00100110000101000100000101100100
11001101101010000011111011100001
00110001100100101000101100011011
00111011001000001010011000100101
00000100110110010000100000000000
00000001000010001101101101011000
00000011000001101111111000011110
00111000001011010001010010111111
00110010110000110001000000011110
01000010000000101101011000100011
10010000010001111000000011110110
00011000000111011100000110010011
11010000000101100000001001010011
00000100101001001110000010010101
01010101001011011100001000010001
11000101011110100100100100010000
01000101100111010011111001010100
00100111010101000001001010110011
11010010000100000100110110000010
01001100110100101001011100111100
01000111011001001110000000011000
00111111111101000100010110110001
00111011001000011110101000100000
10100110001001001100100010000001
01111001001010010000101101001100
11000100100010000000100001000011
11111100010011101111100000101101
00011000000001000100000101000011
00100010110000101011011010001000
10110001101100010010110001100100
00111000001100011001110101011011
11010111101000011110001110010101
00100001010101010100110001000110
00000100000001010110101011111111
01010011001101100010010011101110
00000011100111010100000101011101
01011100011111111010110110010000
00010000110000011100000000110000
10100100111010000010010011011101
00100101111000101001011111100000
10001100100011100110101001000001
10111001111110101001110100100010
11110001101000000100011000011000
01001000001001001010111100010010
01010110100010111001001110010010
11000001101010100001011010011110
10100100001011010001100011000000
11100010100000010010111000111110
00010000011000000011011100110111
11000110111001011011110000101011
01010100010100000101000110110000
11111000100101110000011001111101
11000100011000011011010010000100
00101110000011011111111101011010
01000110000011100100000110100000
10001110011101000010000001000001
01001111000110000101000111111011
10010011000010000011100101001000
01001100101110010100001111101001
00111101001101000111011000110100
00000011010110010110100010011110
11111100001000111001011110101100
01000001110011011011100000000010
01001001001101010111110000101001
11100110100100010010100010001011
10010010101001000010001100110101
10001101100101000101001000010001
10000000100010100100111000101100
01111100010100011010100000110111
01110100010110010011001101011001
11000001101000101001110001010110
11011111011001101000001001001111
01001010010001001110101101001111
11101010001110100101100010010100
01111100011001100000110100010100
00100000000010001100100100111010
00010110111000100010100110010001
10111111000111000010101000100000
11010000011010100101000110100011
11101100001100101011000001101001
11001100001000000010100110010101
10010110100001001111000100010001
11110010111100000010011010001110
10011101111010001101011100110010
01110011000111100110111011001111
00001000011101101010101000010010
01101100110111100010110001000011
00011010100001010000100010001110
10110111110000110110001011000100
10000110001001010100000100100100
01100110000110110101110001100100
10110000111000101111101101111010
11100101100001111100000100000000
11100011011001000101100101010111
00101000010111100001111000000000
00000010010010000101000000111011
10010110101110111110100011000110
11110101101000101010001101100011
11000100010001010011111111110100
10001000110001010000010101000000
00111100111101010001110010001100
11110110001000000100001110001110
01100001000011111000111010011010
01001100011000111001101001011110
00001110101100100001001101100000
00100001010111001001000011011000
10101010001101111000101011111000
01010000101110001011111010110111
00110111101110100110000010111010
11110000011010100010010010010000
10110111010111100010010100010010
00010011000110110000101001100110
00100011000101110001000110111110
10000101000101010000000010001100
01010101001001110000110011101100
10100011010000010111111000111000
00001110000100100010100010111000
11110000100111001011000010110010
01101000010111000011010011001100
00110100000011001011111010111101
01101010001001010000010100001010
01000001110001010001001100001010
10111000100100011101001101110000
11011001111010101101101111001111
11100001000111000110010011001010
11010100110011100101111001101101
10101001111111001000010111001001
01010111010010011001011111111101
10010101100001111101111011011000
00100100100100101110110001101000
00100011100100101011111110011001
10010101101100110000111101010001
10100010101110111110000111110000
01010011010011000110110000101000
11101000010111001100000100001011
11000010100010001101111111000100
00100100110001110110011000110000
00100100001001010100110011010111
10100001111001110000111010011111
01001001110010010001110000110011
10001101000001101101001011010110
00000111100001101101100001000110
01100101111011011100000000101000
10011001010010000100001100110011
00101100110110010010101000000010
00001110110101001001111101011101
10111111101010110011001010010110
10000011010100001100001100010000
10000110111010100010001010010010
11010011001010001010010010100110
01001001101100100101011100000010
01100000100000101011101001010101
00000111001110010011101110000010
00001100010000011111100100001110
00100111001011010010111100110000
10000111011100011100111100100101
00000000000001110000100110010001
11001011110000010111011100000100
01110010000001001111110011010100
10110100110001001011101100011011
00011010010001111101011000001000
10100000111001010010010101001110
01011011000101100111000000011110
01000000010010000000101101011001
00110001000100000111001011101001
00010110011010110000001011011011
10111010101111111001100000011001
11100000110001100010001011010011
01000110110010101000011111001000
11001111011010010000111011011100
00100110110101100011011111011000
00101001110001100000100101011000
00001111101010110011010100000000
01001100111001011101000110011110
11011011001110111001111110010000
00110010010001101000111010100100
11010001001101100100001111001110
01111101100101110101101000000110
00101000001010100001110100010001
11001101101000111100001111101110
01010010000100001111000100010101
01101011001001110011000000011001
01101010110100010001001001101010
10101000110100111001111101011011
01110010000100011110000111000001
00110010101101001011011100111111
11010011110100110100101010011111
10010111101111010100010101011000
00110010101011101110111001111100
10110100001101011010100101100000
00101101100010000010010101010101
11001111000101010110100111101101
01000101011010100111101011001110
00001001010110000110001101011010
10001111001010000011010100010000
01110101101110011000101000011110
01101100011000100000010110011001
00001101000101111111100001110010
00010000110101000010001000001010
00100011100110011011011100000010
11101000110010101111000110000111
10110101000111000110101011000010
10000000101000101111011001010100
00111100101000110110101100100101
01111101000001110011010000001100
10010001011001001111011010110011
00110011001000101101100110110111
10101001011011000111010000000010
11001011100100010000101001111111
11110100110100000101011010100010
00110010110001011110001001000110
01111101101011100010101101000010
01000101011001010101110111110100
00101110001110000111000111010011
00100010000110110001101000110110
11001011001000101010000001100010
01000000101011000001011100010100
11111101010001000100111010011101
01011100000010100010111100010010
01000011100011111100000010011000
11011100010001010111011101100111
11001000111011011010100100000000
01100100011010100011010100000001
00000110100010010001000110100001
10010001101001010011001011101100
10010111011000110110001000111100
00000010010101111001101010001000
00001001001111010010100001110101
11100010010011010101111001110001
01101111101000101011100100110000
00010000010011110011111000100000
00111000001000001111001110100100
00101110101101101011001111100001
01110100010100010010011101110000
01110101001011011100101100000101
11001110011100101010111100101110
00101011110101000110110000000110
00100010000011000010001001010101
00001011010101000011001110010100
01100010000001110110100001010000
00110110010110100001001000011111
10100001010011111100010010110100
01010111000100011000001101110001
11000111000000001111001010101100
10101101101000011100100001000011
11000011101001100010001001101011
10000000111010011000010100101011
00001101010110101010111000100010
01010101011101011101011000101011
01001011101101110101001101101110
00000101100010000001001001100000
00111111100101100111011101101000
01011111101110111100000000110111
11101111101101100000001100110101
10010100101000011011100011100010
00111010001001111001001111100011
00001001001010101100010111001100
00111110010101011110110101001011
10101101001101010100001011010101
01100110011111101100111011100000
01001010011100001110010100010110
01001100000000001001010010000001
11000110100100011100110001000110
11101110100101011101011111000110
10000011110110110100011000011001
00110001100001111010100001001101
00111000000100001100111001110011
01111110100010100100101100011000
11000010101111110100010001101100
00100011110001111100010101111111
01000100011001010100010100111010
00100010010100001110011111011111
10000000000100000011010010100100
10100011000100111001011100001000
01111010001100000000100101101101
11000111111100111000010101010000
01010000111101100110110011111001
10000100001100111101010110000010
00101010101001001101010000011000
10101011001110000110101010001111
00010001101110111001001110000000
01101110001000101000010001111101
11001101100001101010100000001000
01010001011110101000001001001100
01110101110001100011110100011010
00111010100111010111010000101111
10111011011111011110010001010010
01010110001000000100110001001101
10100110100011001110000000100010
01001111111111100000010000010100
01000110001011110000111110100110
01111101000111001011010101011000
00011011011001000000010000010010
11100111011100010110111100100010
11010110001000101001101010110110
10101010011011011110101010010010
01110000011011000010010100001001
10100101100001110101001100000010
11001010001000101110111001110010
10000010001100000101111100000000
01010110000100100010111010001001
01101000111100110101101000011110
10110100111101010111101001110110
01110000101111110101001101110010
10001101110011100001000110001111
10001000001001000010100010010101
01100110010010111100111011010100
10101000001101110101111110011000
00001100100000000000111111110110
01101011000100110101101000111111
00000111111111011000010001110110
11111001010111000010110100111010
00001111101000010101110100100100
00111100100010001101000010100101
11000010000001110100111101011111
01001011000011000000000011010001
11010101110110010001110111001010
10101011010011011111111101001001
00100111000011000111011010111010
00110111011010001111001011110011
01011111110110110110111111011110
10001101001000111111001011001011
01110000001110110100110111111111
01011010100111110010000001111001
11010101110011110000001111111110
00101011111101001011000000011000
00110111011001001001010011011111
11000100100001000001010111011010
01001100110001110010110101000010
00001010101111001001101110101001
00001100001100111001100101111110
01010010111110001010100100001100
01000010100000101011001100110000
11010011010100010010111001100110
01011101110000011010100101010010
00100011110101000010110101101001
10001100011110001101100101011111
10111010101000110010111001100000
11111010010110001110000001010000
11010010100000001110101001011100
00011101100111011001110010000001
01001101101010110000111101101011
11111010100000001111010101000101
11110010010010001010001101011111
10011001101101000110010100100110
11100000010111000100000101010110
00010110100100000000100010100010
00101001111100100000001000101010
00001001010100111000110011111000
00011011110110000000001100110110
00111000100110001011100001100001
00100101000010100011110100100000
11000010101011100101010101101100
00000011001100000011100110010010
01000111101000111111100101010000
01010111000101011101101100010010
01110000000000100011111100010011
00100010101011101001111001001100
10101110001000100000010010010001
10101110101011100001100010011100
00001101010101110001111001100001
00000110100000011111000011011010
01100001011100101111100001111010
01011000000010011111011100000110
10101011110010011111011010101101
01010010110001011110101001111010
01001101010100100000101111011010
10000110001011010000001111010011
00100011010100010100010011001110
00110100001111101010110101001011
01000011100111100011000101000011
00101000011001001101110000000010
10110011100000100110010101000000
10000111101100111001000010100000
11011100001000010001101110100111
00111001111010100101111000000100
10101111110100011100011010101010
00100100101011100111001000111000
10011000111100010101011000000001
00010010010010010001000011110100
00110100101101110000000000101011
11110000100101101000000000100001
00111000111000111000011010000111
00000111000001000010100010010101
11100100110001011010011100100111
10001010011110100100000110111101
00101001001111000010001010101001
10101100010010100001100101000110
01101110010001101000101100111110
11010110010000000011010010101000
11010100010101010001101001110110
11000100110000001100001001000010
01011010000101011100001101000010
01000110001001000011110000100001
11101001101000000001011001001100
00111111010011010110111000100000
01000001000110001000010010101000
10000111001010010001111010101011
00110010010011100101101010111000
10010000100000001110110001010000
00000000101000111011111011000100
01010110110000101101001001010001
11000001100011000000111000100111
00110001100110010010001011000101
10100100001001111001000000101001
10001001010111110000101100000001
00101010000001111000000010011010
01101000001001100110101000110011
01000001101000000001100101101100
01110000001010000100000011001010
01100100001100001101110101000100
01100000001000100000010011010000
01101110000000001010000001100001
01111000000000000111000111000010
01110011010101000010110111001001
00001111000000001100010000110010
00111000101000000100111100100011
10000010000110100001001000010101
11011000001001011001110000010100
01101000010001100001010011100111
10100000000000000100000011000111
10100010000001000000100000001000
00000000010000000110011000000101
00101010100010011000000001100111
00000010010110100010110110111011
01000000100001000010000001100001
10000000010001000100001010010110
00000100000000101001000000000010
10001110101111000001010011100000
10100100011100000011100100100100
00101001000010101000010011010000
00100110000100100000100001000100
01000010010000100100010010110000
11100001110001000100010100001000
00010101000000010010111000001010
01000000100000000110110010000010
11000101000000101000001001010000
00110010001000010100111001001000
10001100011101010010100010000000
10010100010100101110001010100000
00000010100001000010000000100101
01000000000100000000010001000000
01001000000000000011010101000001
11000010010000110000101000000010
01000001000010100010001001000000
00000010010000011000100010010000
00000100101000100000010000100000
00100000100000100000000000101110
00000100010000000011000010110000
01011100000000100010000100000000
00000100010100100010000001010000
00010010000000001100000001000000
00100000101001000110000101101000
00000001000000000010100100000000
00010100101010100000000000000000
01110100000010101000000100000000
00000010001000000001000000000000
10011010010001001000010000100000
01110000000100100001000010010101
01000000111000000001000000000001
01000000001000000000000000010000
00000000000000000100010000000000
00100001010000010100101100010010
01000000000010110000000000010000
00000010100000000000000000000101
00000000100000000000010000000000
00100000000000010000000000000010
10000100000001000000000001000000
00010000001100000000000100000100
01001000000000000000000000010000
00000010000000000001000000000000
10000000000000000000000010100000
00000001010100010000000000000000
00000001000000000000010100000000
00000000000000000000000000010000
00000000000000000000000000000000
00100000010000000001001000000000
00000000000000000010000000110000
00010000100000000000010001000000
00000000000000000000000100000000
00000010000000000000000000000000
00000000000000000000100000000000
01010001000000101000101000000001
00000100000000000000000000000000
00000000000000000000000000000000
00100000000000000000000000100000
00000000000000000000000010000000
00000000010000101000000000010000
01001000000000000100000000000000
00000000000000000000000000000000
00000000000000000000000000000000
00000000000000000010000000000001
00010000001010000000000101000000
00000000000000000000000000000000
00000000000000000000000000000000
00000000000000000000000000000000
00010000000000001000000000000000
00000000101000000000010000000000
00000000000000000000000000000000
00000000000000000000000000000000
00000000000000000000000000000000
00000000000000000000000000010000
00000010000000000000010000000000
00000000000000000000000000000000
00000000000000000000000000000000
00000000000000000000000000000000
00000000000000000000000001000000
00000000000000000100000000000000
00000000000000000000000000000000
00000000000000000000000000000000
00000000000000000000000000000000
00000000000000000000000000000000
00000000000000000000000000000000
00000000000000000000000000000000
00000000000000000000000000000000
00000000000000000000000000000000
00000000000000000000000000000000
00000000000000000000000000000000
00000000000000000000000000000000
00000000000000000000000000000000
00000000000000000000000000000000
00000000000000000000000000000000
1deg=19968
deg tmp = 31
128 bit k-distribution
k(1) = 19937
k(2) = 9967
k(3) = 6645
k(4) = 4984
k(5) = 3987
k(6) = 3322
k(7) = 2848
k(8) = 2492
k(9) = 2215
k(10) = 1993
k(11) = 1812
k(12) = 1661
k(13) = 1533
k(14) = 1424
k(15) = 1230
k(16) = 1072
k(17) = 914
k(18) = 914
k(19) = 790
k(20) = 780
k(21) = 780
k(22) = 780
k(23) = 780
k(24) = 780
k(25) = 156
k(26) = 156
k(27) = 156
k(28) = 156
k(29) = 156
k(30) = 156
k(31) = 156
k(32) = 156
k(33) = 156
k(34) = 156
k(35) = 156
k(36) = 156
k(37) = 156
k(38) = 156
k(39) = 156
k(40) = 156
k(41) = 156
k(42) = 156
k(43) = 156
k(44) = 156
k(45) = 156
k(46) = 156
k(47) = 156
k(48) = 156
k(49) = 156
k(50) = 156
k(51) = 156
k(52) = 156
k(53) = 156
k(54) = 156
k(55) = 156
k(56) = 156
k(57) = 156
k(58) = 156
k(59) = 156
k(60) = 156
k(61) = 156
k(62) = 156
k(63) = 156
k(64) = 156
k(65) = 156
k(66) = 156
k(67) = 156
k(68) = 156
k(69) = 156
k(70) = 156
k(71) = 156
k(72) = 156
k(73) = 156
k(74) = 156
k(75) = 156
k(76) = 156
k(77) = 156
k(78) = 156
k(79) = 156
k(80) = 156
k(81) = 156
k(82) = 156
k(83) = 156
k(84) = 156
k(85) = 156
k(86) = 156
k(87) = 156
k(88) = 156
k(89) = 156
k(90) = 156
k(91) = 156
k(92) = 156
k(93) = 156
k(94) = 156
k(95) = 156
k(96) = 156
k(97) = 156
k(98) = 156
k(99) = 156
k(100) = 156
k(101) = 156
k(102) = 156
k(103) = 156
k(104) = 156
k(105) = 156
k(106) = 156
k(107) = 156
k(108) = 156
k(109) = 156
k(110) = 156
k(111) = 156
k(112) = 156
k(113) = 156
k(114) = 156
k(115) = 156
k(116) = 156
k(117) = 156
k(118) = 156
k(119) = 156
k(120) = 156
k(121) = 156
k(122) = 156
k(123) = 156
k(124) = 156
k(125) = 156
k(126) = 156
k(127) = 156
k(128) = 155
128bit D.D:  18397, DUP:  107
64 bit k-distribution
k(1) = 19937
k(2) = 9967
k(3) = 6645
k(4) = 4983
k(5) = 3987
k(6) = 3321
k(7) = 2848
k(8) = 2491
k(9) = 1872
k(10) = 1872
k(11) = 1812
k(12) = 936
k(13) = 936
k(14) = 936
k(15) = 936
k(16) = 936
k(17) = 922
k(18) = 624
k(19) = 624
k(20) = 624
k(21) = 624
k(22) = 624
k(23) = 624
k(24) = 624
k(25) = 312
k(26) = 312
k(27) = 312
k(28) = 312
k(29) = 312
k(30) = 312
k(31) = 312
k(32) = 312
k(33) = 312
k(34) = 312
k(35) = 312
k(36) = 312
k(37) = 312
k(38) = 312
k(39) = 312
k(40) = 312
k(41) = 312
k(42) = 312
k(43) = 312
k(44) = 312
k(45) = 312
k(46) = 312
k(47) = 312
k(48) = 312
k(49) = 312
k(50) = 312
k(51) = 312
k(52) = 312
k(53) = 312
k(54) = 312
k(55) = 312
k(56) = 312
k(57) = 312
k(58) = 312
k(59) = 312
k(60) = 312
k(61) = 312
k(62) = 312
k(63) = 312
k(64) = 311
64bit D.D:  12366, DUP:   49
32 bit k-distribution
k(1) = 19931
k(2) = 9967
k(3) = 6644
k(4) = 4983
k(5) = 3120
k(6) = 3120
k(7) = 2798
k(8) = 2491
k(9) = 1867
k(10) = 1867
k(11) = 1789
k(12) = 1249
k(13) = 645
k(14) = 645
k(15) = 645
k(16) = 645
k(17) = 625
k(18) = 625
k(19) = 624
k(20) = 624
k(21) = 624
k(22) = 624
k(23) = 624
k(24) = 624
k(25) = 624
k(26) = 624
k(27) = 624
k(28) = 624
k(29) = 624
k(30) = 624
k(31) = 624
k(32) = 622
32bit D.D:   8511, DUP:   18
