mexp = 19937
filename:resX78.19937.magi03.060820.07.txt
POS1 = 120
SL1 = 18
SL2 = 1
SR1 = 1
SR2 = 1
MSK1 = ffefef5d
MSK2 = ff25ff7d
MSK3 = eebfefee
MSK4 = fabfdfff
deg poly = 19937
10010010010110110001100111001000
01000111000111111001110100101011
01010000111101001111010111110111
00010110001100110110100010000101
00100101010111111101010100011011
01000011010110010000100011011001
01101011010101111001000110100011
00111011011010101101010110001010
11100101000111000110000100101101
11100001101011000010110001001000
01100110101101010000100000001111
11100111110001101110100000001111
00110011011010111000001101001011
01111101110010111100000111101101
01111001100110010100000101101000
00011101111010011101011001100100
10000001111100100001101010111010
01100110010011100101101110111011
00100011011101000010111111111000
10100000011100101111000111000000
01000110011001000000101101001010
11101000001110100111101010110100
00000101101111001000100100101110
00111000101001011001101010010010
10000011110011101011011111011101
10010100110010010110110001010010
01000000010111011001111101110001
01100111111010010111110110010011
00100100011011000101110101110000
10001110110011101000011100010000
10101100000011000011111101101011
11110001101110010000001011011111
10100011011100100110110110110101
00001111110101101011100010101111
00011000000000110011101110110101
00001100101011010000100100011111
01011001101010110010011111001100
11110011101101010100110010101000
11111100111111100001011101100011
11101000001101011000111100101101
11110011111101100001001010101010
11110010110001111101111100000111
10100100111110010100100100000101
10111000010000100011001000000111
10010000000010001011110010101111
01110111000001001100001110101001
00010001100010100101010001100010
11000111111100110000010000011010
01101001011111100100011101000101
11110011101000011110010101110111
10100100001010001111101111011100
01111111001111111101101110001010
10110000011000000001011111111110
01001001011101100000111000000001
11110100010010101000111011100101
10101110100111110110110110110010
01111010100110001010001110110010
01011000110010101000110101110111
00100101101000110111101111100100
11100011001001000101110101000111
11110100110111111011110100010111
00011001110001101001000100110110
01100001100011000100000111110011
11001001010100000011000000110110
10100101110000010010010001100000
10000010111100011010001111100101
01111010011111010011101010011010
11000111111000010101100111111011
10001101111111000100110011001001
00111011001100000001010000110001
01000111011000001010100001111000
01011111000111001000000001001010
10011010100100010011011110010100
11110000001001001001011001010010
01000100011100010111100101111101
10110100111011111100000010100111
10100100001101101011001000101001
10000110100011111011011000011000
10111010010101011001010010011001
10111010000011011110110111110110
11010100010010101010010111000100
10001001011010011000100000110110
00100001110010010001010100011100
01100001110001000110011110101100
11001111111000110010000100111111
11111000001001001100110000111001
11010001100110111101001001100010
11111011010100011110110001001010
11100110100011111111100111001100
10001101101111010000010101000100
10111000100010110001110111111110
01101110111100011100110110010101
11010001111000011011101001000100
11100111000010000000101111001011
00010010101010111010000110000110
01010000010001110000110010011101
00011110001100110010010101001110
00000000001000010010110010011011
11111011001011101001111110100110
00110111100100110011111100111101
10110010011011111110111111001000
01111100000110101100100001010010
01011101110001001100000100110010
00111000100000100000000111010010
11000101101101000011110001101001
00111100101010000000010111011111
10011010101111011100100110100011
01010100111001111010110000100011
01001111000101011101000101101001
11010110001001110001100110101110
01000011110000011011111010011101
10101100101000010100101111111000
01110000000100000001000001100001
00011101001111110110001000001011
11100010000110110000100010111100
10101100100110001000001100010011
00011111010001110101100001001110
11110110010101110111100011011110
01111000010001001011101000100001
11111000010110101000101100010100
01011110100010100100001111100100
11101000110011100000000000010100
00111011100101100010010110000111
00001011000001011111011000001110
01011101100011100100010000010001
00001000000000111011101011101001
11101001010011110010000001111101
11001010100000110110001110111111
00101001100101001110101001011110
00101010000001110001000011111101
11101100001100001000001110100111
00001010000010011000011010110110
00100000010100011100011010010011
11011100001000101001011011111000
11111100001011111001100111100011
01101010010110100101000110101000
01101110110100001010001001010100
00111110000010010001110111111110
11011010010011110011010001101101
11001111100111010101010011010111
01000001111101001010011010010010
10011100111110000101001011100001
10110101100100011110110010100111
11010110110110101001100101001111
00010000010001110011110011001100
11110110101010010000111011001111
11110010011111111111101011000110
10101110101110101100111000111011
01100110001001110111011100010000
11111010101001110101101100000010
11010110010011000111101011100110
01111100110001010010010101101110
10010101011010111011010101101011
01000010010101011000110011010001
00011111011000000001011000100110
11001001101110010100110010010110
11110111000010010010111011110101
10111001110111111001001101011100
11001101110110001001101000101111
11111101110000101001111110110010
11000100000100111000001001000010
01100100000001000011101001010110
11101011001010011110000011100101
11001110101001011110100111001100
11100100011011111110000100110110
01000110111110010110110001100111
00010110110100100000011111101000
10100000100100001010011001011000
11100100110100110100111011100011
01011101111001100011100001100110
10010111111111111011000101101100
00110110110111111101100000101101
01111001011110110101101010001110
01001000010100001011111101111010
01000101111101111111100010001101
00111111101000001001001100010011
11110111101010011100010000101101
00110010011011100110011101111100
01000101000001100011111110011000
00010101010110101101010110000100
01010011101000101000100101010110
10101111000111111111110101110110
11010100100100101100001011111010
10001011011100111000110100011100
00011001110001000011001000011010
10100000000111000010110101110100
11101111110010001100001111100000
11000010110011100001001111011111
01101001100010000100001101101001
10110111000001000000111011100100
01011001001011110111000010100000
10101000001101001101000111001110
11011010100001111010111111110011
01101111000000110011111011000001
01001000000101100011110001101011
01101011100010111110000100010001
00011010101100101001100111100000
10100011111101100010111011101101
00000111011001101001000111100001
10110010111011100001000000010110
10010101011001010111101111100001
11101101010011111010010100110001
11100110000001000010010001011011
01110011000110111011110101000100
00111001001110011010010110010111
00111011110101000000001100000011
10100101110010000101110001011101
11110100100100011110010100011001
00111101110010000101101000100001
01000100011010110111011001110111
01110101110010000101101100001110
10101001111010011010011011110011
01011001101111011101000110101100
11101010110001100100110001011101
01011010101110011111100010111101
11011000101010111111001000010101
01010001001010001110100010001111
10100100001110101001011001000110
00011010001001110010101101000111
10111000000100111101110010101000
11101000010101101010101101111001
01110001101011100111101110010010
00001001011101001001111110111010
11001011110100110001001101011100
01110011011011011101011011100101
10011000010110001101001101100010
01100110111001100011001010111001
10000001111001010010010001110111
11000010000001001000010111101000
11001001000100010001000101011100
00010001111000101111101000100110
10001111000111100111100001011100
00101011011110100100000100100110
00110111011101001001111010100101
00110010010100001110011011101100
00101100110101101000101001110000
11000011110111100010011000101111
00000001101111111111101010100111
00101110000111100101010001001001
01111101010010010011000110111010
00000010100011111111001100010100
01000001100101000000100011011110
10101111101010100001110100110000
00001011011001010001100101100000
00010110010111000001001011100000
11100000111011001010111100101110
00100010010100000011111101111000
01101100100000101111101010100100
11111001101010011100000001001101
10001111000100000000101100010101
11110011011001100011011101011000
10111011011001000010011001100101
01000101111000010100100001001101
10110111100001001111010011011000
10100101010000111101011011001010
01001010010000011101100100011111
00110010111111010011011010101110
11011100000011111100000101111101
01010000011101001100001010101111
01000001001001001011000100101100
00111111010101000011010111101101
10101110010010010001100100001101
01111000000110010001100101001100
01000000111000011011100100001110
11000100101010011100010001011111
01001000110100011101101110010111
01110100101101011010011111101001
10001110010100001111001100100100
00100011000011000000111010101101
00011100110000011111001111110010
10001001001011001010100000000101
00110000011100001000011011010110
01000101111111100000001001110111
00001001101100001011101011110010
11111000000000001011011000000011
01010011011000101101001010100011
01101110101011100111100011100001
00001000110111100011100010001110
10000100001001110000111011110100
10001010110100010001110100111111
01110101010111000010000010110000
01010111101001101101010011011101
11110001010000000111001001111011
00000111100001101101010101000011
01110100101000011001000001101100
00111110001000100000111101010100
10010101111110110001111101001100
00101000010001010001110101110101
00000100100011000001000001100111
10000111001101010101110010011011
10001011000111011011011001001011
10001101101001111010010000111110
00110000100010101110100111110001
10111101001011010001100111100001
10011011011001011011000000000010
01011100110011010001100111010010
00010101000101011101001100111100
11100101100001110111011111000000
01100000111010010000111010010110
10101000011101000100001001100010
00101010101001101111011000011110
11001010101111100000010110000111
01001110110100010000101010011000
00001101000010111010000000010101
00000011110000100001000011010100
01100110101011101100100001011011
10101000110001010101100011010000
11011010010000011100101110111010
10110001111111001111000100101110
01100000001011011110011010011100
00010101100100011011100101011011
11100010111001100111001010011011
10000101101000010110010000100000
01111011001000000100110100010011
00101110110010111100111111100001
00101100100000111000111110110011
00010011011010010101101110100010
01011000111110100110100011100001
10110010001001100110111100111011
10000100111101110011110100100010
00100110100001101111011000100101
10101010101100001101100100110010
10110010011000001110000101011111
11010101001000100000001000111010
11110101100000011001110001100101
01000100111001011000000011110001
01111110000101101110101001111011
01010000111111001111000110101000
11011100011010011111011010001111
10100111100100010100110100001101
00010101101101010011101010011101
01110011111011001011101011001011
11110011011101101101011110110001
01011001100001111011110001101110
01100111011100111001011111011011
00011010011110000111010001001101
10100000010110101110010010010101
01001111110001010101010100000011
10111100101011010010111111011100
10001111011100001100011110101011
00100111010010001110100011001010
11010101001111111110100010011101
01011001001001110010111011101000
00000110011100101110000110011011
01101001000000110100011110011001
00011101010001110101110011111010
10011111010101001110011111111111
10010111000100000011101000000000
11110011001100001001101001000110
11110000010100011001101010010010
10001110000001101000110111010111
11100100101100100011001101101111
00100110000001001110100010100101
11000101110110001001110100100101
00010010011010111010100000011010
10010010110110100011001110100010
11000000110111000000101110011101
11010110101000101110001101011100
01111011111011010111000110011100
11000100100000000111110011011011
11011101011111110001010011110011
10001111101101010000011110011100
01100000011101110011110110001110
00110110101011001111100101000010
11001000010110111110011001010001
10111100001000010011011001110010
01101010011111011101010101100001
01001100011000001001110011100010
10100011010111101110001100101110
11110010101001001100011100011101
01000011010101010101110011000111
10000100110000000101001110000001
00010000111011110011011111001010
11101111110110010000101111001011
00100100111010111000001011010100
10010111100000010001101101011110
00101001111110001000110010000001
10001001011111010001000110011001
00011111111110010010101110000111
10010111110111110111111000011100
01000101010010101100011011101110
10010010000001110000100011101001
10011010110101000000011001010010
10000000011101001100011101100111
11101001101110011010010111110110
10110101101000001111100010110100
00000000100010010111001011011010
00110100110100100111000100101111
00101001110001101000010111000110
11001110011111011111110101011000
10111110001010000111100000000110
11111110100110110001110101000110
11011010000100001110111101001011
11100000010110110010001111000011
11110111001011010000010011111010
10000001101100000000101101110101
11100110001000000000101110010101
11011101010010110001100001111110
01011100110101101111110110011001
00111000000001011111111111110011
01101001101111010000101100000100
00011001001100100000001000100101
11110100110111111001101110010101
11101000101011000100000000010111
10000001111101110110101101000101
10111100010011010110100010100011
11100011001111110100111101010000
00011001011011101010000110000001
01101110001010000011001100001111
10111110101001000111011110011110
11110010100011100100110100101100
01000111001000110010000111111001
01000010101011000011001011010111
10010000111010110101011110111101
10001101011111000101101100011100
10011110000111111101010100011100
00000110000001011101001000111101
01001000011101011010110000001011
10100001100100001001100111000110
00011110011110001111010000000001
11000100110101111001110110000010
00101000010001001001001100100000
10111111011110101110111011101111
01000010000011111111101000111100
10011101010000010010010010000101
11001011011011000001011101111101
10000101100010111101101101000011
10100000100010111111010111000000
00000001111110110111110001111101
01000011101000000100011110111011
10100000001111110101001100100101
00001000110100101001101101110101
01000111010000111011001111111011
10001011010111110110110010100111
00100001101111000011011111100111
10001111001001111010011110001110
11100001110101000111101110010101
11101110101000000001011001010101
11010111011111010001111000000001
01011001000101001001111100100001
00100001101011110110010010001011
00011110010010110101110011011100
11110000011100011010011011101011
00101111011010010110010001110000
00011010010011011011010111101011
01010010000001010110111110000100
00001100000010001110101001001001
11010101110011101010011111000011
11101000110010010011111100000001
01111101000100101111011010000000
01100100110111000010101000010101
11110010111001010010110011000001
01110010111000001100000100100111
00100001010011110000001000010110
00110110010101100010110000100100
01000111000101100111101011111011
10110000001010001000001110010011
10011111101101110000001000001010
11000010000110111011010111111010
11001000110010001000001101100010
10101010011011011100110010101001
00010111111100010001100111011101
01101111110110000110111111011100
11101000010111010100100001110011
10100111010100000011111110000100
00111101011010101101000010111100
01000000000010100101010001000100
11011110010001110011111011000100
00000100000111000110001110100100
10110000011100110000101011111100
00101111001010110001000101101111
01001000111010001010000010110001
00100011101101001010110000011010
01011110001110010011101011101010
00010101000011001010010011111111
11100001111111010111100111101110
10100010111110011010100110000011
11111101010001000000011111000011
01110110100001010101010010111110
10110110111111010101011110100000
01100110110011100010000111101110
11000100111100101110101011101110
11011011011110110010111001011001
11001110101011111010010011000100
01011100110111110001001111100011
00100001010010111100110100111010
01111100111110001001101111110001
10001001001001011100010010110111
00110000110110011001110111110110
11011010100110100111011111110010
10100101001000110000100110010100
10011101001110101000101101110110
01001110011010101001001000101111
01010111110111000000000101010000
00001010001010100100100111000100
01110101011010100101110000110111
11001101001010000100010110100100
00110011010110100011101011011100
11000010010100010110010100010111
11100000001000100111011100110010
11110110101101010011011111101110
10111100111111100101001010111011
00010001111001010001001010011000
11101100101000111111100010101001
01101001111011101110111111000001
10101010011000111010101101011000
11111110000010010100101010101000
01110111011010010001010101111110
00001001000010110111100011000000
11000100001101100000011111111010
00101000011001000010000110100011
11111011001001000010000100010111
11011101001101001111111010100000
11000010011101101110101000000010
11010001001101000100001110101000
11001000011011011101011101110101
01110011000000000100101010001110
01101000000111011010100001010000
01010100001110101111001100010111
00110110110011101100011101110100
11110010100101010100111000100011
00101000101101100111110000111000
11000010010011100100001100100000
01110000101101100011011000110011
10010101010100101110001101100010
11110100000100100010100111111111
10010010010011011110011000111111
01110100010000011011110000001010
11010011010101001010111110010110
10010011110000101111110100010000
01110010100011001000111110001011
01010101010100111000011111110001
00010011011001110000001101100010
01010101111011001100100101000110
11111101101101110101001101101001
11001001100011110010101011001100
00100111001000010001100111000001
01100010110001101101101111010111
10000110101001011001101111110111
00101011101010011111001100110110
01110110101001110010001000010100
00110111100010011101111010110111
10001000100101110010101001110101
11001001101100110010000100100010
11110110111011000000000001001000
10100111000010101111001111111001
10010000011111101111110110110010
01110011111011100001111110111101
10001000010011100100001000111100
01000111010000011001111111100010
10101101100110000111011100110100
10110100001111000001101010010101
10011000110010001001100101011011
10010001111111101000110010000010
10111001101100000111101111000100
00101001011011000001010010100110
00011110011111001111110000010101
01111001000001100100001010101010
10011011011110111010100011111010
01111011101111010101100100111101
10001100001011100100101111010110
10100011010111110000111010111110
00111100010011010101001010100101
00001101001101010010000001000111
01111111010001100110011010110110
11100001001110101010100011111010
10000111011000000011110110010111
00100010101001111101100111001110
11011100011110001100001010010001
01000000000100110101001001000011
00001010011111011000100011000000
00011000110000110101011011010011
11010000010010111111101010101000
01011010001000100101111010011110
01110010110101010100110101100011
01100011101100100100111010111001
01001001110010101010001000001110
11010101010111100101000001111000
01000001101011110011000101100001
10110111011110110100000101111100
00100101100001001100010111011111
00000101110100011110011001001010
11110000011111100101101110100011
01001011101011101110110110100110
01001010000010111110001001001010
10001010001011011010001111110100
00011000101000010101011101100010
00111011010011100110010101010100
11001000000101011010111101110010
01001101011001100110110100010101
00101011001101101010110000110100
01100000000111011110111101111010
11011111110000110100001010000000
10011101110111111001000011100001
01110010001001101001101000100011
10100000011101111101110101100100
10110110000000000110011101010110
01111001000000101000101011010100
11111101110001111111110110111111
00111100010110011011011110111000
01110010011000000010000001010110
01001111111001001000011100010100
01100001111101100000011111000010
11010111000101011001000110100001
11100000011011110111011011010111
01111001111101010001101101011010
10001111010101111000110101000110
01001100110010110011001100000010
10110110101011000111101110010111
01101110111000101011110011111010
00000100101100111110110100100000
10110110110111010010111001010000
01001101000011111010010011101011
00100100010101001000000001101111
10000110110010110010111111011101
01100010110111001000011010010011
00000101100000110010001111110010
11001101110111100110101010001000
11101011110011101100010001111000
00000111001110111111000001010001
11111001110110101001001100101000
10001010111110000000001010010100
11101000001111000110110111010100
11deg=19937
deg lcm poly = 19968
weight = 7067
10000000000000000000000000000000
00000000000000000000000000000000
00000000000000000000000000000000
00000000000000000000000000000000
00000000000000000000000000000000
00000000000000000000000000000000
00000000000000000000000000000000
00000000000000000000000000000000
00000000000000000000000000000000
00000000000000000000000000000000
00000000000000000000000000000000
00000000000000000000000000000000
00000000000000000000000000000000
00000000000000000000000000000000
00000000000000000000000000000000
00000000000000000000000000000000
00000000000000000000000000000000
00000000000000000000000000000000
00000000000000000000000000000000
00000000000000000000000000000000
00000000000000000000000000000000
00000000000000000000000000000000
00000000000000000000000000000000
00000000000000000000000000000000
00000000000000000000000000000000
00000000000000000000000000000000
00000000000000000000000001000000
00000000000000000000000000000000
00000000000000000000000000000000
00000000000000000000000000000000
00000000000000000000000000000000
00000000000000000000010000000000
00000000000000000000000000000000
00000000000000000000000000000000
00000000000000000000000000000000
00000000000000000000000000000000
00000000000001000000000000000000
00000000000000000000000000000000
00000000000000001000000000000000
00000000000000000000100000000000
00000000000000000000000000000000
00000000010000000000000000000000
00000000000000000000000000000000
00000000000000000000000000000010
00000000000000101000000000000000
00000000000000000000000000000000
00000000000000000000000000000000
00000100000000000000000000000000
00000000000000000000000010000000
00000000101010000000000000000000
00000000000000000000000000010000
00000000000000000000000000000001
00000000000000000000000000000000
00000000000000000000001000000000
00001000100000000000000000000000
00000000000000000000000100000100
00000000000000000000000000000000
00000000000000000000000000000000
00000000000010000000000000000000
10000000000000000000000000000000
10000000000000000001000001000000
00000000000000000001000100000000
00000000000000000000000000000000
00000010000000100000001000001000
00000000000000000000000000100000
00000000000000010000000001000100
00000000000000000000010000000000
00000000000000000000000000000000
00000000100000000010000010000000
00000000000000000000100010000000
00000000000100000000010001000000
00000001000100000000000000000000
00000000000000000000000000000010
00000010001000000000100000000000
00000000000000000000000000000100
00000001000000000100000000000000
01000000000000000000000000000000
10000000000000000000100000000000
00001010000000001000000010000000
00000000000010001000000001000000
00010000000001000000000000000001
00010000000000000000000000000000
00000000000000100000001000000010
10000000000010000000100000000000
00100000001000000100000000000001
00000000000000000000000000000000
00000000000000000000000001000000
00000000100000000000000000100000
00000000100010001000000000001000
00000000100001000000000000010001
00000000000000010000000000010000
00010000000000000000010000000000
00100010000000100010000010100000
00001010100010000000000000000000
00000100010001000000000100110000
01000000010000000000000000000100
00000000000001000100000000001000
00000000000010101000001000000000
10101000000000001000100000000001
11010000010000000001101100000100
00010001000000000001000100010000
00000000010001000000001000100010
00000010100000000000001000101000
10000000000000000010000000110010
01000000000000011011000001000000
00000000000000000100000000000000
00000100010000001000000010000000
00001100000010000010101010001000
00001000100000000000100000000000
00000001000100110000010100010000
00000001000100010000000000000000
01000100001000100000001000100010
10100000000000101000101010000000
00100000000001000101010000000000
00110001000101000100000000000000
01000100000000000000010000000000
01000000010000001000001000000110
00000000101010001010000010001010
10000001010010000100000000000011
00010001010001000001000000000000
00010001000000010100000000000100
00100110000000001001001000000010
00001000100010100010101000000000
00010010011000100000010000110001
00010000000100000000000000000000
01000100000101000000000010001100
11000000100000000000000010001000
10001000001000000010000010010000
00000001100000001100001100000001
00011001000100000001100100010000
00000000010000000010000011000110
00101001101000100010000000001010
10000000100000000010010100010100
00000100001011000001000001000101
11010000000000000000000000000101
00000000000010001100010000000010
10000010000000100010000000101000
10000000100000101101100001000001
01000110100000010000000011010100
00010000100100010000000000010000
00000000001111000100001000111000
00010000101010100000000010000001
10101000010001110000001000010111
00100100000100000101100101000100
00100000000000000101010000000000
10001101110001000000110010001000
00001010010010000000000000011000
10001101000110010000000101100010
00000000000111010001110101000000
00000001000001010001000000100011
11000100010010110000100000000010
10111000000000001010100110001000
00000001000000000011010100001000
00110001100100011000000001100000
10000000010000010000110011110100
10000110000011101000000000100110
01100000001011100001000110011000
01011000000100100110010010000010
00010000000100000000010010000000
00011101000000010111111001001010
01011001101110000001001100000000
00101010010010010001110000000111
00000111001000100100010001110001
00000001000000000000000001010110
01000000000100011110010000100100
10111000100000000100010000001000
00100000000100011000000110011001
01001010001100011100111100011000
00010000100100000000110010010100
00000010000001110110001001100000
00001001100100000010000000001010
00101001010111000000000101000101
00000110010001101001000110000001
10111000010000010110001001001000
00000100101111100000110010101010
10000100011011100000110000101010
00000001100000001100010101001001
01110001011000010001000010001010
00010101000001000001111000111001
01001010110111101101101010001011
10010011101000000100000010001110
11001100010001100111011000010010
00101000000100010111110011110000
00010110011001000100110101100100
00101101000001101000100010000100
00000100000010001000000110011101
10001100111010010001000100100110
00101000000001011100111110010000
10000101000101110110101101001010
00100100011000101010101010100010
10110101001001001000010101011100
00000111000101000011010000000100
10110100001011001001110001100011
01100000111000100010001001001100
11001110000011100000011010100010
10000000111110011000100010000001
10111101000100110111001001000010
00001000010100000101110000010100
00000101010010101000100100101000
11110000001010110001001110010010
01101010110001000010101011100100
01110111010101000010011000110000
10010001000000100010010000111010
00100010011101001011000011001110
11110010000001000111100010001100
00001000001001001111100001000000
01010100001000100100001010010001
10000001010000000000100100101111
01011010101101101000001011100010
01100011100011011000010000001100
00011100001010110000111100010101
00100010000010101000100101011000
10000011011010000010001011101101
11001111101000100100101001000010
00000000011100111110010110001100
10011010111111000010100100000111
11100101011011000001000010011001
10001110101010000001010001100010
00101100100111110101100101010001
01001001101011100000110000001011
01001001001010010000000100000011
00101011100000010101110101101001
10001110011000001111111111101010
00000111010000100010110001100000
00010011000000011010110000111111
00001100101101111100101011001111
00101100100111010100011001110011
00111001001100010010100010010101
01010110111010111101011010101001
10001101000110000100010100100110
01001111001100010010010100011100
10101001111010100110110111110000
01100010100010100100101111010000
11101000001011111110101010010110
00110010100101011111101111100100
00101010110011111100110100000111
00000000101111000110011010011001
10111010000000110011101001010111
11101010101110011000101001000111
10101011101101110001100111000010
00110000010100111110000101110110
10011011101101100000011011101110
10110110010100010111000110100000
01001101100001000100110100110000
10011010101110011100110010100010
00001011111101010100101000011010
10110010010100110010100000110101
00010011010001101110000001001111
01111001111110100011010010000001
01110001101111001111111111110000
00010010010000000011000110100001
00100101010000100000111110101111
10100110111001101010101011111000
00111111110111001000101100001010
11001111000000011011101110001000
01100000010001001010001110100001
00000010000110010101010010100001
10110101000100010110000001000000
10000101000101001010000101100110
10010101001001011110010100100001
00100111001011100111011000001111
00011110100110000110111000001011
00001001010001100001011011110010
10110001110110010101001000110000
00110110001111000010010010110101
00001001001001101110011011011000
10111000111111100001001110100101
11010100010001101100010010110111
01101111001010011111100010111110
00110110101101100010001001010011
10101000101111000100111101011001
01001111111011010010101001010110
11101000101111110001001101011000
10001000110110100111100000110110
10110111101000101011010110101011
00010111111000010100100101011001
10001111001101100000001101010100
10000111010010101001110010000111
10111000000101110010111000101100
11110111010100001010101100101011
00000100100111111011000000001000
00011001111011101011101011001010
11001000101110010001110111000111
01000001011110100100000011100010
00110011000111011100111000010011
10101111111111110100100110111011
11100101001111111011000100101001
00100100111110010011000111011001
11100010101101110000010100010011
01100010111011000001101101011100
01100110010100111000101010011011
11001011010011101111110001101000
01000101110000101101010011011010
00101011000110000001010001101010
01011001000101111011101011000101
10011101000110001001111001000000
11011101010001000110011011001010
11111010110111000010100010100101
11100111110100010011010100011011
10100010111111100100111000010010
01101110111010000010001001010110
10101101001110100111010100000011
00111001110011100011001000011111
11001101101010100110010101110101
01010011110001010100100110111111
00011000001001101100000000101001
00110010011001110001000110100011
11110010010000011110001011101100
11000000000101011010100101010111
00110011100111000110001010100101
00011000101110010011000010111101
10001000110111000111000100000010
00111010110111101101111010101010
00011000011110100010000101011011
00101011001011011101011101100110
00100001000110001010001111101000
01011100101100110110110011110110
00100101011001100101001000001000
00110101000111011111011100111111
10001011000110111100000100000010
11001100000101000010111110110110
11010101011000011001110101111011
10000110111101101000101001100111
01000000011111111001011010010110
00000111001100101000111010001001
01101010011011001011001100110101
01110000011010001101000100101111
10000010001011001011010110010011
11010100111010000110011011110010
01110000110010110001101011001000
00111010011101101000100000100001
10001110000101101110011010010101
10111101100000111100101001010000
11001001001100110101001100011010
10011001111110010000100001000010
00111101001000110000010110101010
01000100111100100101100111000001
11011111110010110111110000010011
00101011001111000111101100010010
11010000101001110111000001011011
11111101001100100101111011110111
00110000010011101010111011100011
00100100111101110011010101111110
01000010011101010000000111000110
00001010010011000100100011100001
10110100110011000111100110110111
11011111000011111100011111110110
11101001110100000100110111011110
01010111000011000001000111100010
10110100001101000000011011011010
11011101101010001011011100001001
10110010110000100001111111001111
01111110000101011000110100001101
00100110110000001001100110011011
10100000101000101100101110100110
00010000000010010111000111011101
00101000011001010101011100111101
10010011011000001101111110111000
00101101111100001000101010110110
01111110100011100001001111110110
11110101101100001110100101100111
00001000101010101010101110100000
01010000111100001011101001001010
10011110011001111111111101111010
00110101111111110101110111100001
10111111100100000110010110010101
10011101111001110110001100011101
00001110001001010010100001100001
01100001001010001110011000000100
00100011000010100101100010101001
11101101110001111110001111100110
00010110111101011101100101111100
01011000000110011000001100011110
01110111001111011011100101101100
11001110011101000010011001010001
00110111000100100000101111100000
00011000001001110111100110000100
11100111011011000100000101110000
10110110110110110011100010101100
00100101100001100111110010001101
00110101011101011011001010110010
10111000110011110010000010110010
01000011001010010100101011010100
11110111001011000011011011011000
11100101100001110100111111010001
00110101000011111111101010001001
10111110000011110100100110100010
10110101001000100011111011011011
01100111011111011010010010111010
01011010110001010010001111010101
11000111011011001010100111010101
01111111001100010011110101011010
00011110000010101011110111110010
01001101110011001000111101110001
01100110110011010100101000011011
00110001010011001000101001010010
00101000110010100011011011111110
01000011111110100011000110001110
01111111110000100000010110110001
01101100101011001100000100010000
11011111001111010111111000001110
01111001101111000010010011101111
00010000001100000110101111101010
11111010111111110001100110011001
00101101110101000011101010111010
10100001101001011010100000011110
01111001011001001000100111001001
00100110111110010101010011110000
01000011001111010111010100011110
00000111101110100000010100000110
10010100110000001111011100011110
10001100000010100110100000000010
10011110110110100100000001110011
00001000100010111110110010110010
11101111101000111000010010011110
01010111010110110010011001010101
11101000100000000100100011011100
00111001101011001111111000111101
01011011001011010101001010111111
11110000010000011110000111110100
10101011100000111001111110100110
01000100001100010011010011000101
10000000110001111011100101110010
00000010010111100001000000111100
00110101110010101000101110011010
11000000110000011001100001110010
01010100111010100101011001000111
10010010111000110100011110101110
01010011010101000011010101000110
00110111101001111111100010011110
11110010011110000110100111100110
10000010000100110101111101011001
01011001011111011101101010111000
01110010110010011010010000000000
10101000110111000100111011000011
01111010110111101010111101001110
10100100001110100011001101000000
00100101010000110101111011001100
10010010000101000011000100010110
01100100000011010100001101001100
11101101010111000011100000101110
10100000001001010001010101001101
11011010000011011100111000011010
11011010000100001010100110001110
10010100001100101110001000010101
01000000101110101101010111001000
01101100001101111011100010000000
10101110111001001011011010000111
01011010110000000000011011010110
01100001110000111111011101001011
11101011000111110000100101010111
10100001111011110110000110111101
11000001000001111101100010111001
01010110101101100111100101111000
10100011101110111100101001001000
01101100011011010111111011111110
01011011100110001000111010010010
01000011111010110101011001110000
10111110110010001101100011011110
00010001111100011101101111111101
11111110011101110100110001011001
01110100001010110001101011000010
10011100101011110000000011000101
00100011100100111001001111100101
01010100100101101001011001011111
01110010101100110101111100101010
00000100111110110110110011110110
10001011110001100111111111011101
10011101110000101100110001100000
10111111010001000100100101110110
00111001100000111010000110110101
01011000110000100111010101100100
00010100111000100001101110001100
10111100010110011000011011011000
00110111101110011110011001100011
11111111101110000110100010010100
00101101000010100101000010000111
10001010111000011011000011000001
01000011000011001110110010010001
01001000011111000111000011001101
00100011100000111110110111001010
00111001111110111001011010101000
10011000011111101111110011101010
11010000110000011001100100110001
11100100000100000011011101110101
10000101100111010101010011000000
01001111111100001011100101111010
10011110101001011000111100010000
10011000010111111111101101100100
11100001111001101000110001110100
01100101100101010100101000001111
10110000000101011111011100010010
10100100010100000000100100111111
11010001101010010100010001100011
01111010000111001011111111000110
11001110111111010100110100101010
01011000011111011111010110101111
01111100110110010100010000010101
00010110001111010000111111000110
11010110011010110111100000010110
11011100111001101010001111100100
10000101010101110101001111011001
11110010011101001011111000001111
01101010111100111100010000010101
00000111111101000101110001111000
00011111001101100000101000000100
11111011111111100010011001100110
00111110001111101000101100111000
00011000111111011011110010011001
01101000111110100101011000101011
00010001111101111011011111001111
10101000111101110100111011001101
11101011100101101001100100011001
00100001100100011011110101101001
10011001011001000011100000100010
10010111001010001000001011100010
01111100010011000001110100010000
00100001110011101010001011010101
11111011000111110111011000000000
10011111111000111011110010101100
00110011100000101111010101111000
11010001111110100110001011101000
00111000001111001101011010011100
11111001010000010001010110111100
11000001110101001110100000101101
10001000011011011001001110011111
00011000011001000010001111001011
00010011100110011000101000000101
01011000001111110101011100001100
11010101101101001011010110101101
00110100100100001010011101100100
10110000010110010111010111001101
01011001110100000010011011100101
01111110110111110011110110110111
10000000101111011001101100100001
01110100000000010000110011011001
11111010100010010000100000111111
11010110100010011100110110101110
10100011011100000000101100110000
00100000100000101110111010101011
10011011101101010100011000110011
10011000010111011110010100011100
11010110000110011011110101010010
11100001011000000011001101000100
01100010101011101110000100100110
11111101001010010011000100011110
00110111100111110101100010010001
00101001110101011000011100111000
10000100000110000001111101010011
10100011010110111001101111000000
10000101000110010010010000000101
11001000100000011010101010101101
10000100101110100110000000100000
10100101000111011101011001101100
00000001000101110111111111010010
11110010000001001001000110110000
00110101000010100011001000110000
00011011001001101110010000001010
01000011011011010010100110000000
00101000011011011100101001110111
10111001000101100010001010011100
01110010101101111111010101000100
01001010000011100101010010000010
11110111110011001000101001100111
00000100000110000010101000010110
10001000010101000000001010100111
00111111011010010011000100001000
10000011010110000000101100100101
11111011111100000010101010000111
00011010100100101100000011101010
00010011001100100100001011110000
11000011111100111010011000100000
00100100101111001111111001110111
01101110000011001000110000001000
00101101001011000000010010001000
00000000000111010011001010010101
10100111001010010001100000010011
10111010000101100100011101110101
11100000000000100011000000110000
11000000110000010110000000000000
00110101010001100000101100011000
00110000100000000100011001100000
00000001000001001101001100011010
01000100100001001000000000000000
11001100010010111010100000000100
11001001100000001010000100010011
10011000000010000000000100010000
00010001010101001001000110000001
00010000000000110010000000001100
11100101110000000000001000000010
00000000000010100001001101011111
10000000011000100000011000000001
00010001000000010001000000000000
01001100110010000000000000001010
11011000000000000000000010000001
00000000001010001010010001110000
00000001100100001001000000000000
00000001000000000000000000010000
00110011000000000000000010001110
10100000000000100000001000100000
00000000100010000010010100000000
00000000000001000100000000000100
01010000010000000000000000000100
10001000000000000000000000101010
00000000000010001000000010000000
00000000000000100100000000000000
00010000000000000000000001000100
00000100000000000000000100010000
00000000000000000000000010000000
00000000000000100000000000000000
00000000000000000000000000000000
01000100000000000000000001000100
00000000000000000000010000000000
00000000000000000000000000000000
00000000100010000000000000000000
00000000000000000000000000000000
00000000000000000000010001000000
00000000000000000000000000000000
00000000000000000000000000000000
00000010000000000000000000000000
00000000000000000000000000000000
00000000000000000000000000000000
00000000000000000000000000000000
00000000000000000000000000000000
1deg=19968
deg tmp = 31
128 bit k-distribution
k(1) = 19937
k(2) = 9968
k(3) = 6645
k(4) = 4983
k(5) = 3987
k(6) = 3322
k(7) = 2847
k(8) = 2492
k(9) = 156
k(10) = 156
k(11) = 156
k(12) = 156
k(13) = 156
k(14) = 156
k(15) = 156
k(16) = 156
k(17) = 156
k(18) = 156
k(19) = 156
k(20) = 156
k(21) = 156
k(22) = 156
k(23) = 156
k(24) = 156
k(25) = 156
k(26) = 156
k(27) = 156
k(28) = 156
k(29) = 156
k(30) = 156
k(31) = 156
k(32) = 156
k(33) = 156
k(34) = 156
k(35) = 156
k(36) = 156
k(37) = 156
k(38) = 156
k(39) = 156
k(40) = 156
k(41) = 156
k(42) = 156
k(43) = 156
k(44) = 156
k(45) = 156
k(46) = 156
k(47) = 156
k(48) = 156
k(49) = 156
k(50) = 156
k(51) = 156
k(52) = 156
k(53) = 156
k(54) = 156
k(55) = 156
k(56) = 156
k(57) = 156
k(58) = 156
k(59) = 156
k(60) = 156
k(61) = 156
k(62) = 156
k(63) = 156
k(64) = 156
k(65) = 156
k(66) = 156
k(67) = 156
k(68) = 156
k(69) = 156
k(70) = 156
k(71) = 156
k(72) = 156
k(73) = 156
k(74) = 156
k(75) = 156
k(76) = 156
k(77) = 156
k(78) = 156
k(79) = 156
k(80) = 156
k(81) = 156
k(82) = 156
k(83) = 156
k(84) = 156
k(85) = 156
k(86) = 156
k(87) = 156
k(88) = 156
k(89) = 156
k(90) = 156
k(91) = 156
k(92) = 156
k(93) = 156
k(94) = 156
k(95) = 156
k(96) = 156
k(97) = 156
k(98) = 156
k(99) = 156
k(100) = 156
k(101) = 156
k(102) = 156
k(103) = 156
k(104) = 156
k(105) = 156
k(106) = 156
k(107) = 156
k(108) = 156
k(109) = 156
k(110) = 156
k(111) = 156
k(112) = 156
k(113) = 156
k(114) = 156
k(115) = 156
k(116) = 156
k(117) = 156
k(118) = 156
k(119) = 156
k(120) = 156
k(121) = 156
k(122) = 156
k(123) = 156
k(124) = 156
k(125) = 156
k(126) = 156
k(127) = 156
k(128) = 155
128bit D.D:  35360, DUP:  118
64 bit k-distribution
k(1) = 19936
k(2) = 9967
k(3) = 6644
k(4) = 4983
k(5) = 2496
k(6) = 2496
k(7) = 2496
k(8) = 2491
k(9) = 312
k(10) = 312
k(11) = 312
k(12) = 312
k(13) = 312
k(14) = 312
k(15) = 312
k(16) = 312
k(17) = 312
k(18) = 312
k(19) = 312
k(20) = 312
k(21) = 312
k(22) = 312
k(23) = 312
k(24) = 312
k(25) = 312
k(26) = 312
k(27) = 312
k(28) = 312
k(29) = 312
k(30) = 312
k(31) = 312
k(32) = 312
k(33) = 312
k(34) = 312
k(35) = 312
k(36) = 312
k(37) = 312
k(38) = 312
k(39) = 312
k(40) = 312
k(41) = 312
k(42) = 312
k(43) = 312
k(44) = 312
k(45) = 312
k(46) = 312
k(47) = 312
k(48) = 312
k(49) = 312
k(50) = 312
k(51) = 312
k(52) = 312
k(53) = 312
k(54) = 312
k(55) = 312
k(56) = 312
k(57) = 312
k(58) = 312
k(59) = 312
k(60) = 312
k(61) = 312
k(62) = 312
k(63) = 312
k(64) = 311
64bit D.D:  25570, DUP:   56
32 bit k-distribution
k(1) = 19936
k(2) = 9967
k(3) = 6645
k(4) = 4984
k(5) = 3120
k(6) = 2496
k(7) = 2496
k(8) = 2491
k(9) = 624
k(10) = 624
k(11) = 624
k(12) = 624
k(13) = 624
k(14) = 624
k(15) = 624
k(16) = 624
k(17) = 624
k(18) = 624
k(19) = 624
k(20) = 624
k(21) = 624
k(22) = 624
k(23) = 624
k(24) = 624
k(25) = 624
k(26) = 624
k(27) = 624
k(28) = 624
k(29) = 624
k(30) = 624
k(31) = 624
k(32) = 622
32bit D.D:  13792, DUP:   23
