mexp = 19937
filename:resX78.19937.magi03.060729.01.txt
POS1 = 4
SL1 = 20
SL2 = 1
SR1 = 1
SR2 = 1
MSK1 = fffef7f9
MSK2 = ffdff7fb
MSK3 = cbfff7fe
MSK4 = edfefffd
deg poly = 19937
11110011110011111010110011001101
01100111110110101001100011111001
10110000101000000001001011111100
10011010000100011101111011000011
10011011000110101011000100100100
01001101010010111010100011000101
01111011101100101010000110011111
10100010000010100111001010100010
01111010110000000010000000000110
01001111111101001011011111001000
01001010010011100110111101000010
11101000110101001100001011111011
01000010001101111101101011011010
00111110011110101101101011000101
01111010100111000100000011000001
10100001111110100101010001010110
11010000000010011011000011011010
11111111000101110000011000001111
10101101101110100111000010111100
11110000100010011111101000000010
01100101001101110010010001001111
01110011110101100011101001110011
01010111111101000111001111110011
00011100011001111101101010101110
11111010100110100001100111111101
01001100101101110110100011011110
10101000001001011001001111101101
00001100101110100111011011101101
11011101101100010111111011000001
01011101011111000011110010011111
00110010001000010111110110001100
01101110111110100110010100001110
11100000111011000011001110010110
01000100010111010100111110111110
01110000011100011111000001100011
00001111001100100000111010000101
10110011001110111000011001001000
00011001111110000110111010001000
11100000000110001011000101010111
01101001110011100110001110101100
10000111110010000000001101100101
00011100001110010000111111011100
01110111101111100101011111111000
11110111101011110100111011111001
10010000011010001001100110110010
01110101010100001100100010101100
10001111110101101111000010000111
11100000101001000010000111011110
01101011001111101010010111000110
01101000011110011111101110110000
01010011000101000101100001111001
11100010110110000101110111101110
10110110100000101101111101100111
11000101010101100101101011001011
01101011101100101011011110110011
10111110000101110001001011101001
10100010101100101110101000000000
10011110111010100010111100100110
00100000110010100001101100111000
01101011110011011001101110000111
00011110101101100001110111110111
11111010110100110111101000011001
00111100011111110000000111110011
10111100011001100010000100010000
11111101001111011010110101100010
11111001010000100100111001111110
11001101011101010000011101110110
01010100111110110001000010011000
01101111111101110011010101111010
10110110011101110010101101000011
00101111011011010001100011110110
11100010001001001010110011011001
11000010110100001101110000110000
10111100000010001000010001001000
11000110110010001110111111101010
10010000100000101101101011010000
10000000111011000100001000100010
11001111011110101100101111101011
00111001011101111101010101110000
11010100000000110100010011111001
00110111100111100111011010011001
10010101010001101000000110001001
00011001101110100111001001011111
01111010101100011011010010110111
11100001101010001101010100010111
11010001100011100110110100101100
00000011001011001100101001010010
01110001100000100111010110011010
00000010111111011100101111111111
00001010101010001010100001011100
11100101011001111101001100000101
01000111000110100011111110100101
01011011001000101000000000000011
10000111000001001011000000110111
01001100000001000000100011100101
00011000110010000001001000001100
01010011101000000000100000000010
01101100110110110100111001110011
00111100100100110001011001000011
01000010011110111110011110001100
01101101001111010111011101111111
01111011100110100001110100000110
01001010000010111001000011010001
01010111110001011000110110000001
01011101111111011111110000101110
10010101010001000101000101110111
00011110101100001011100101010101
11011101110010110010010001010111
10001010010100101111001010000101
00101000101000110010011001001111
10010011110000000010000100000111
00000100010100010100111000000101
00101010011111110001000011111111
10000101111101000111000111101110
11000001000101010010011111010100
10001000100110101101100010101111
00011110001001100001110111000001
01110111100111110010011011111011
00001110101111100011011000111011
01100011101000110011110110111101
11001100000001010100111001111110
00011110010000001111111101101000
00000110011100100101011010100001
11111000000000111110110000111011
01111001010010010100110000101100
00011001000101000010111111111101
00100010001010110001101110100001
01110111001001110100010110000000
01010111110011011111111100100000
11010001001111100100110100111110
11001101011110010100001011100111
10111010001000001010100001111011
11100110101000110101111100110111
01100011111001100010001011111101
01011010001100010010011011100001
11100001011011000000110001100000
01100000110100010010011110000100
10010100110010100001111001000001
10110101010110110011011010111000
11000101010011100010110010101111
01001101101010011011100110000101
11111101000010000001111110100100
10001001100010011110110001101010
00110010001100101111000111100001
10010001010011110111100111110100
01011010010010010111000010010000
01000101010110001110110100111111
10101111010111100100101100001010
00011011101001111111000010011101
00000101010100001011101100001011
00110000100001110010101001111100
11110000110011100101011011100111
00011101100011100011111100101110
10101100100110000101110001010110
11111011010110000010110101111111
10111101011010110010100110011101
10111001011001111010100111101110
10110101101001000101110101010111
11101100110110111110110011100010
00011101011101110010111000111101
01010011010010111011110110101101
01001111100110000111010001101101
11100110100101110111101000001011
11101101100010111100110111000101
10110001000000100110001101000100
01010010101011001100111111000110
10101100000000101000111100101001
11100101100011010000010110011111
00011001011001000000100101111110
10011110011010011001011100011010
10001110000011000000111000111101
00111110011000111011011001001000
00100110111001001001000001100000
10001100101000001011001111010101
11110101010010110111101000110110
10000001001111100101110001100101
11001111011011100100010111011010
01001100000100011001001010100000
00011010000001010000000101010111
01110001100001100100111100001110
11010011111111101111001010001111
10001100111001000000110010101111
10000001001010010110001100100110
00011100101100000010111011011110
11111010110011110111111100000100
00010110010010001110110100110001
11100111110100101001000000001101
10101100111010101111001110100010
00111000001111001001001101110001
01110101000001110111100000111111
11110101010110111111001010011011
01001000011000011010101111001001
10000011001011011000000100011100
11011110010010101100011010011000
11001100111010011101110101100111
11111110011101101111010100001110
00100110000101010011110100110110
11001101100001011000000111010110
01000011111011001101111010100101
11100011000000000010100011110110
10000001001110011110000010111010
01111011101000111100101000110011
11000101110111111100010100010010
00000101101011011000001111100010
10101001010100010001110000010101
11100001110111111101000011110001
10110010100010111100110011110011
01001000010000011100001010001001
00010110000011101111100101111111
01010000100010100000010000111011
10101000111000001010000000100011
00000011010100100101011110101000
11010101011001010011000001000101
01110001101000111100001111101010
11100011111110100110101100101111
10011010000111101100010010100011
10010001000011011010011111111011
11111101100101111000011100011101
01010110100011101101000111111001
00001100010000001001111110001001
01000011110110000100011111000111
00000000110111111001000000010011
01110000110111001101010110100110
00101001001110111011001010000000
10111110000111101110110011001011
00010100011110011001101000011101
11000011100001010011100011000010
11111111010011000110011110101110
00110001010010111010001010101011
01011011110111010100110001011100
10010111110010111101100010000011
11101101001100110000001011001100
01001000000100010110001010001111
00110101011010001000010111001100
11000010010101000110000010100101
11010000000101100001110111100001
01000101000101001111101001010010
01011111110101100100110001011110
00110011001100010100010101110001
11010000000011010011001100101100
01001111101000100011001101010011
01101100100110001110100010000100
00100011001101010100111000000101
01110011010100100101001010000110
00001011110001000110011101000101
10111111000111010001101001111100
11110001000011100100101100000101
11111000011011010111010100110101
10100000101110000000100011100011
11010101101101010110001110011110
00001100011001110011101111101011
00101110001101101111010101110001
00110101001001111000010111010110
00101000001000100110101110010101
11010101110010110010111100100001
10110011000110110000000110110100
11000011000010111101011011100000
10101010101111010010011101111001
00000111010111110110000111001000
11110100110010101011010010001111
01010010111111101010010100001000
00000000101100011001111001110111
10110001011110000001100110000001
01000111001101100011000011101100
00011001010110100011100001001111
00000001011110000010101000100111
11100001111101111000011101011111
10011101000110100010101100011110
00110011010000000000110001111010
00010010100010001111010010000010
00001011110001100110011100011100
10101101101010011010110111101110
00011101000001101111011001111110
01000100111001011111010000000111
00100000001101100101000111010000
01010000101001100000101010010101
00101101100110100000000011011111
10001110100001110001110111111001
11010110110000010110011111000101
00001101010111001101000111100001
10011111010001001110001101100011
10001110001001010011010101111011
00110100010101111001010010000111
01111111110111100110111110100110
11100000111100111111111000001110
11000111111010011110010110001111
11101010010101011110011111101010
00110000110101101100110000100000
11010100101000100000010111110011
10100010101001001001100000101001
10010010100011000100010000010100
01001101101010001010101010010100
10000101101111101001011000111100
00001000010000100011111111001010
11000111111101011110001001101000
10000001100011001001100011011100
11001110111111101011010101111110
00000110001111111110001011001100
10101100101111011011111100000010
01100110110010111100101000110100
01101001000101001010000001010100
00100011000010101111110001110101
11001010100010110011010010001100
10010010010100001111010010100001
00111111000101010100010100001100
11101111111011101001010000011011
10010110111100100001100111111101
01011101110111010010001000110001
00000101001000000010001010000010
10011010100010001010101100101010
00010111011110000101000001111110
00010101101010111000111111110100
11010000100001001110010111011011
01010111001100011100111100001011
11001100001000111001000101011010
00010111101001001011110010001011
00001100110100000011001000010000
00111111010011110111001101111011
00000011110110101011000101010110
01000101011010011101010100101000
01100010011110000101011100111111
01110000111111011000010101010110
01111100010011101001010111010000
00110101100010101011100100010111
01101010000000110010000110101011
01010111101011101011101001010110
01100111111110001100000101000111
10011100110101100111100101000111
10100011111011110111110101011001
01111001101101111111000001001111
00001101101011001000110010111110
11001000100100101110001001011111
01111110111010010101100001011011
01000111111100111111110110001011
00000001011010000100100010110100
01111001111001001011000001011000
10010011000100110011011100110001
10101011111111101111100100010010
00000111000010010100101011110111
10100100000010111011100010010111
01011011111010011111111110110000
10111110010010001110101101101111
00111010011111101110110100100110
01110111001010110100110010000000
01100001100001111001010011010111
11001010100111010001111110100001
11101111110111000010011110110100
10111111101000011100011011110010
00000000101100101010100001011011
10100111001110100101100101100010
01111101100000011101110010000010
10100110011010001110010001000001
11100101101101001101011010001101
11010000000000000110010010000110
10011001000110010110100001001100
10000001000000000011110001011000
11111011110011111001010000001010
11000011101100010101010111010111
00100000101111111010110110011010
10011000000011011011110100011011
10101100100010001011101010010111
11101110010111110000011100010110
01010110011000000100001011010110
00110010001101001111001011010001
10100110001010101010001111100000
10101100011001011000010010111111
01100110011110001011000001111000
11111000000010101001110011100100
10111111010101001111001000111100
10111010001111100110000001011011
01010111001101010100010111111111
11100111000000101100100001000110
10010111100000101001110010001010
00001111101010101111110100001111
11100111010110000000110001010101
11100101111001101111000000101010
01010001000110001000011111111100
00100001001000100110100101001011
10110110110011100010000100101000
00000011101010011010001111100010
11110010100101001000001000010000
00110101001110111001110001111011
11010111100011001000100001110101
11111000011101010010001100111001
10011111100101100100010011011111
10010100101010001100000100111010
01110111010010001110110100001110
01100000110000101101100110010111
00100000110100001010111001000010
00000100110101101000001111110001
00111100000100100000110010000001
10110011000001011011101010101100
00011011000010100001010010101100
11001010110111111110111001111010
00011101110111101001011100001111
10101100111010010111101001100010
11101001011111101110000110001000
10110011001000010010000000101010
00111100011101111101101100010000
11100001100011001111100111011010
01001100010110101101100100111001
01100110001101010011100100100110
10110011101101010001010011101011
11010001111110011110011110000101
11110101101011101110110001011110
01001110111011110000101111100001
00110111011000001000001001010010
11001110000000011001111000100111
00010001001110000000101110100011
10001010110011110010000100011010
10010011100010101011010101111010
00111100001101110101100010000010
00010011111111011010110111000100
11100110100111101010011111100000
01111100101100011011110001101100
10111001110001000110011011001001
11000101100011000111100101101001
00111010010110011101000111101001
10110010111000101000110001000111
10111010100001110111011000110000
10010001000011111101000001100100
01110001010001110100101000110011
00001100001100110101110100011100
10010100110110001100010100011110
10110101111000000100101010111000
00100011001101011101011101010110
01010100011011101011111010010110
00100101001111001010100001010000
00111101011100001001001011110100
01100010010111001111101011011010
01110010110101010100001111000101
10111001110001101101110010100010
00111001011001010000010100010010
00011010111111001010110010001111
00000000111101110101100000000100
00010110010111001011101101110000
10110101010110101010010111111101
11001001010000001000000110100001
11010101100011011001000001111100
10111111111101000100000001000011
00001110100110111101111111111000
00111000011001000011000010010110
10001100111010011000010000100010
10011000001100001111111011000111
00000110110011011100111001101011
11011111011001000011010000011110
00100011001101111010001111000001
10001111100100101010100010010010
11000011111000000000100100000010
11010011000001110001001010000101
01100000000111101111101010010100
00111110100000011000011011000001
00100011111111100011001101110000
11010000101011100000011011111010
11010001100000110110101100101000
00110101101001000101100011100100
11000101010010100101111010010001
10110100111110101000100001110010
10101011101101011011010101000110
00000010000110110000111011000101
01001001001000000010011000011100
00010110001110111111110011011100
00010111111110111100000000100000
11110101110110110101100010101110
00010001101111010000000011010111
01001001000000001011101011111110
01100111001101111001010010110001
10011111101101101111000001001100
11000011011100011111010000110100
10000011000001011101011010000111
11100001011001010100100010010010
10101000100010101111001101000010
00100100010010011000000101001100
11110111010001000010101011011100
11000010010101110001001111110001
01101101100110101100101010001101
10010011000110101000010111010000
10111001011110111100111010111100
01001111010100010100110001111110
00101000110010101101011101100000
10100011010010010100110001010000
10000100010111110101101000101110
11001001110000101001010001011010
00011000010101110010110101001011
11101111101000011101011000011010
00111111000100110100011110010001
10110110101110100010101010110110
11111000000100010000011100111100
10001101011110000111010110001100
11111010001000101011110000001010
10100101011001000010000000010001
01100010110010000001100011101001
01011111001010010011111011110001
10100011111011010011000010100100
00000001011010110111000110100100
10111111011110101100110101101110
11000111000110011010110100011101
00010110111010011001100011011010
00010100111000010011011101010001
10100011010001111110010000000001
01110101001111001111101111100100
01100001001010100111101010011101
11000101111001111000110010100000
00111001000011001110101001010000
01000111010010001101110100100011
10011011100101101000110101101010
01010010011101011110000100010111
01011010011111111101011111010010
00010011101000011001000001100011
00010101100110100111101010001001
11111101001000111011101010010100
00010100000111101110000001001011
01100101111110101101001111000100
00100010101000100100001001010110
00010111001011110100100000101100
00001101110100110000100110111110
00001001000001000000011010010111
10100001000110010111010001100011
01001000101101000100111011001110
10101001010000100000100101110110
11100110011001011110111001110100
00111001011111110100011110101011
10000101001010001111000010111110
11010110011111001110001100000011
11110101001110100000010100000011
11110110000101111001110010000111
01110010000101010101001001011001
10100100000010100010110100000110
00011111110011001100000011101010
01111010011100110100011100100011
10010000101100110100011000101100
11011111100110010000011010101000
11011110001100101110010001011000
01100100000010011000110101001111
00001001010110011010001001011110
11100110000011000100010010010001
11110010001000101000010011101010
01100110100111101111110010010001
11101001110000001000111101111100
01111100011101111011110011110111
01001101001011111100101010010110
10010000000000101101000110100011
01011101010110111101010010100110
11011000101011110011001100110011
10010111000111100011101001000010
01010001010100010011000101111111
00011110111010110111000010001100
00000000101010010001011111000010
11001101001000100001100101111100
11101000011010000000010110111111
00111100001111011110001011100011
01110010100000100011001001111001
00111101100101000010111101101110
00101001001011101000100001111001
11111001000101011010011010101100
00111111010000001000101111100110
01000011110111001111101010001110
00100011001010011000011001101111
10101101100101000100101101100110
01001111110101001111101110011001
01100010100010111000010100010001
01100010110011110011110010111000
11000101000001111101111101100100
01010001011100011010100100001111
00010110001010000001010111010100
10000101000001010010000001001111
11111111000101011011100101000101
11100010100001001100101100101010
00001111110101011011010110000111
11110100011111110010111101101011
11011111000100101011110110101011
11110000001011111101000000110101
11111011001011001111000011001110
11111011101101111011101110001001
10111111111001101000110011010011
11001011011101110001011100111000
11010011100101001010100010000111
11111001010001010000000110000110
00111000100000001001010001010010
00111111100100100111100101111000
10100110101111000111001011101011
10111001111111101010011110111111
11101000111110111011111111110010
10110000111010110111011011101110
11001111010000101010010000111001
11011110101101000011010111100110
10110001100000100011100100001010
00110110000101010011000101000110
10101110010110010111110100000011
00111010101010001011100110100000
10001101100001111100100000000100
11111000100100101001001000111011
10001001111101011010010100100111
10100110111100101101010011111010
01000001001001011111101111101110
00011111011100000001000010001101
11100100110101111000001111101011
10110011011001111110111110011110
01110001000101111011011001110011
11001110000100000010100000111001
10101111011010110000111110000101
11110100111011000110010000000101
10100000010001110010101011001000
00101010011100001000000100110011
11100000100010110101111001100111
10011101110100010111010110111111
00110111001110011101100100111111
01011011010100100010000001110101
11001111000000111000110110101101
00111101011010101100101110010110
11011000010111001100011110110111
11011000111000100010100111110011
10101000100101000100010111100000
01110101101000111000110010110101
10001110100000001001010100011111
01100000001001101101110001100111
11011001011000110001111101111011
10000100001001101110100111010101
00001101001110111010110101000111
11111010000101111110011001000101
11100110101010100000001111011111
01000000100110001111101111000101
10111010111011101011101110011100
01deg=19937
deg lcm poly = 19968
weight = 7638
10000000000000000000000000000000
10000000000000000000000000000000
10000000000000000000000000000000
10000000000000000000000000000000
10000000000000000000000000000000
10000000000000000000000000001000
10000000000000000000000000100000
10000000000000000000000000101000
00000000000000000000000000000000
00000000000000000000000000001000
00000000000000000000000010100000
00000000000000000000100010101000
00000100000000000000101000000000
00000100000000000000000000000000
00000000000000000000000010000000
00000000000000100000000010000001
00000100000000000000101000000000
01000100000000101010000000000000
00000000000000000000000000000000
00000000000000100000100000000001
00000000001000001000000001000000
01000000000010100010000000000000
00000000000000101000000000000000
00000000001000001000000000000000
00000000001000000001000001000000
00100000000000000000000000000000
00001000001000100001000000000000
00001010001010000001000000000000
00000010000000000001000000000000
00001000000000010000000000000000
00000000100001000101000000001000
10100010101001010001000000001000
00101010000000000000000000001000
00100000000000010000000000000000
00000001000001010100000000000000
00000001000001000000010000000000
00101010010100010000011000001010
10100000000100010000001010000010
00000001000000001000001000000010
00010001000100010010000000000000
00000101000100001110100010100000
00100000000000000000000010000010
00010000000000001010100000000000
10000000000000001010000000110000
01010100000000000000000000001000
11010001000000100000001000100110
00000001001000101010101000110101
00000001001000000000000000000000
00000000000010100000000000010001
00000000000010100000010100110001
01011010101010101010100010100001
00001100001000000010111101010100
00001000101000000000000000010000
00001010001000010100000101000111
00001010000000000001000010010100
00100010101010010000111100000010
11000110001000101110000000000000
10000000000000000100000100000010
10100000000100100101000110110001
10101000000001010101010010010010
00100000111110110011000000010000
10000010011001110000000010000000
00000000001100001001000000000000
00010100001100000010111011100000
10110000000100010000000110100010
10001011010000110000001000000010
00110010000001010001001000000010
00000011000000000010001000100110
00010101010010000000000010001101
00000101010100001111000000100011
10000111101110001010000000101101
00100101010001001000101010000000
00100000000010100000100111100100
00000101101000111100001001010000
01010011100011110000001001111110
01101010001010110010110100110011
01000010100100001000001100010011
11000001100000001100111101000111
00110000000100110000100001010000
00110011001110001111110000010000
10000010000110100110011101110101
00111000001010100100010100000000
10111010000111110010000001110010
10001010000010011011000101100001
01010001000000110100000000100010
10101011100011001010001000100001
00001000000001110101000100000010
10000010100101100100010110001000
00000111000111100100101100101001
11110011101101111001110000100010
10111111010001110011111000110110
10101001010000000000101000001001
01111100111000110000101000100010
01000111110100001001001110011100
00110111111100001110101000000011
10111101101000110011000010100011
10100110100000010100101110010000
10111110001101011000101010110011
11011010001001101110010011100011
10001001001110110000100010111111
10100111010110000010001000101000
10001001000110101010100000010110
01100010110101100000100100101001
11100000101000001000000010110000
10100100110000101011011011010001
10010001101011010011110001000111
00101011100010101010010101110111
10011111100011000001010011110100
00101000110001100000001010100011
00100111100000110010100001001011
10011000011011000111000000010000
00111010001100110100100100000000
01000010010001010000110011001010
11001000011100110111000000111111
11000011101110101110111010111001
10101001010100101101000010110001
01010110000001101111110111001101
00011001111101100111010000010100
10000101010001011110011111110000
01101011011010100110011111100010
01111001101010011100110100111111
11010011010110010111100011001110
11100110001000010011000101111000
00110001000111101100011100110110
01100110111001101000000010010100
01001011011110100111000011010010
00010111111110110110011100010011
10011100011001000000101010110011
01010110101011001011101100111011
00101010010001111010100001111010
01111000011010010110110001000100
01000011010011101100011101011001
00111011011100101011101100100001
01010010000110111011011101100011
11000100101100110110100100110110
01111111110101001100011100001100
11110000011100111101110010110100
10001010000101110100110000001101
01100011110011110101011001111110
01000011010110001100101110101001
00000011011010011111111111111000
10011010000011001110010110111010
01110100000101110010011111111101
01111001011000111101110001001000
10100111011110110100001000011000
10110111100100001010010110100010
00010011101101110011000100101111
10010011101111100001110100110100
01101100000110010110111100001011
10010110010110010110101001110101
01001110010100110111110101001110
11010111110110010110001111000001
10010001100111110110001011011000
01101010110000101101111111110000
11111110011011000111110110000110
10100100001111111000011000100101
01011101100101101000001111000100
00100111110010000001100010010100
00001110000100011110111111100000
00010011000001110110001100010110
11110010010100011101010100110010
11000010011000111101000101011100
01110011100010111101000010110011
00101011110010001111011101010101
11011101000011000001100110000011
00100110100011011001010011101001
01110000001011001110111010010001
10110000111000011001110011101111
10010001110101011011001101111000
01111000111000101101101011010110
10011011011001110100101111010100
01111111011110110001110011001001
10100010001000001010000010101000
00100101101000111110011000101101
11011100101100100001111100111110
00100111010110011000111011010000
10010011000010001010110100010001
01101000100000001100100111110100
10101001010100010100100001010101
01010100111000110110010000001000
10100001100001001100010110011110
00001110010011101100110110010001
00110110011011100001111001010111
11000111001000100110111000000110
10010111111010011100001100100111
01011010010011010111101100001010
10101111101010000100110110000110
10101111100111110111001001010001
10011000011011111101110101011000
10100101001001111001111000011110
10100101101101010001101000110100
01001100110000000000101101101010
10100001000000001111100011101001
11110010000100100000011011101000
01101010101010111010000110010011
10001111100101100100001010100100
10011000010010001010000000101011
10000111011010010001000100000100
00101001010000110101001001100110
11010010111111001001110000000011
01001110111111100001001101101111
00110001101000001111011111000000
00101000010101001100011110110010
00110111000110010111111110000111
11000100001011100000000101011011
10010000111101001011011110111111
10101100100100111100001001010000
11110010101000110100001001101111
00101110011100011100101000111100
11010011010101010011101010010001
00011110001001110101100001000001
10000001011000010110000101000011
00100001011100111101110100101001
00001011001001110111111111011000
01011111111100111000110000000010
10000001010100110011100011100000
00111000111000001010010101001100
00001110110110001010100010111110
01001100100000000000000110101101
11001111010101010011011110111001
01110101011010110000101110001110
00110101010001100000111000111111
01000000101011111010001011100011
11010110011101110111000000110010
10010010101000111000011111000001
11100001010111001100100011000101
01100010111001100011010000110011
01100000001100010110001111101001
00010000000000001001100010100111
01111101101111010001001101010000
10110010101101011001101100010011
01110111001001100001010111101100
10100101100100111000011111111000
00010000011101010010101011111111
10111101110010110111011110110001
11101111001100100000101000011001
10100001101110100111010111111001
01001010011011000101110011101101
11110011100011001100100001100011
00010010011000110100011011001100
11110010100011111100100110001111
01111000100110000011101010010001
10001001010100011010010110010111
11100000010101011100111010011111
00111101001000101011101111101011
11011000111000001001000000011111
11010110101010001110111111000001
11111111010011000000111100010011
01101000101010110110000001000101
00101001000001011111010010000111
00000101010101001100110111010100
01001010011101001010101101111011
01000100001011011100000111111101
11111001011000100000011100100110
01110111111100110100001111010100
01010111010110010110011010111000
11110000101001000111110001001001
10100110111101011011111000010111
10011101000110110100100110001000
11011101001011100101000000010000
00010011001111100011101110001111
10111100110011000010001001101000
11000000000110100000110000100000
11011111000001010000001100010111
10111010010000101001110011000010
10001111000001110101110111001010
00111110011110110111111000010111
11110110100101110111111100101011
11100011111110010001010000010010
11010101111110001001100001111011
11000011011101001101001111101101
10001111010000010001001001110001
10001101010011110011000010001011
11011111001100001010001100011100
00010011101000110110010101100000
10110111100100101110011011111001
10101010000010011110010011111110
10100110011101010111101001110011
00000000011100111100111110100011
11010110011001111010101000101000
00000111100010100111011100111100
00100100101001101011001100100011
11111110001110011100001000111110
11100011100111111011011011011110
10011001001011101011001001111001
00110101110001100110100110011011
01101001111010101100011011001101
11011111101111101100011100010101
00011001011001000000000110111000
11110011010110100110101111100100
01101110010000101000110001011010
11001010011110000110010000010111
11000111110011000000110011110111
01000001111110110010010010010000
11011111000111001110001000110100
01101000100101001100011100110110
11110111000011010011101101001101
01010111101111010111111010011110
00011110011010001011101100000101
01110010100101010111101100100011
10001000010110111011110011000110
11010000111000110101010010001100
10011111110110001101010011011111
01000010110110111010111001100100
10100000110110010001101010111111
11001111011111001010011101111101
10000001000001110100010001000001
10110011111010111011111100101010
10110000001111010110101110010001
10000000000001001000000110011101
01111110000010110101111000110100
00100001101001100001111000101010
01100011010010011000010111011110
01101000010101001000101101001011
00110100010110100101101000101100
11111110011100000000111000100111
10101100011010100101110111111011
00100100100110010110110001110001
00001110111110000001100001111000
10110101001011000101010111000100
11111011000000000101000110001110
01100001100001101010001010010101
10101001011111001100101100001101
01110101001010010000010100011111
11100000111001001111000011100001
10100110001010001110001101101110
00001011010111111100110010110101
01001110110001110110100100100001
00100011101010000100100110011010
01101010001101100101101110011111
00110000111101001011101001000000
10011010111011000010011110101011
00000111010010110000010101101100
00001100010010000001111111000110
01101010101111001000110111000000
10100000010101111111100110001000
00000111100010001101000100001010
01111100010001011011010001111111
11010111001000001010000010110111
00000110100011010001101010011101
11101111110100000010000110100111
01101001010001011000101111001111
11111101011101110010011111101101
01000101000110111011101001110011
10011111001111010001000010001010
01101100000010010000011000101101
11011001011000001101110000101010
01110011101011000011100111011010
00110011110100111010101000100110
00100100111111110101100111011110
11111001111001111010111001110010
01001101000001111001100001111010
11100101001110010110101001001011
01100011011111011011001001101000
01001001000001110010000000000011
10101111110010100001000100001101
10100100000110010100101101010100
01111010001101111100011001111101
10101000011101010111011101101001
10100111010101100001100001011011
10011100100111100000010100000101
00101010001001001010000011011000
00100000000001001001100111001111
01000110010001101010110100111101
11111100001110110100101001111001
11011001011011011100110110011111
01001110111111001000100100011000
11001111101010011110000000101000
10101011010001100111010101110101
00010001010101111110100000011001
10010101000100010010111100001010
01101111100001001001100011001011
00110100000010110001100111000101
01001001101001100001011100000100
00010011110010101111110100001010
01111101100101011000011000010101
01011100101001101101111101100001
10011011001010101000110000010100
01101110100011010111110001000001
00001010111000010101010001000000
01110001100010101100010111010011
00000100110110010001011001010000
00001101001010011111110010011110
10111101011100011101100010100100
01011000001011110111101101000110
10100111000010101111011010001101
00101011011101101011110111100110
01100110101001111000111101100110
11000101110101110111010110001110
01001011010111110000000111000011
10101110100101110011010000000110
00110010111001010000011001010111
01100101000010110011010011000101
10111000000011110100001110000011
01000110000001011000011100000011
10110001000110001001001110100001
11010010111100111001000111111110
11011100111011011100010010000111
11000001011011001010110000010100
10000111101010011100101000111000
00110010110000101111100011011101
01101000101011100111011011101001
10011010111100010100101100010101
01001011000110111011011111110000
01000111101111010010110110111110
00000101100010011100100001110001
00100111001110111011101110111010
10000010100100110110001000011010
00100011010100011010011001111000
01010000011110010111000000011000
10001101111101000010101001001111
10000110111000110000001010011011
11001001110011111110111010000101
10001111001110011101010001111110
10001010100101101110010010001001
00111011111001010010010001001011
10111111110110111011000111110101
10100110011111011011010110101010
11000011000011011111111000000001
00010011001100011101000101010000
01101011011111101101001101001001
10100001100101111011011110011111
01011100100111001000011010011110
10000010110011111010111111111111
11110000001010101010011010011000
10000010000101001010010001110011
11011111001001000100101101110110
01111010000001001111001111001001
00111000111111000110011101001101
01100111101101100100001100011101
10010011101000010001000010100000
11100000000100010010001101100001
00111100110100000110111010011110
11101001110001001011111110001100
00101011111110010101001101101011
01000000000111100110111000111111
11001100000001110001001111000010
01100001001101101111111001001010
01010110110110111110110000110100
11110001101011101010001101011001
00001101000100011001011001100011
10011100011010100100100010101011
11110001101101100001101001110111
00000111111000101010010000000100
01111110001011100010110010100011
00000100111111111110110111100100
10010001110010101011011111010000
11110110110000101011000000110001
01110100100110100111110111001001
00110101010001110001111000101001
00111001101100101110001000000100
11101111101101000001001001111000
00111001001000010101010111001110
10101010001000011111000111100000
10111011000110110101000100101101
00100101011100101010111100101110
01101011111001110101110010001000
00001011000100101111110011001000
10000100001011001010010010001100
10110000100011101001000011101111
11011111100100010011111000001101
00011000100101101011011101010111
01101011011001001101010010100111
01101101100100100101111100001100
00111110000100110010101111010001
00110001011110110000001000100011
11100100100011101000111101100001
11011010110001000110111111010000
00101011000100001011110101011001
10100111101110111001110101010010
01010001001110100011010010001011
00010101110001010111000001111000
10011000101001100010101001100001
00011101100000000010011001011000
10100010000000100000100010110101
01011000001101100000101110110011
11101100101010100000100110010000
10101010100100111011011001111011
10011001000000001010100110011110
10101010110111001000000001000100
00000011101011100000001001111000
10011101100111000010111000110001
10101001101110000110001011101001
00011011001111110001111010010001
00010111110110001001010000111010
01011000101010000001001000001100
00101000010101111101001111010001
10011111011000100110010000001000
10110101101101100000000101000011
10101111100000101110010000100110
10000000000100001011001111011110
11110000000110001101100000000111
10001110011000011111100101010111
01001010110110101000000100100010
01001100101011100111101101000100
01111000100101000001010110001001
01000011110010000010000001011011
11110100001101011000010100110101
00101110100011100101000000100011
10001000000000011010100110001001
00101101101000010100100011010010
00100011111010100110110010000011
01000011001010010101111000011000
01111101000000000001000010011100
00101000000100000010010001111000
01010001000100000110110001101011
01111001011011001011000000001000
00110000100111001000001111000011
00001100010000010010011110000000
00100001000011111001000000010011
01001110000010111111010011001101
11100100111101110011100000010001
11001000010101100111010000110010
00000000000000110110000000100110
00000001010000010100000010000100
00100000100000010000001000101010
00100001010000101000000001110101
10001100001011100000000010000000
01000010000101000000100010000010
00010000100010001000101000100000
00001100000100001100011110110111
01001101001111110100000010111010
00000100010010000100001000000000
00100000010100000000010000100000
00010000000100000100101101000000
10000001001001111111111101110000
11100000000100010010100000101000
10101100100001110000100001001000
00100001000010001000000000000001
00101000100101001010010000001000
01010000101010001101011010001100
00111100010100001001001100110000
01100000101000000000000000000010
00001000001000000000000000001010
00000000010000100000000000010001
01000000110110000100100111000110
00100001001010001010000010101111
00001010000001000100000000000000
10000000100000000000000010000000
10000101000000000000011100000000
01011111100101100100111001000000
00000000000010110001000000010000
00100001000000000000000000001000
00000000000000000000100000000000
00000000000000000111000100000111
10101100111011000010011101101100
00001000001000000010100000000000
10000100010010000000000010000000
00000000000000001010000000000000
00000000000000110000010001010100
11111000110000010100110000010010
11100000000100010010000000001000
00000000000000000000000000000000
00000000000000100000000000000000
00000000001100000000001000010011
10001101010000010100010110100110
00000000001000100000000110000000
01000000000000000000000000000000
00000000000000000000000000000000
00000011000001000000000000011010
11010111000010010000101000100000
00000001000000100001100000000001
00000000000000000000000000000000
00000000000000000000001000000000
01110001000000110001010100101000
10100010000101100010101000000000
00100000001000001000000000000000
00000000000000000000000000000000
00000000000000000000000000010100
00000100010011000101000010011000
00001100100100001011001000000000
00000000000010000000000000000000
00000000000000000000000000000000
00000000000000000000000101000000
00000000000000010000000110010001
00000001000000111010000000100010
00000000100000000000000000000000
00000000000000000000000000000000
00000000000000000000010100000000
01000100000000000001101000000000
10000001000010100000000000000000
00001000000000000000000000000000
00000000000000000000000000000000
00000000000000000001000000000001
00000000000000011010000100000010
00010000001000000000001000000000
00000000000000000000000000000000
00000000000000000000000000000000
00000000000000000000000000000100
00000000000100010000010000000000
00010000000000000000000000000000
00000000000000000000000000000000
00000000000000000000000000000000
00000000000000000000000000010000
00000001010100000000000100000001
00000000000000000000000000000000
00000000000000000000000000000000
00000000000000000000000000000000
00000000000000000000000000000000
00000101000000000100000000000000
00000000000000000000000000000000
00000000000000000000000000000000
00000000000000000000000000000000
00000000000000000000000000000000
00010000000000010000000000000000
00000000000000000000000000000000
00000000000000000000000000000000
00000000000000000000000000000000
00000000000000000000000000000000
00000000000000000000000000000000
00000000000000000000000000000000
00000000000000000000000000000000
00000000000000000000000000000000
00000000000000000000000000000000
00000000000000000000000000000000
00000000000000000000000000000000
00000000000000000000000000000000
00000000000000000000000000000000
00000000000000000000000000000000
00000000000000000000000000000000
00000000000000000000000000000000
00000000000000000000000000000000
00000000000000000000000000000000
00000000000000000000000000000000
1deg=19968
deg tmp = 31
128 bit k-distribution
k(1) = 19937
k(2) = 9968
k(3) = 6644
k(4) = 4984
k(5) = 3987
k(6) = 3322
k(7) = 2848
k(8) = 2492
k(9) = 156
k(10) = 156
k(11) = 156
k(12) = 156
k(13) = 156
k(14) = 156
k(15) = 156
k(16) = 156
k(17) = 156
k(18) = 156
k(19) = 156
k(20) = 156
k(21) = 156
k(22) = 156
k(23) = 156
k(24) = 156
k(25) = 156
k(26) = 156
k(27) = 156
k(28) = 156
k(29) = 156
k(30) = 156
k(31) = 156
k(32) = 156
k(33) = 156
k(34) = 156
k(35) = 156
k(36) = 156
k(37) = 156
k(38) = 156
k(39) = 156
k(40) = 156
k(41) = 156
k(42) = 156
k(43) = 156
k(44) = 156
k(45) = 156
k(46) = 156
k(47) = 156
k(48) = 156
k(49) = 156
k(50) = 156
k(51) = 156
k(52) = 156
k(53) = 156
k(54) = 156
k(55) = 156
k(56) = 156
k(57) = 156
k(58) = 156
k(59) = 156
k(60) = 156
k(61) = 156
k(62) = 156
k(63) = 156
k(64) = 156
k(65) = 156
k(66) = 156
k(67) = 156
k(68) = 156
k(69) = 156
k(70) = 156
k(71) = 156
k(72) = 156
k(73) = 156
k(74) = 156
k(75) = 156
k(76) = 156
k(77) = 156
k(78) = 156
k(79) = 156
k(80) = 156
k(81) = 156
k(82) = 156
k(83) = 156
k(84) = 156
k(85) = 156
k(86) = 156
k(87) = 156
k(88) = 156
k(89) = 156
k(90) = 156
k(91) = 156
k(92) = 156
k(93) = 156
k(94) = 156
k(95) = 156
k(96) = 156
k(97) = 156
k(98) = 156
k(99) = 156
k(100) = 156
k(101) = 156
k(102) = 156
k(103) = 156
k(104) = 156
k(105) = 156
k(106) = 156
k(107) = 156
k(108) = 156
k(109) = 156
k(110) = 156
k(111) = 156
k(112) = 156
k(113) = 156
k(114) = 156
k(115) = 156
k(116) = 156
k(117) = 156
k(118) = 156
k(119) = 156
k(120) = 156
k(121) = 156
k(122) = 155
k(123) = 155
k(124) = 155
k(125) = 155
k(126) = 155
k(127) = 155
k(128) = 155
128bit D.D:  35365, DUP:  118
64 bit k-distribution
k(1) = 19935
k(2) = 9968
k(3) = 6645
k(4) = 4984
k(5) = 3987
k(6) = 3322
k(7) = 2772
k(8) = 2492
k(9) = 312
k(10) = 312
k(11) = 312
k(12) = 312
k(13) = 312
k(14) = 312
k(15) = 312
k(16) = 312
k(17) = 312
k(18) = 312
k(19) = 312
k(20) = 312
k(21) = 312
k(22) = 312
k(23) = 312
k(24) = 312
k(25) = 312
k(26) = 312
k(27) = 312
k(28) = 312
k(29) = 312
k(30) = 312
k(31) = 312
k(32) = 312
k(33) = 312
k(34) = 312
k(35) = 312
k(36) = 312
k(37) = 312
k(38) = 312
k(39) = 312
k(40) = 312
k(41) = 312
k(42) = 312
k(43) = 312
k(44) = 312
k(45) = 312
k(46) = 312
k(47) = 312
k(48) = 312
k(49) = 312
k(50) = 312
k(51) = 312
k(52) = 312
k(53) = 312
k(54) = 312
k(55) = 312
k(56) = 312
k(57) = 312
k(58) = 312
k(59) = 312
k(60) = 312
k(61) = 312
k(62) = 312
k(63) = 312
k(64) = 311
64bit D.D:  22974, DUP:   54
32 bit k-distribution
k(1) = 19934
k(2) = 9968
k(3) = 6644
k(4) = 4983
k(5) = 2496
k(6) = 2496
k(7) = 2496
k(8) = 2491
k(9) = 624
k(10) = 624
k(11) = 624
k(12) = 624
k(13) = 624
k(14) = 624
k(15) = 624
k(16) = 624
k(17) = 624
k(18) = 624
k(19) = 624
k(20) = 624
k(21) = 624
k(22) = 624
k(23) = 624
k(24) = 624
k(25) = 624
k(26) = 624
k(27) = 624
k(28) = 624
k(29) = 624
k(30) = 624
k(31) = 624
k(32) = 622
32bit D.D:  14419, DUP:   24
