mexp = 19937
filename:resX78.19937.magi08.060820.05.txt
POS1 = 60
SL1 = 10
SL2 = 3
SR1 = 3
SR2 = 1
MSK1 = effdbfff
MSK2 = dfffffff
MSK3 = efffbfef
MSK4 = ffef77ff
deg poly = 19937
11111110100011100110011001100101
11001000000111101111001011101110
00111010011110001100011011100100
00010010001111000100011001000100
11000010011101100101111000000011
11110100010111101011001101111110
11110110100011111110110111101100
00101111010010100000110001100001
11101110101000111101110100011010
11011110110111010010011100000100
01010001111010110010110101010010
01000111000011001100001001101110
01101010101001101100000110011100
11101110010001100010101000111111
10000001110111010000100000111000
10101110010100011011001010000111
00001000111110101111101111001100
00110001000011100010000111010001
01011000001011010011001011111111
00100110111010111101111100000100
01101001000010101010111001110000
01001100101010111110011101101110
11010000100011010101111110000011
10100100111110100100010010001001
10111110011000100101000111001001
01100101000111110001011001000000
11101100100010101100000100101100
00001001110100000011101010111000
01011110111110001110100111000000
00011000110100001110000001110100
10111100110001001011001101010101
10010000011111001100100101010100
00000111000100110010110101000100
10111110000110000110101100111000
00001110110110000110010011010000
11001011110010011101100101101001
10110111101001001001100000101110
11111111001100011011010100000001
01100000110000111001110010100110
10010100100001010101111000100101
10100111010001100010111011011000
11010011011100110110000110010110
10010110110111001000000001111010
01000100110011001000010000001100
11100010101011101100101000111011
10110000010110001101111110101110
10111100001111001100010010101111
00011100111101001111001101001011
10000010011011010101011110000110
10011101110100101101110111011001
01000110110001011111100101011010
11100001010101100001111110011011
10101000011001010001110001010011
00010100001001010011110001010011
01000101001010101010101111011100
01001111110000111000001000101010
11000000010000011100110000011001
10001010010011110001101011011101
11100101010000111000101011010100
00011011110000000110111010101110
10010110001010011101100000011010
10110010111100111101000010000110
11110000110111110010001000011010
00111100101001111100100110100110
01000001100101011111000111111101
10100111111001110001011010001000
01000111100000100000001100010111
01100111110110010100000001011010
10111001110011000101010101111011
10101110101010110101001010110000
11100111100011100111110000110001
00010001011000001101000111011010
01011010110011100110010111111010
01010100001111001100100100011000
01011110001101111111000010110100
01110001100001011001010011101001
10010110000000010100111011000000
01011110111110110001000111100010
01110001010101100000001100000100
01101100101010001010100111011000
01000101000000011010011101101001
00101101000101010000000000001010
00111101000111100010000000010100
01110100001010110011110001101110
00000000000011110001010000010000
01100101100010110010011000111101
01100000101101101110010101010010
00110100010001100010001001101001
10000011000110001011101111101010
11111111011011001111111011100010
11000010011110101001100001011100
11101110001001111010011001110101
00111101011100001010100101111010
11111100011011000011011001001011
11011110000111000000100100110010
00011010001011100010011111101100
01110001100111111001011111100000
01100010110000110001000001111000
00001011001110000011110010011010
01010001010001001101100101010101
01110010110111100000011110110111
10110011000001001110011010110110
11011011100010000110111010001010
11111110111111111101100011000101
10010000001100001100111111000010
10000110101111101000010101100101
01011111001111100000011011011101
01101101001010101100111001101101
11011111010110101110101001101110
01010111010000010100000110111010
01100001010101101100011001011111
11001011011101110000001000011000
11111110110000000011110001111100
00100010000101101010101110000011
01110011110011011000011011110011
01111100101011001010011100100111
01100111001010100011011000001110
11010011100010101101000111101110
10100011110000111111010010100110
01011100011111010010001001110110
01001010011001100010111110001100
01111000100111011110011010110011
10011001010011000110010011010010
01101111000000001011101011101010
10011011100010011000000110001110
00111001101010100101001011010100
10100000001111100000101110010110
11010110000111001110000011000011
00111001010110010100000001011100
00110111100111000001001110110111
01101101110100101111011110100001
01011111100011101101100001100111
10001011000001111010011111100010
01010001100001001101101011111001
01111100011100101011010000001110
11100110110011001111010000100010
10001101011110001110010001101011
01000100101111101011110001001100
11010101000011110101101000100111
11011111101001100110101011101110
11100101100101010011000111111011
10001010001010110001000100011001
00010001001001100011101101000101
11101111010010011110010101011101
01000011011110111001010000000001
11100110001000101011101010100010
01100101001011110110111001001111
10000110110000111100110011011101
10100001010010111110100100111101
10110110101011100110000001000001
00010110100110111101110000001001
00010000110000011110000100001110
00110001111110000000101010000100
01001100101111001000101101010110
11011001110011001010111100001011
11100100010011011000101111010110
01101101000010100000100100010110
10101011101100001100111000001100
10001000011101110111000001000010
01001110011000000010001110100111
01110001110000010011111100100100
00000111000111001111010001000011
10100011010000101100000111111000
10000100000100001000000000001100
00010110000100000101011010011010
01101110010001000011010001100111
11001011110001110011111001010011
10110101110010110000101001100011
01001000111011010111100111000111
11001001110100101110101010111010
00000111000010000100011001101101
10110110011000100011000011001100
10100111011010010001000000000001
10001101001011000010001000100100
11011100001101110001101110111100
10011010110000101111001011100101
10010110100001011100001001000000
01000001001110100111100001110000
01010010110101011100011001010100
10011000100110001010110011110110
01000010101110000000111000101100
00101011110100111001101001010101
01000011010000001111011101001000
10011110011101011110101011100111
01010010101001101000010111011000
00000011100101111110000111010111
11101101001001010000111000111001
10100001011011000101110000111010
11101110000011111110111000101010
10110000010011010111010110110000
00010111001101111001001110001100
11111111000100111101111010100100
00001100110000001001011100100000
01101011111101011000000000100001
10001011110100000010101100100111
11011111000110101110001110011101
10001010011011000001100100011100
10000110101101010011001011011011
01011100101011000000111011000010
00010001000100011000110001001010
11010001100100000000110110000000
00100011100100101010100000110101
11011101101001011100100101100000
00101011011100111000000101111000
11001101001010101100110000010000
11000100010111101010010100000110
11000000011101110001111101000011
10001101001101000010110011000101
01100000011110011100100011001000
00101111110100111010111010110111
00110111110011010000000101010010
11011001101101011011111011101101
00100011001100011110111111010101
01000101101010111101011000010110
10101111011111011011010011000011
00010110001010100000011111010101
10000000100111111000100011111001
10100101000111010011100101100001
00001010000111101111101000110010
10000011010001001001101111011110
11010010010101101101011111000000
00101110111011010111011100011101
01101110111010111010111101111000
10111011100000010010100010000010
10000100100000111100111001010111
01101101000100101101101111011101
01011100100111110011000110110011
10010010011000011000100011000100
01001101011000101011111000111110
11100110011101010111110100001111
10011111110010110111110101001111
00111010000011000100101011010011
01011100111110001100100111100111
11000110110111101001101010011011
00111000011000011000110111110001
10000111000011111101011101110001
10010110110000010010100110011010
01010001010011001110100000011110
10100011000000000010000000111000
10110010110000111001001011101101
11101111010001100101111100111011
10011101110101011011000010001010
00110110101100011011100011110000
00010110000100010111000000111010
11000000111101011000000100000111
11010001011000101100100101100111
01001000011100011101101001010100
01111000101110000111110001111010
10011111101011111001100001100101
01011111000000100110001110110111
00011001011001000000010000011000
00101010011001001111100111001000
10010010000010110001000111111010
10000100010110100110010000111001
01001001100011011110100001100000
00001011010110010101100001001011
10110110111111101011000100100000
11011111111100011001101000100011
11000111100110010011010011001000
00000001011111100001001100100001
01001111000101111001000011110101
11101011111110110111010101001101
11100101011101010010011101001001
10010000000000001001010010110101
11011100001101000111011101110111
10010110101010011010101100011011
11101111100001001010100011000110
10101000010010100100010110001001
01001110000110010100101111010100
00001001001001111110001001001100
01010010000101101000000011111001
10110011010100000110010111100010
11011010000001111000011111010111
01000110011110110110100011011110
10111001110010100010111110100010
00110111100010010001001101000101
01100010111010110011001110000101
10100110100001011100111110000101
00110111110101111001010001101000
00011101011011101110011000101101
11101010101001000011011100011001
10000100100011010101010101001101
11011001111001100101111001010000
01100111000011010101111011000110
11111001011001111000111000010000
10101010001101110100000111110110
11011000111001001000001011111101
00100110000000011110100100000010
01001010011100000100000101111010
10101010100101111000001001001100
01010100110100010101101111010001
11100100010000010100100101011111
00100000110101100001000001011010
00100000101011111100000111010100
01111101010010111010111110101111
00011000110111000000111000000000
11100101011000010100100000101110
10100111111110110000001101101101
11011011011000110101111000111111
00000111010001100111011000001000
10000001001010000111011100010010
10100011110101000010100111101100
10110011000001000100001000000000
10111110011010011001011110101100
01100001111001001110000110011101
00100111111001110101100001111001
00001000011001010110001111010111
10011011010111111111110001111101
00011110010000101001111010111111
10111100101011001010111110111011
10011110010000110000111000110100
11010011011111000011001111101000
00100001111011000110000000101011
11111111100011101111111101011110
10001011101111111111001011011000
01111101101011110001101000000010
11101011100011100100010110001110
11101000000001011110100010111011
11111100010110011110000011100101
01111000001000100010110000000101
10111011111000110111101011010110
01111001011010100001010000111101
00010000101011000111000010111011
11100001101001100111101001110111
10111111101000000110000010010110
10011101110001000011001111001011
00100110011000111111000111000010
00100101010011011111111010001001
10110011100001011001000110101000
11111110001110101100001101010011
01100110101110111110100011000010
01101011110000100010001000110100
11110000010100010101011100111011
00111110000100111000101000100011
01001000011010011000110001000101
00101101001100110100000010000110
01101010011001010001101010111010
10101011101110001000110101011110
11100101101110001100001100000110
11111100000100000110010000111101
10001111000000000111111111001000
10100011000101100001001000110001
10011010110000000101101100111011
01100110100001010100101100010000
11111011001100100110010010110010
00010110101100001000001110100011
11101101111101001000111100100101
10000010011001110000001110001111
01101000001111110111110001111100
11010111110001100110101010100100
00101110110010010101010000101110
01110010111000101000001100101101
11011010001000010111101101011010
10100110001011100000111000100111
10100011011101100111101100011101
11111000111100111010001011010010
01100110100010110101100101111111
11110111000010000001111111001111
00100110010001010100001100110011
01100100010010001010010011011111
10111111000110100010011110010101
11101010000010110100001101101001
01101010000010110010001111010100
01111010111101110110010001100100
10111011001011110100000011001001
10100000010110001011010001100011
00000100110010010100101110010111
11011011001110111001010001011110
00010011000100001110110010110101
11011010011011000000101110100010
11101010011001110010101100000100
10101011110101111111110010101111
10110110101111100000000111001010
00101100100111111001000101000000
01001100101000011000011011101011
10001101001000100010011101010101
01101010100110100111100101101010
10110100100001001100100001100010
10001001111101111001010000101100
01011011110110100110110011010011
11110101111100001100011001101111
00010010001101101110110110011100
00010010001011101001000011010000
11011010110110010001010101011010
01111101000001101100101101101111
01110100100101101001101110011011
11111011011010010110100100000011
01000010001010101010101010010110
01010111100100110101110001011101
01010110001111100000011101111111
11101101111110001110101000100100
10001111011100101000111100010011
00000011010101110000011100001010
00001000001001011101011110001000
11010001010001001110010111011010
11101100000111000010101101101111
01100000100100010111100100001101
11110011000111010100000101100100
01111110111010110001110000100100
00001100111100110010000110011010
11101110101101100001101010010011
01011000000001101001001100111001
01101101010110111110110000001010
10011010111001100011011010101111
11110001101001001011010010111011
00000000001000010110011100100110
11101000011010110111000001111011
11110010000111101010001001110111
10100111001111010100000111000100
01100101100111110110101111101111
10011011001110011011001011110010
10000100011111001110111000101110
11011111000010010101110001010111
10111111110010010100001111111110
10011001000111001001101100101111
10110100001101111111010100101101
11000001010001100000010110100001
10001110101010011011000111100111
00011111011100110010011010100010
10001010110001000100111001000100
01011011001101111011001100101111
00110000111000000001101110000011
10111011001000011100010010000000
00010111100001101100110100000110
01000100011111111111100010101011
00001100110100110100011011010101
11000000010101110101111011100001
01111100010111111110000111110111
11001110001101000101111001010001
10101001101101110111111111101111
11111101011001101100111000110011
00010001011101011001100100101011
11101110011111101101110101100001
11010010001110110010010100010000
00111001010111101110001101001111
11100111010101011010000110011100
01111000011010100010001101000000
10111010100011010010010001000000
01000010100100111111111001000110
00111011111010101110000111001111
10101001101000010001111111110011
01111110001000110011011111011110
01000010101000010101101001110000
01101101001111010011011011010011
11101100111110111110101000100110
01101110110010101100100001111011
11111100100111111110000111111101
11010011000010110000111111011101
00000100110101111101111100010011
00001011110010010100101110001101
10101100000000010101110101010111
10111000000010001000010001111111
00101101001101011010011001111101
00101001001100011101101110001011
11011010110101011010000011111110
01000000101111111001011110011010
10000100101100010100110101111100
10010001100000000110111011111000
00110000011101010011010001101010
10101011101100000000000111101001
10110010111001000010111001010011
10100010010000000111011100010011
10100100111011011111011001011011
01011001011010110000001000010100
10111010000001111110111001010110
00111111000111101000100101100000
01001000110000000100011000010110
10101010011001000010110010011101
11100011100110111110110101111000
00011110101100100000000000100101
10111100010010011001001101010101
10001001010010000001010110101101
10001000111001101111111001010010
10000010101100000000001010011100
10100000101100110110111000101000
01000110001101011001111111100111
01000111011101001111110100000100
01100101001011001010001000111100
11000100011011011101010011101001
11100000101110101111110010001011
00101001000110111101011100001001
10101110110010011110111100000100
01011001100110110000101000011100
01001101110110010000011001111011
01011011100010100101000001111101
01101111010111011101000101100110
10000011000111000011000101100100
00110101001110010011110000111100
01010100001101010001101011111111
00011100110010101011110011011011
11111110000100011000100110100111
01011101111001000110110100100100
11010010011000100111110100110101
11011101110000110010100001000100
01010010010001011000110110101101
11011001100111101010110110111000
00010001111100111001111001101111
10110000101000100000111011111100
01110010101111100100110100111100
10011001000111110111000110110111
10100001001111010110011101101110
10110000110110010010111001000011
10100111101001101110011100111100
00000000110000111000110101101110
11000001100101110110100100010110
10001000000001110000110000011010
11100101000000111001100010111010
01010110010000100100000110111010
01111001000001111010011001000100
10001110110010011000000000000001
11001010011001100001100001001100
00000001111100011100100111000100
01010100111010010010111011011110
00011100011101100111011101001111
00010111110110111001100000101111
10010011101001101011110100100100
10010011101001011100000110001111
11101111100100000110010011101101
10111100000110001010100100001000
00111001100011000011110110111111
01111111001100010001100110010101
00111110101010111110101111111101
00110001101110111111101010101001
01001111100010111010001010011000
00100011100101111110101111001111
00011101010011010100111101000011
11011100100010100001001011111000
10011010010101001110110101111111
10100111110100111001010010011101
10001111010110101010110000011101
01100111000101011000011100001100
11110100010100000101010110001001
11000100011011111000110000100110
11101000101000001100100100101001
10000000111010100000100011100101
10010101011111010110101001111110
10111000001011011000110110001110
11000111001010101011100001100000
10101101100100100001111110100101
01000001110101101000001110011011
00000000101001000111001001100001
11000101101001111111000111010011
10100101110111010101101100110101
10010110111100110100110000011010
00101100110101110101110100000111
10110100111010110010100011000001
10101101001011100010110111101111
00001011101011110001011111011001
10110101111010010000110001011000
11101011000010010000011001110110
11010011011101000011011000011001
00110100111011110110010100010101
01100011011010101110000110001100
11000010100001101110110110101110
10110010110110101010100111001000
10101101111000010011011100100000
10000100110111010011111001000110
01101110111110011100000001110011
01101101110011100110001101011100
00100000011101001101101101110101
10010011001110000001110010100001
00000101001100100110100001011111
00010011111011100110110011101101
11110101100000001101111000011101
01000010001111001100110110101000
11110111110001100101101100110100
01001010000011011100101000110110
10100111111011100110011101100100
11001001111100111101010110001110
10110110110000000010001111011111
01111101100110100111100001111011
00100011010110001000001001100011
01011110101101010110011111000100
00111100100110011110101100011000
11011101000011001001000000001111
11111100110011001001111110100110
10100101001010010110001011110011
01011110100110001010001101100101
00110100110100001100110110000011
00101001101100111000110010011100
11110111101000100110010011011010
01001010100110011001101100001111
01000011100101111110111000010010
10001110111111010101010010111010
10010001000010001001010001100100
10111010010000011100001001010100
01011000100011000100010101011001
10000000011101100010101111000111
01101110100000010111110010101000
10100000110010110110111110111111
10110110000000000100001000101100
10010001100000001010011000000000
00000110001101001011001111110000
01101001111111100100101011011100
10001110111010001000110011000000
00001101101010011111110011100110
00110110111010111101111110001001
11110010011001010101000100100000
10100110011101111100111011100011
10101100000001100011100111101010
11110100100000010100111000000011
01000110000100101010010101100000
00010010011000100010010001110011
11111100011101100110110100110100
10001000111010100001110111101001
10100001111011011100000111111101
10010111001110010101011001101111
00111111000001011001101000100000
01101111001110101011010011101001
00010000011011111100111100101001
10001010010111100001010011100001
11111101100111010110011010001101
01000110010001010000110010011111
00111110010011101101110011101010
00010110101101011100011111110100
10100110100111110011100101101011
11101100001001011001110110011000
11110110110101101111001011110100
00110111101001100010001100101111
01000110110101010011010111001110
01100001101111110010111100011101
00001000110000100111010110111000
11011111010111011000010100100111
11deg=19937
deg lcm poly = 19968
weight = 6690
10000000000000000000000000000000
00000000000000000000000000000000
00000000000000000000000000000000
00000000000000000000000000000000
00000000000000000000000000000000
00000000000000000000000000000000
00000000000000000000000000000000
00000000000000000000000000000000
00000000000000000000000000000000
00000000000000000000000000000000
00000000000000000000000000000000
00000000000000000000000000000000
00000000000000000000000000000000
00000000000000000000000000000000
00000000000000000000000000000000
10000000000000000000000000000000
00000000000000000000000000000000
00000000000000000000000000000000
00000000000000000000000000000000
00000000000000000000000000001000
00000000000000000000000000000000
00000000000000000000000000000000
00000000000000000000000000000000
00000000000000000000000000000000
00000000000000000000000010000000
00000000000000000000000100000000
00000000000000000000000000000000
00000000000000000000000000000000
00000000000000000000000000000000
00000000000000000000100000000000
00000000000000000000000000000000
00000000000000000000000000000000
00000000000000000000000000000000
00000000010000000000000000000000
00000000000000001000000000000000
00000000000000010000000000000000
00000000000000000000000000000000
00000000000000000000000000000000
00000100000000000000000000000000
00000000000010000000000000000000
00000000000000000000000100000000
00000000000000000000000000000000
00000000000000000000000000000000
01000000000000000000000000001000
00000000100000100000000000000000
00000001000000000001000000000000
00000000000000000000000000000000
00000000000000000000000000000100
00000000000000000000000010000000
00001000000000000000000000000000
00000000000000000000000000001000
00000000000000100000000000000000
00000000000000000000000000000000
00000000000000000000100000000000
00000010000000000001000000000001
00000000010000000000000110000000
00000000000000000000000000000000
00000000000000000000000000000000
00000000001000101000000000000000
00000000000000100000000000000000
10000001000000000000000000000000
00000000000000000001000000000000
00000000000000000000000100000000
00000010000010000000000000000000
00000000001100000000000000000000
00010000001000100000000000000000
10000000000000100000000000000000
00000000000000000000000000000000
00100010100000000000000000000000
01000000000000000001000100000000
00000110010000000000000100001010
00000000001000000000000000000000
00000000000000010000000000000010
00001000001000100000000000001000
00010000000000010000000001000000
10000101000000000001000010000000
01000010000000000000000100000000
00000100010000000000000000000010
10000000001000000000000011000000
00000000000000001000000100000000
01000000001000110000100000001000
00100000000000100000000000000000
00000101000000000000000000001000
00100000000000110000000000010000
00000000000000000001000010100100
00000100001100000000000010000000
00000000000000010000000000000100
00000010001000100000001000000000
00000000000000000000000000000000
10010000000000100000101000000000
01000010000000110000100000000000
00000110000000000001000100000001
00100100011000000000100100000010
10000011010010000001000000001001
00000000011000000000000000001100
00100000000000101100000000000000
00000000000000100001000001000010
01100000001000100000000000101000
01000100100000000000000110000000
10000111010010000000000011100010
00000000010010000000000000000100
00000000001100000000110010101000
00000010000010100000000010001101
11000000001100000001100100001000
11110000001000100000110000100100
10000110100000010000000000000000
01000000000000001001000110100000
00100010000000000000100000001100
01000000000000011000000110000110
01000000000000001100001100001010
10001000000100000000010000001000
10010000010010111000000001000010
00001001000100011000000111001100
00010100000110010000100110100000
00000010000001000010000110001010
11000101010000001000000111000000
00100110101000000010000010000010
00000000000110000100110010000000
01000000100000100000001001000000
00000000010000010001100000001000
00010000000001110001000100010010
00001110000010000001100000000000
00010100100001000100000000010100
00101001000000011010100010101010
00000000000001000000001000000001
00000000001000100000000000100010
10010000100000000000001010000000
01001000000101000001000001000110
01000110000000100101000100001000
01000000000000011000100101010000
00000101000010000001101000001001
00000100010000000000100000010100
00000001011010010000010010001101
10000000101000101001101010000000
00000001000010100101010100000100
00000100100000000000001010000000
00000110010000000001000101000000
00000110100100001100100001001100
10100110011100000000100011000000
00010000001010010000000010001001
00000001000110100000110000000000
11110001000000010001010000001000
10100101000111001011110000001000
10100000000010111000000100000000
00000000010000010000110000000000
01100010001000101000000100001110
01100000100100010100100010011010
10000000010010000000010010000110
01010010001010101100000100000000
11001101010100010001010100101000
00110010000010110000000100100011
00001101000101000001100110000000
00000000001110001000000100101000
10101011100000000000100110001110
01010011010100000000001001101000
10000010101000000000111011001000
00000001010100011001100010000100
01000000000101101011001011011010
01001100000000000000100100101101
01110000100000101011100100010000
00101000000000011011100110000100
00010000000010100000100001011100
00101001000010000010100010101100
10000001000110000000000001000001
01001000001000111010100010100000
11100000000001110101000110000001
00001101101100000000010010000000
10110000101000000101000010100000
00010010000000111000000001011000
00010110100010001001100010001111
00010100010100011001110101010100
10011000011010000100000000101111
11000010000000001000001110000101
01101001001110111101000010100010
01100100001000100000101001101010
00001101010110000100000001000000
00110100001100001100000010100110
00010100010100000001100001011100
00000011011010010100101000001110
01001001101010001010011100110000
11100000000000000000010001100010
11100011001101001010111110001000
10000010000010010100100001000000
00110110001000011010001011000110
11000000000010100110110101000100
11100001100000000100111001111100
11000100000010111010100111100000
01110010100011101001101010000001
10000010010000100000100101000010
00110010011010111101000100101001
00001011011101101001011000000100
00100100101110010001101111001000
10100000011101001011110010011010
11110000000100101001010011100110
00000010110000000000000101010000
01000111110010000111000110100100
01101110101011011101100101011000
00001011000100110001000101101111
01010000001010010101000111101011
11100110001100111110110010000010
01001100001001100100111001110100
01001001100100011001100110101101
00100001100001010001011010000001
01000110001001011000011000100010
00000110001001011100100000001110
01001110000101111101000010100010
01101111011000000000101100001110
00010010100100011101011000000000
00101101010000110111101101101011
00010010011010001001100001110010
00010001101101011111110001000101
11010010111001011001100110111001
01101011000011101101000111100110
11110010100010101100101000001101
01000010101110100010011100001000
11000000011000100100010000000001
10001011000010001000111111011010
00100011010000101100000001101101
00000000000011010110111000000000
10001111000000101111010010101011
10011010101101000111001000011111
11100111000100101010110111001110
10010101000000111111001010100000
10101110000101000100010001001010
10100011100001100100001000001100
10000100000001001011110101010100
01100100110010000101001101100010
10110011000000001011111100111110
00000001111010010000010001000100
00001000110000100100011001010000
11000101110010101101100000011001
10100111100000000001011100101001
11010000110110101111000101101110
01111010001001001010011111010000
00100000100111001100010010110100
00011010001100000011001101000010
01101000011110010011011101111011
00101001100011001000010110000000
00001010001001101010001011001110
10011110111111001001111011000010
00000001000101010011100110000111
10110111100101010000111111100101
01011110111000000110101011101010
01000101101100100000000001000011
00100010000111111101001001000110
11010101110100010100100111001011
01001000001110101111111000100011
01011001000101111001000011001111
01010001100011011000101001010110
10010010001101000011110101111011
00010000010001011100101011111111
01110000001001010110000101110000
01100011011110110001010000000001
11100111011101111101110101000100
11010100111100001001010011101010
11000110000011001110101101100110
00100111010110011001000000010111
01111111100111011110011111110110
00011010010110000111010011001100
01001111000010010010010001011001
00000101001011101000010101100000
11011111000011001101000100010101
00101110011100101000010011000101
10000001100111010100110000100101
10100011001001000100100001000000
00000011011011001000011101100010
10110000100100000101010101011110
10110111001100101001000001101100
11111010001001001111000010010100
01011010011011011000100111001001
11100101101011011101000100001101
11101010010110011000010111101110
00101100110100000100001100001111
11011101010111100000100110000011
00010001101001010000111010001011
11111010010111101010000110110011
11000000111110100110101000011011
10000000011010000000011100111101
00000111111100010101100001010111
00110011110110000100010110101011
10011100111011110001010110001101
01010101110001011010011110110110
01000101110100000101111110001011
01001010101101111001001010000101
00100010110001011100000111100011
10001111101111011010100011110000
11000111000010110101101110000001
01100100010101110100001000110111
00011011001001100101100001101100
11100001111101001100000001011101
11101010011011001101100011011110
01101010100100111100010001110101
10011010110010111001011101101110
00100111000001100001001010011100
11011001100101011010111110000001
00111111000111101001000100010001
11011001001100100011011100001111
00000110100111101000011111000011
01100010011101011000111000011110
01110110001010000010010010011110
00000011100011010101100111001001
11010000001010011100000101110111
00101111001001100010001010110010
11100000010000001111110010010001
00000110101100010010000001101011
10001100001100011100101010100011
10010000001011100001101100110100
00011100110111001100111010100010
01011101110111101101101100001000
01000011111111000101101000111011
11010010010011111100111001100111
01111111011100111111010111101011
10110000111011010000100100100010
00001100101001011110000000010010
00101001101000101110010001101100
10000011001010001010100101100101
01010000011011010010100011000000
10001110010100100001010000001011
00001000101011101000100001001001
00101110010001011111101111001000
11111101011001101101010001110011
00000100001010100000000010001010
11000100101001101000011100010100
11000000101101000100100100000110
00101000101110100110100000111010
11001010001111110001111010011111
11110100010111010111000010101010
00111001011101010111111100111011
10110010011111000000110010011101
00101011111100111110110000001010
01101111101001101101111100010000
11001101000000111100010010000011
01010111000000101111111101001101
10010011010011101100000011000011
10010101111100100101100000111100
01111111011111011101110111111110
10001101110001001000000010100110
01000111010000100100101010111000
11101110111011110100000110111111
01010010001000000001100100101100
10011101110000100110111010100011
00001000010000110010000111010100
11101001001000000100000101010011
00100001011011010110101001010010
11010110100101101101001001000010
00111011100000101111111000011110
01100100111101010111100111110100
11110011110011000111101110001010
00100111101111001011100010010010
11011010110011111101010101010101
11010110010110000000110110000011
11100110110010010101100101111100
00100111111001000000011110100001
11100011110011101110111111111010
00100001000011101010101100000111
00011000111100101110010100100101
10100101011100100010100110110101
00110110100010101001111010101100
01111000111100010110001100110100
00111000000011111001010101001100
10011111110011001110101111000001
00010011000000000100110001011001
10011110110010101100000110001100
11011000001000000000001110110011
01000110111101110011110100000010
01111000011100010110111000010010
00100110010001100111100000110000
00000011111001101100001101011000
11100010011001010001110011100000
00010110000001100111001001000100
10010111011110001011001000101001
00101100000001101111000110111100
11010101011011000100101110010100
00101000110001111000110100101011
11111010110100010110000101100000
10001000100101001001001110110100
00001101011010010111101011010111
00011001101000110010100100101110
11110111001010000110001101110100
01110100000110000010100110111111
01010010100100111000101100111110
00010101001100011001101001100110
00111110101100010001110000100111
01100111001010110010101100000000
00100011111100010011111010011000
10110110010010010001001110101011
00101100000010100110110010001001
11110110100011001001011001100101
10011011010001110001000001000101
00110001011010000111000011111011
00101000101100010001101011111010
00101000101101010101100110101011
00000011010101111101110111000100
10000000101001100100101001100010
00010100001010110110010101010001
10110000100111011100100001011001
01011010100101111111111100011110
00000010000001100100111111101000
00010111011001001100001010011110
00100111111111010101011110010110
00111011010101011100001101001101
11111111011001111010111111001001
00100110110110011000001101010101
11001110100110001010110001011001
01110001000100100011101110010111
00000111111101001011001001100010
01100101010100101011101111101100
10001000001011110001100111000011
10010001101011110011101001111101
00100100110100111110000001111101
11011101000110000000110000111100
10100000111010110111000100011010
00110100010101101101011000000100
10110001000000111111101001010000
00010110110101001111000001110110
11000101111101000011001101000010
00100111110101100110010000011111
01001000010011111010111101010100
00111100110011111101101010011111
01001100000000011010111110111011
10111100010001001100100000001100
01000100110000100011001010111001
00000000100001111110010001110010
00111010101001111010011111010010
00000101111111001000011010111010
10011101101101100011010001001101
10100011100000001101101111000001
00011010000011100001001010100111
11000011111011011010100011010101
10110111110001111100011111100110
10000111010000100101011001111011
10101101110110111100010101101100
01000001110100000100111101111000
01000101110000110110100111111100
10110110011011101000001111001111
01011111001000110110110001111101
11111101100111110001111000000001
01001011111000110110101111100110
00010101010011000001100101011000
01010101001001111011101001101100
01111100101111010001000011100101
11011101111000011100010100011010
00110101100000101100001100100110
01111100100011100101100001010010
10101100100100100000010011100000
01000100110100101001010111110101
11110010010111110110111110011000
01010100101010011010101000010101
01001101000010111001001000011000
10101000101001101010001111000000
00011110001011100001110001000111
00101101000010010011011010011100
00011011010010110001010101010010
10010101001000010100100000010101
00000001000000101001100100110110
11110000011101110110000110011010
11000101010010001101101100110001
11111001011001011110001011101110
00000111100101100010001110100110
01110001100010100011100101100000
01101001010101110110010001001001
00111101000100111001110010110011
10111011101011110000111111001011
11001001000110000011101010010101
00111101111100101000000111111110
01001111010001000111010001010000
01001010001111110000011000010111
00111001101000010000101101011111
11110001101111011101011101111010
10011110101010100011100001011000
11001011101101001111111110101011
10011000110011010110100111010111
11110101010000101001110010010101
01110110110011110111001100111010
11010010010111101101110101000001
01101010001001100000101110010001
00010100010010011010001001110100
11001110101111111001000011000010
00111101101000001101010000001111
11110000000100100011000110001110
10011001010100000100100110100010
11001000110101110001100110100101
11001000000111101001110101000101
00110100011101001101100111101100
11001000110000000001000101000100
00000000001010011111100110000011
01100011001000000110101011100010
00001010100011100100101101010110
11111001000011001101001100101111
10011111000011110111000001011100
00001110110110011101100111101000
11100010010111100110110011011101
11000000010001001010110001001101
01010011011111000110100110001000
00100101011110000111110011111010
11010001110010011100010110100001
01110100111101101001101100111101
10100101010001101110101110001001
01111111010111111110000111111011
00010001110000011111010110101111
00101000100110111111111100111001
00110111101101010111010110100111
10011011100000111100101011100111
11011001011001111111101010001101
00001001100011000111111101101101
01001110011100011111100100100001
01101100010010010000001110101111
10100000100101100010110000000011
01100100000101000100010110101000
10101001100111011011100000110101
10101011001100111000011111000011
00100101101110010111110100100011
11011000100101110101110000110111
01010010010010011001000101110001
01100101001001000100110000111100
01001010000001001000101010001100
00010001001101101100000000001111
01001010010100011100011000001011
11100010111100001000110010001000
01111001011001010111000111100011
01011110010100000100010111100100
01101111111010000110111011100000
00100001100010111110110101001111
01111000110110000100010100111010
10001010001100010010000001000110
11100010001001000000010011110011
11000000011100001101000000001011
11000100000001001000011010110101
01110110010111010010010110001010
10000010100000010000101001011011
00111010101111110010000001101000
00000110000000100101101000111000
11100100110100011001001111000000
11010111011000110100100001001100
10000010011001111001011110000100
11101000001100001000000001100010
00011011100001010000101000011100
10010110000010101111110010000111
01100000011101000000001011001010
10000000011110100001000000000011
10000101100100010100001001001110
00001010011110100011000110100100
10010000100001111100000110111000
11000101010100010000010010001110
00100000100101100000001111101000
00100111001100010000010001110010
10100001101110100101110000010000
01101011101001000010001101010000
01010001101100100100101000001101
01000000000000001011011110010110
00000110010100001000101000000100
01111000001000111101100010010100
00000010010000011011100100101101
00000000001000001001001011000000
01000010000000001010000010000110
00000010001111110001001000000111
01001010000111000001010001100010
10010010101100100100000000001100
00000010000010111001010001000000
00010100100000100001101100000001
01100001101001010000110000010010
11010001010000010001110000000001
01000011110000000000100000011000
00100000000010000101000000000000
00100100101000001001011011011010
00101000011000101000000100100000
01010100000100000100001100000010
00010001000000000000000110100110
00000000000100011101000000000110
00000001001010000000010110101100
10000010000010100101000011000101
00001101000111000001000110000000
10010000001110000000100001100100
10000000000000000000000010000000
10000000000000100000100011100001
00100010100001000000100000010000
01000010010000110000100100100000
00000010000001001000001000001010
01000000010000000000010000000000
00100000010000001000000000000010
00001000000000011000000100000100
00010000000100010000001001001000
00001000000000010010000010000100
01010000000000001000000100000000
00000100001000000010000000000010
10000000000110000100000001000000
00000000001000000000000010001000
00000000000000000000100000000001
00000000000001000000000010000000
01000010000010000000000000000000
00000000100001000000000000010000
00000001000000000000000000100000
00000000000001000001000000000000
00000000000000010000000000000100
00000000100000100000001000000000
00001000000000000000000000000000
00000000000000000000001000001000
00000000000000010000000000000000
00000000000000000000000000000000
00000000001000000000000000000000
00000000000000000000000000000001
00000000000000000000000010000000
00000000000000000100000000000000
00000000000000000000000000000000
00000000000000000000000000000000
00000000000000000000000000000000
00000000000010000000000000000000
00000000000000000001000000000000
00000000000000000000000000000000
00000000000000000000000000000000
00000000000000000000000000000000
00000000000000100000000000000000
00000000000000000000000000000000
00000000000000000000000000000000
00000000000000000000000000000000
00000000000000000000000000000000
00000000000000000000000000000000
00000000000000000000000000000000
00000000000000000000000000000000
00000000000000000000000000000000
00000000000000000000000000000000
00000000000000000000000000000000
00000000000000000000000000000000
00000000000000000000000000000000
1deg=19968
deg tmp = 31
128 bit k-distribution
k(1) = 19937
k(2) = 9968
k(3) = 6645
k(4) = 4983
k(5) = 3986
k(6) = 3322
k(7) = 2847
k(8) = 2492
k(9) = 156
k(10) = 156
k(11) = 156
k(12) = 156
k(13) = 156
k(14) = 156
k(15) = 156
k(16) = 156
k(17) = 156
k(18) = 156
k(19) = 156
k(20) = 156
k(21) = 156
k(22) = 156
k(23) = 156
k(24) = 156
k(25) = 156
k(26) = 156
k(27) = 156
k(28) = 156
k(29) = 156
k(30) = 156
k(31) = 156
k(32) = 156
k(33) = 156
k(34) = 156
k(35) = 156
k(36) = 156
k(37) = 156
k(38) = 156
k(39) = 156
k(40) = 156
k(41) = 156
k(42) = 156
k(43) = 156
k(44) = 156
k(45) = 156
k(46) = 156
k(47) = 156
k(48) = 156
k(49) = 156
k(50) = 156
k(51) = 156
k(52) = 156
k(53) = 156
k(54) = 156
k(55) = 156
k(56) = 156
k(57) = 156
k(58) = 156
k(59) = 156
k(60) = 156
k(61) = 156
k(62) = 156
k(63) = 156
k(64) = 156
k(65) = 156
k(66) = 156
k(67) = 156
k(68) = 156
k(69) = 156
k(70) = 156
k(71) = 156
k(72) = 156
k(73) = 156
k(74) = 156
k(75) = 156
k(76) = 156
k(77) = 156
k(78) = 156
k(79) = 156
k(80) = 156
k(81) = 156
k(82) = 156
k(83) = 156
k(84) = 156
k(85) = 156
k(86) = 156
k(87) = 156
k(88) = 156
k(89) = 156
k(90) = 156
k(91) = 156
k(92) = 156
k(93) = 156
k(94) = 156
k(95) = 156
k(96) = 156
k(97) = 156
k(98) = 156
k(99) = 156
k(100) = 156
k(101) = 156
k(102) = 156
k(103) = 156
k(104) = 156
k(105) = 156
k(106) = 156
k(107) = 156
k(108) = 156
k(109) = 156
k(110) = 156
k(111) = 156
k(112) = 156
k(113) = 156
k(114) = 156
k(115) = 156
k(116) = 156
k(117) = 156
k(118) = 156
k(119) = 156
k(120) = 156
k(121) = 156
k(122) = 156
k(123) = 156
k(124) = 156
k(125) = 156
k(126) = 156
k(127) = 156
k(128) = 155
128bit D.D:  35361, DUP:  118
64 bit k-distribution
k(1) = 19935
k(2) = 9968
k(3) = 6644
k(4) = 4983
k(5) = 3987
k(6) = 2580
k(7) = 2580
k(8) = 2492
k(9) = 312
k(10) = 312
k(11) = 312
k(12) = 312
k(13) = 312
k(14) = 312
k(15) = 312
k(16) = 312
k(17) = 312
k(18) = 312
k(19) = 312
k(20) = 312
k(21) = 312
k(22) = 312
k(23) = 312
k(24) = 312
k(25) = 312
k(26) = 312
k(27) = 312
k(28) = 312
k(29) = 312
k(30) = 312
k(31) = 312
k(32) = 312
k(33) = 312
k(34) = 312
k(35) = 312
k(36) = 312
k(37) = 312
k(38) = 312
k(39) = 312
k(40) = 312
k(41) = 312
k(42) = 312
k(43) = 312
k(44) = 312
k(45) = 312
k(46) = 312
k(47) = 312
k(48) = 312
k(49) = 312
k(50) = 312
k(51) = 312
k(52) = 312
k(53) = 312
k(54) = 312
k(55) = 312
k(56) = 312
k(57) = 312
k(58) = 312
k(59) = 312
k(60) = 312
k(61) = 312
k(62) = 312
k(63) = 312
k(64) = 311
64bit D.D:  23910, DUP:   55
32 bit k-distribution
k(1) = 19934
k(2) = 9965
k(3) = 6645
k(4) = 4983
k(5) = 2496
k(6) = 2496
k(7) = 2496
k(8) = 2491
k(9) = 624
k(10) = 624
k(11) = 624
k(12) = 624
k(13) = 624
k(14) = 624
k(15) = 624
k(16) = 624
k(17) = 624
k(18) = 624
k(19) = 624
k(20) = 624
k(21) = 624
k(22) = 624
k(23) = 624
k(24) = 624
k(25) = 624
k(26) = 624
k(27) = 624
k(28) = 624
k(29) = 624
k(30) = 624
k(31) = 624
k(32) = 622
32bit D.D:  14421, DUP:   24
