mexp = 19937
filename:resX78.19937.magi08.060804.02.txt
POS1 = 106
SL1 = 19
SL2 = 1
SR1 = 9
SR2 = 1
MSK1 = ffeeffdf
MSK2 = ffffdfff
MSK3 = bd6ff9ff
MSK4 = fdafebff
deg poly = 19937
11101010111110011101100100100010
10100101001110010100101000101001
10010000101001001110101100000101
00011000111011011110111110111110
00010001011000111110111101000010
11100101001010000010100011101011
01111000111100100110000010100111
10110000101011110001100010111110
01000010000100110110110100110100
11010000101000111110000000000001
11011011111000101011110011101110
00101000111010100111110101000001
00101010010001100011111110111111
10111101100001001100011010011011
11101111110111011110011111110011
00010000101011111000000010111100
01100001010000111101000000000111
01110101011100101011100010111011
10110111000110100101101001101011
00011101111110011101101010111011
11000001110100000010000010111100
11111111100100101111100001101010
00000001000001110100010010010100
00000011001111000111010101011100
01010110111100000100110101101001
01111111001011110011001111000110
01111101110011101000111101110000
00000101000101110010000100100001
11110011000000111000101110011010
11011011011001001111110000101110
11010000110000010011111101001100
10011100010111000000000000011000
00001100101001101101010000111000
00100110001000000110101011001010
11001011011101010010000000100100
00101011111011110100001111011010
01111110011100011011000011111000
00111100100110001001011101111000
01000101010000001100011100000001
10110001111001111110111000000001
11111000000111101111001001111011
01100000001001101101011100001010
01000001101111111111110001110001
10010110101001101000010011100111
00000011100000110010100100111000
11001001001100001000011001001101
01101111001011001011110111111101
11110110110101101111011101000111
11000000110111000010100000011101
11111111100010000101110100111011
00111000100110000000111011111110
10001010101010101110100100100110
00010000110101100101110010001101
11001010001001101110000101000111
01111111110111001001000011001110
11100110011011101111000101101001
11101101110110001001111110011001
00110100101011101001101010011010
10011111101110000011001111010101
11010100000101101111100011010011
11101101110111010010101010110100
01000110010111111100101100111100
10101011001001110110001000101001
00111101101000100000011011101001
11111101000110100011010100111000
00000110110101000111011101000000
11001011101100100101101100001010
10011001111111110001100000011001
00100011010001100000110100111000
01011001100110111110101100110110
00011000101101110100111001111101
10100110110100110011000010001100
11000111001000101010011111000110
11010000100110101111011010110111
01100101001101101110010010101010
10110010000010010010100001010011
10101010111100110110001110000011
01110001010101001011001111101110
10011111101001010010101101011010
10100001001011110000000100111110
11010100000101001100000110010000
01111000000001010111110001000001
00101000011110111111111100101011
11000100001001000010110000000101
00000011111000100001000001001000
11100111010011110111101001110101
00110110000110010000100011111011
11010110111001000011100100111011
01100000011101100001101110011001
01110000111101011010001000000001
01001100111011100111101110000001
11011000100100111101100001010001
01000110011101000111110010010011
11001010100010011100100001011000
10101101011110000000010111101000
00101100111111011111101011111100
10001110101111000110111100011110
11011111110100101101111101111000
11111001110101010010100100100010
01100111111111010001101010110111
01100111011011001100110000111011
01011110011111001001110101111011
11110011000001110110100000000100
00100011010010111110011000010100
01100011100101101101110001100101
01100001110010001011101111000010
01110101111110001111100001000000
11100110010000000010101010101001
11110111111101001100011111111010
10111000010111111010111011110101
10001011001010011101110101001100
00111001100100010001111101010111
10111000110000001110100011110000
11000001101000110101011111001011
00100001001001000011110010110000
00000001000100101111101001100000
11011111001010101000001001101000
11101100011100110000000100111011
11101111101000111111111000101110
01101110011100011011011001110110
10111000100110011000100101001000
00100100001101101000011010010010
01111011001101010101101101111001
00110101011111010000010011001010
11010110000101100000011100101110
00111111110101000010101111110111
10011101111101000110111010110111
01001100111110110111000010000010
10001110000100001110001101000100
00010010000101101110011010000010
11100111001111011010001110001000
10110101100001011110111111111111
10110111001110100111000010100000
11100101111000110011010010100000
01011011100110110000010010010001
01010101011010100110100010100011
01111100010110001000000111011110
01111010001010001111010100011001
11101001110000110011110001111101
00000001101011100001100000010110
10001101101001011111001101110010
00010100111010110111011011110111
00011111111011000100100110110101
11001110100001100100101001011101
10010000110011010010101110001001
11011101010011100011000100010101
00110001001011001111111011000010
01011010001000110001001100100011
11111100010011001010101100000010
10110001110000001011011010011101
00010110110001110000100010111010
01110010101110010111001100100001
00011000001111001010101000000100
11010100000110000001010111100100
10100111110001110011001101001001
10001001111011000000000100000001
00001110010001000100001111000001
00000111111100100000010001111000
00111111011101101011011111011111
00111011000110110001010011000100
00100001100010100101100111110011
01100100101010011110011100100010
00010011100011101001110001101001
10100001110111110010110001010000
00100101110111110001001111100110
01000110110000000001010100110111
10010010001101100101111100111010
10001100010101110000010110000011
01001101011001111011000011110101
00000000001011110111010011100100
11000010011000110111011000111010
00010000100011110001110010110000
01110110101100011001100101111111
10101100100100001101000101110011
00011101001011111100001101101010
00111100100010010000100111110011
11110111011010100010001000011100
00010001101111110000110100110000
00100000110010101110001000101001
11010001010010001111111110000001
11010101111101111100111110000101
01001000100111101101100111111010
11011010010101011110000111111010
11111010011111100000101001010100
01110001010010100000110110110001
01100010001100110011000001000110
10110100111001110110010111001110
01001101010011001110011010011011
11111001000100101101111100000110
01001010100001001001100001001010
01010000100110101011101111100011
01010110010100100011001100000000
01001101101101100000011001010110
11000010000011001100100100010100
01000111101010001011100111110000
01101001000011001110000000100101
00111010100100101011101111101001
10101110001010000111110001100111
11101010101100110111101111101100
10110001000010011110011110001011
10100111100000001011011000010110
11110111111100100111111101111011
11101001110100000101100111001111
01001111110000110011101000010100
01101111110101001011001010010101
11110100110010110010111100110111
01100010001111001101011000001000
11100100011000111101001011111100
00010101001100111111011011010011
01110011000011111110101010001010
11001001100101010110011111110010
11010101010011001111010011111100
10110110110010101010011100001011
00100001010111111111010101100011
10010011111000110001110011111001
11001010100000000110010001101000
00010111110011110111101000111011
10101000001011001000110101010111
11111010111001010101000101101111
00100001011100101111000110000111
10011010010110101111011111010110
00011001010110001110101000111010
00010110100100100100100010100110
00001100000001011111001011101100
01111100101011101100110001000010
11110000101001000001111101111000
11111100111101111000011101111011
10010100001110001110000110111111
00010010110100101110110110101000
10011010110010111101010011101000
00101110001110000001100010101111
11011110001110011110101111010100
11010111110110001010101111011001
00100101001100110111000011111100
10110000100011110011101111001101
01100010101011010101110011111111
00000110100110100100011001000100
11100000101101101101001100111100
01101110111011001010111110000010
01010111001100011110111000000001
10010011011010011100111010001011
10010100011000001101100010101111
01100110000111111111111010001001
01010010110001100111100111110011
00001100000001010001111101100001
01101111001001101101001101010101
10000111111010000000101101000010
10000100110100001000110000100101
01110000100001001110000000101110
01111110011110010000101001111010
11110010110001110010110011000101
11111000100100101100010000110100
11111000111110100010001100111100
11101100101000100100101100000101
11000110011111110011110010011011
11010000111101010010000100010000
11100111011011100001101000010011
01001110111000010000111011000100
11001011001110011011101111110111
00011001001001110100010101100000
10001001101001010110011000010101
00011011011001110000101000011000
01000110110111000010100010111001
11110011100000110110010110100011
10000011100101110100001000010111
11101010001110000100100000010000
11000011011101101110111010101000
11001001001000011110101100101000
10010101110001100000000101000000
11001001111110101010101111011111
01000000011000110001111000111111
01010000110101010010010111010010
11000001010111110110001000001110
00101110011001010010110011111110
01110110000011011110111001000100
11111110110100111010000101101001
10010101111100000100001101111001
10011011110000100011101011010010
10010010000000101001101011010000
11101111011011111000001010001010
11111011011101111001010111101100
00100100110000101010111101101101
11101110110000101010101011001100
01001111100110000101000001000011
01101110110101110111010100001011
11111100101011101111111101100011
00101011001001001111010010111000
00100111010110011010101111111111
00100011001101110000111001101000
11000101111010000110100000000100
00100011010010111011010000010101
11001010000111000001000110011111
10011101011011110110010101011100
01110011001101110000101101110100
01101111001100001111000011010101
11001011110001001110101010110111
01011010011111110001110110111110
11000101011111011010000011101110
10101011111001011010001011101010
11110110101000000011011100101010
11011101101111110001011011011000
00011010101011111010111001100000
10011001001100110110000110110011
11011110011000110111110110101011
01000111000100100000111011001101
01010001011010000001101110010111
11111101111100000011100100111000
01111110100011110100101010100111
11011001001110110101100011110100
01010011110100100110011101111010
11000100111011101001101101111000
01111010010010011011001000100101
10001110001000110100011100110111
11101110011101011000011010000100
11111100111000001000100101000000
11011011011011101010010010101101
00000110001010001010100100101000
00100000100110111011011100011111
00011110011001010000010000010011
00110011110000000001011100000001
01101011100110111011001001111011
01010110100011001110011000001010
01010011010000111011101011000110
00001111101010000010110100011000
01000001010111110010110110110101
01011000110100010010000111110100
11011001011000111011000111011011
00110101001000011000101001101011
01011100010100011010010101010110
11101000000000101011110001110010
10100111110100011000000011010000
01111011010100001110100010010011
11110010000111111000001111110001
01110000101011001110001101110001
01010101111000101000000011000100
11000101001110011101001100010000
01000000110101111101000010111101
10011100101111111011110111001110
01001100110000110000111101101110
11110101100101111001010101101011
10111010100000011101110101000010
11101110010100110100001111100001
10101101101110100101000100000001
10010110110010010011010010110011
10110000110101000111100111101000
10101101111011110110010001100101
00110100101110011001100101111111
01111010100100100111011000110110
11111000101100100010100001001110
10110010111101111101000010100101
00000011010011101010011010100000
00111100101001111111000101011111
00001000011001110010111011111010
11001001110011110100011001101100
10110111100011111111110010010101
11000011001100000001010011011111
01101001110001101111011101101000
00101111010010111111110011011000
01100000100011111101110010110000
11100100110001011000111010101110
11101000100001000101000001111101
00000100100111001100101011110111
00111100110110110011101100111011
11100001001101000101001101111101
00110011111111010110001011010010
00010110101011100100000000100010
01001001011011010000100011111000
11111011110111111110011100011011
01000101010110011010110010011000
11011111000101111111000100001111
10011010001101000100110111100101
10001000001100000110101111001100
00101110010010101100011110110111
01101001011100110011010100111011
00111010001001001001010001001010
11111101001111100101110001010010
10100001010110000110110101111111
00010100111000111100000000101011
00010101101100010100011111111100
10011100111011011111000001100010
10001010011001010100001101001000
11011001000100100010110111011110
10000101111110010101110011101000
00100000011011000101010100110111
01100011111111011011010110110010
01111010111011000001011110100010
10110101011110100100110010111110
00000001011000100010010110001110
10001010111110111011111110101001
00010110101011001000101110010011
10100100001111110011110101010110
10000011100001111100001101000101
01001100110010100011101111110011
11101110110010110010000101001101
10001011110100011101000001001010
10111111000011010110001011101100
10110011000011111100110101101000
01111000100101110011100101001110
11110001001011110100000001001000
10001011101110000011011100011010
11101010110100101001110011001001
01001011111010001010101110010110
01110110010111110100010110001110
10001010000110110001111111110100
00000011100011011000001000101101
01110110100011011010110101110111
11000100110111101000110011110111
00001111111001111001010101101111
10011100111110110100011001001010
00110101110000011110010100000011
00010011010010010010011010001110
11111111010101000011000010001100
00111011000010110011100010101011
10010110000000000001010110101101
10001010101110111010001001111011
00110100001001011110101000010011
00111101111010011010011101110101
00000011010100000001110011110101
11011111101101101101110000111101
10111000010011111011010100000010
00111100100110010100000101000010
01001110001101010001101101110010
01111111000000100110110001001011
11110100110111001011100010000110
10111110111110010011000010011101
00011001110100111110000111000111
00000011100111010110111000000011
10111101011100001001010100100001
01100010010010010110110001010111
11010000000111101010010100101101
11001100001001111011110110111111
00000011001001111000010001100001
10010101110001101001100001000000
10010010110100000111111010001000
00010111100010001110011101110001
01111100101000011001111111010101
01100111001000001000000010001110
11100101011110100011110011000110
01110111111000111001000111100100
01101011001010100111010110000001
01000110000101101000001111110110
01011100010111010001101010000100
11000101100010001001100101001100
00000001111111110010001110110101
01111101011101011000110100100110
00001101000111000110010110101100
11100110000100101111111001011101
01000011011000101000111010110010
10111100000101100110000011100101
00000100110010100010001010000001
00010101110101101001010011100010
01110100100011001111010010011000
10111101111011000110001001000000
10111100000001010111100110101111
10011000110010000110001001111000
01010011110011001010011100000000
10111001001000001010001001001101
01011010010110001001111001011000
00010011000000001010111001101110
11011101101110001000011110001110
11000001100100011100111001100000
11111010001100011101100111100110
11000101110101001010001010110001
00010011100100110000011011101110
00001000110111100010110110000111
01011011101010010100100111010101
10011110100001101010111000110111
10001010111111111010001100011111
11110001010011111001001000101101
00100001000000101110010000101000
00101011100000000000000010100111
10000110111000001110110101000011
00010100101101110001101101001101
11101000101001011110000011110101
01001100010110101101110011100110
01101111111010000110111111000100
10001110001100100001011101011110
01000000010111101011111011001111
11101110100010010100010011010111
11101011101001001010100101000000
11011001001000101001100001001011
01010000000110100110011011001101
00111010001101000110010011000001
10110001110011100011001000100010
10111100111110011100110000101110
11000110100111111011011101100000
00100100111011100110100010000101
00011001111001111000101111100100
00000101000001001011001001010101
01111010001110001011011010111011
10110101010111111101101001101010
11100000001111010110101001101001
00010010001000111011011101111110
00100010000001111011111010011000
01010011011000001110000110010100
11000000100001100011010001100101
11011010000000001010110001001100
00110110110001111101010100001010
01001101001000001001011010101100
11101111011100010000100000001111
11011011100110011000001100010001
10101011010011100110010000000100
00100010101000111111110101100001
00101000111011001111111011110010
11110001111111001100110001001010
11001011010011000000011011010010
00010101001101000111101100111011
10000101111010011110111011111011
10111000010110010111010011100011
01110110100011100101110001000101
11110010000000110011010110110101
10101001011111011111111110000110
10010001001001000100100001010000
11011011001110011000011100111010
00110011010101111001100100001010
01100010111111101111110011111001
00000110010101101100101000001100
00000011111011111101101111101100
00010110010000011010101010101011
10000011110011111001111011001000
01000101000100001000011101100001
00100000111111111000010000101001
01011101110100101101111101111000
00000111010000000011011100010011
11101000011001001000111010011011
01010001011110001011101111100100
10100101011101001010001000010111
10110110110011000011001010000100
00110101000111011100111111111101
00101010101011111111110011111100
11011011011101001100111010001010
01000000011010011110000101100010
10111101100001010101011110110010
11011101110011110000100000010110
01011001100001110100010100000101
11011010101001110000001011000101
11110010100100011001011010100101
01111010010100011011110110010100
10111110010101100100101110111110
10001101010110000110110110100011
10100100101110011110011000010011
00110000000111100010111110101100
01010001000010100101001111100010
01111110011010110011001110101010
11000001111011110101100101001111
00010011010111111010000010100111
00111110111000100100010111011101
00100110010010111111110101101001
00100110110000001010111010000001
11101111111110011000000111101001
00000000010001111000100001000111
11100111100000100001011111110101
11000100100100110100100011011101
01110100101000101100111111110101
11111110101000111110010100000101
01000110010010011100011001001001
01010000001011001000110001010110
11010100010101110110011001100111
10111001111100111110001110101111
11010010011011100001001101000000
10110111000010111101111100110010
10010101000100011000000111101110
00011000100000101011100001110000
11101110110010011001100111100000
10100101001100011111101000101000
01111110000101111100110001010000
11001001000001100111001100110111
11001001101010010101001011010100
01101101010100100001100001011001
10111111010100001111011111100001
11010111011000001101011110000100
01001111111111111101010010010001
00100101000110010010100101010001
10001100100010001010110010010101
01100110100011111110100111011011
01101101011111111010010000110110
10111001010010101110001111111011
10010011110011011111010000011001
00000111111100010110011010010000
11101011100010010001111111010111
00000110110011001101110100111011
11101101011100011010111100110011
00110110001000000010000010000101
01100010010010100110000011001110
00000111100011101101000100000111
01111110001100100100001011111000
11100010010000110111110001110010
11111111000001101000010101011110
00010001110000100111100001010100
10001101010110000011000010110000
11001101101111011101011010011010
10010010111011000100100011100000
01000100010110011000011100001001
00110101110110001010001010101101
00111000010111000101100000100010
00000111100100010000101001101110
00111001111101000001101101001010
11001100110111001100100111101100
01011001111001100001010111011111
10001000100111110011001101111011
01100000101101010100010000010111
01010101101110110110110101001110
10101110011111101111011001010001
01111100100011101111100101101110
10111001111111011100001101101001
10001010100101011110001100010100
01000001011011011001111001011111
00101001111011000011001110011010
11000001011001010100100111110100
10110010101011111101100100110110
01101001011110110110100100011110
11110011001101111111011011101100
00111001011000111110111001100011
00111100011111100100001010110110
11111101000011100101101110000011
10010100101101000101010101001011
10111110010000111010010100000010
01110110010000001101111110111111
01011000101111010001111010001001
11000000101010011000101100000110
11011101001000111001110100111100
10010111010110010100110110010001
01000100010101001110010100111000
11deg=19937
deg lcm poly = 19968
weight = 7484
10000000000000000000000000000000
00000000000000000000000000000000
00000000000000000000000000000000
00000000000000000000000000000000
00000000000000000000000000000000
00000000000000000000000000000000
00000000000000000000000000000000
00000000000000000000000000000000
00000000000000000000000000000000
00000000000000000000000000000000
00000000000000000000000000000000
00000000000000000000000000000000
00000000000000000000000000000000
00000000000000000000000000000000
00000000000000000000000001000000
00000000000000000000000000000000
00000000000000000000000000000000
00000000000000000000000000000000
00000000000000000000000000000000
00000000000000000000010000000000
00000000000000000000000000000000
00000000000000000000000000000000
00000000000000000000000000000000
00000000000000000000000000000000
00000000000001000100000000000000
00000000000000000000000000000000
00000000000000000000000000000000
00000000000000000000000000000000
00000000000000000000000000000000
00000000010001000010000000000000
00000000000000000000000000000000
00000000000000000000000000000000
00000000000000000000000000000000
00000000000000000000000000000000
00000100000010000000000000000000
00000000000000000000000000000000
00001000000000000000000000000000
00000000000000000000000000000000
00000000000000001000000000000000
01000000001000000000000000000000
00000000000000000000000000000000
10000000000000000000000000000000
00000000000000000000000000000000
00000000000000000000000000000100
10000000000000000000000000000000
00000000000000000000000000001000
00000000000000000000000000000000
00000000000000000000000000000000
00000000000000010000000001000000
00100100000000000000000000000000
00000000000000000000000010000100
00000000000000000100000000000000
00000000000000000000000000000000
00000000010100000000110001001000
01000000000000000000000000000000
00000000000000000000000100000000
00000000000000000000000000000000
00000000000000000000000000000000
00000100000000000100010001100100
00001000000000000000000000000000
00000000000000000000010000000000
00000000000000001000000000000000
00000000000000000000000000000100
01000000000000000100010001000000
00000000000000000000000000000000
10000000000100000000000000000001
00000000001010000000010000000000
00000000000000000000000001000101
00100000000001000100010010000000
00000000000000000000000000101000
00000100000001001000000000000000
01001010000000000000000000000000
00000000000000000100010000010000
00001001000001000110000000000100
00000000000000000000101010000000
00001001000010000000000100000000
10100000000000000000100000000000
10100000000101000100001000100000
01010000000001000000100001000000
00000000000000001000100001000100
10000100100001000000000000000010
00010000000000001000000000000000
00000101010001001000000000010100
00000010011000000000010000000000
00000000100010001000000000001000
00001001010000010000000000100000
00000000000000000001001000000001
00000100011000110010010101000000
10000100000000000100000000000000
00001000101011000100010000000000
10000000000000000000101000010000
00100000000000000000000001010000
00000100010100010100110101000010
01100000000001000000000000001000
10000010100000000010100000001101
01000011000000001110000000001010
00001001001100000010010001000010
01100100001101000001110001000100
00001000011000000000001010001000
00001100000011101000000010000000
10100000000000100000000010100000
11001000000000010100010000100000
01010000010001100100010000100000
00000100000000011010100010000000
10000010100010010000110100100011
00000000001000001000001000000011
00000001010101010110101000100000
00000100110001000110000010000010
01100000000110001000100000101100
10101100110000001000101010100001
00001010001010000010010000001000
11010101000111000000000101010001
01101110000011000000001010000000
00001000100000001000101010101000
10101001000011111010100100000000
11101010000010110010100100001000
00010100011010001010010000010100
01001001001000000000101000100110
10001010100010001000111011000011
10000000000001101001000100000000
10110000101000001100011100000000
10100100001000010100001001100100
10010000010010000000000111101001
00110100000010001000100001001001
00001100011001000000000010100010
00010001000000110010010101001001
01100100001101001000010001010000
00101000000000000111110010011101
00000000101010001000010001001000
00101011000100010100101000110000
10000000011000110000000001011111
00000000010000110110000101001010
10000010000011001100001100100000
00000010101111000100000110000000
10100001000010000000101000110001
00011010010000100000110010010010
00100100000101010000110110001000
00000110111011000001111100001010
00000111100001010000000000100011
00000001100010100010100010001011
10101111011100010110111001100011
11010000001101100101000001001100
11001101011000111011010000100010
10011100001010010000101000100001
10100000101010000000010011100110
01000010000101010110111110110001
00010000110001001010110001000100
10111001000011010010001000000000
11011100110010011100101100001011
01000011000010001101011000011111
00000100010100010010001110000100
00000110100000100101100011101010
00101001111110101000011110101001
00001001100110101110001000001000
10001010000100010011000001100000
11110100010011110010000001010001
01101000001011111000110010101111
10010001001000001010001000011011
10110101010000010011000111011000
10000111110010100111011110101001
00000010010000000001010001110100
00000101101010000100111000011011
01010101001011111010110111101100
00001000011001010010001010000000
01100001101000100100001101010000
01110101001110010100010001100000
00010000100001000010000100100101
00110000100101001100011011010101
01001010000100111010101110000111
11001100011011100100010100110001
00101001100101111100010001001110
10000001000010000011100000011101
10101101001110001001000100001000
11000001011000001001100001000000
00100010110110110110011110110111
11100001111111010111111011000010
10001100001110111000111110101001
10110101001010011000010100100010
00000001111010000100101111011101
00001010001000010110111001110110
10000100000100101010011111000100
11001111010010101110101111111101
10110010111000010010010000101100
11000011110011010011111101100011
10101010111101001101001110101010
11111000111110000001000101000111
00101010101001011011110100001111
10101010111111110110010000000000
00100010110010000000001111101111
11111001000100110001100011110010
01001100000000001101100100010000
00100000000101110001010011010001
11000010100010011100110100111111
01101100010111101000110011111111
01001110100001111101111100101011
11110001110000001001001010001011
11101100111010111011111110000110
00101101100110100000011010110000
01001111101101011101111001001000
10111111011110111100110010011110
10110000001100011000010101001001
10010111011110001111100101000101
10011011101001101110000010100110
00010100011110101110110010100000
00001011100011001001101010100011
01101000011010011101101000001010
01010111001110100010111011001011
00100000010001011011110101000110
11111001101110111000010110111110
11111010001000011101101111100011
10110110000101010100110111010111
10101010100010011111000110100111
10011001001000010000110010111000
01001011101101101100110101101001
11011001101011100001010010011110
00100101100010001011111010001000
00011010011100000001001100110111
11100000000000001111000101100010
00001111000100001110000000010010
10100110010110010110110101110100
10010000100101111010100000110110
11111100010010111001110111100001
01010001001010110101010100101011
11110000001000000010110001101001
00110110101110001101101011110001
00000010111000100001010101011101
10111011100110110001010101010011
11000001100111001101111010111111
00001100100001101101010110011001
01011100010001010011100111101001
01110100001101101001110000000011
10111010101011011001110011101011
11011001000011010111111011110011
00011101101100010111110101000000
11001011011111100111010011100011
00101110110111111001011010000100
10101011000111011001010001000100
10001001001010011111011111100001
10101001011010001111001110011101
10000001011000100100100000001000
11001011011110011101011111001001
01110110001110000010010011111010
10001000100001111111010001111010
11010011010011011011000000110010
00100001010111010001101111111001
00100000010110010001000001011011
00111100100010011000110001011000
11010010011001111001110011101101
01111011010010000111000111110110
11001101101010011111111110000101
01101110011010011000011010110100
00110110110101011101001111001011
00000011101100111101111001110010
10010110000010111101000110110011
00101000111101010100101011100100
11000101101000010101001101010110
10100100000111010010100101000111
10111101111000100100110010110100
00001110001110111101100001000001
10100110010100100100010011111101
10100011101100011001111100101111
00110001001111100011100110110001
11110000001110010100000011001010
00101101010101000100110010100111
01010000011011001000011000111010
10110001100111110010101011010101
00000101001111110001111110100111
10011010111101100111101001001101
10100111101010001101001101010010
10101101111110101111110010101000
11101110110001000001100000111000
00011000100010110010111110110011
01100000100100111100110000001101
10001001010101110011001110000011
10100101101011001000111000001111
11100011101010100001001001101000
01010010011110011000101110101101
10100101001101111111011101101111
11101001010101011100101101010000
00000011010011100001000101001011
00101111110100100001110000011000
01000111100100110011010010100001
10001100110100111110000111110010
00010111100101000110100001001011
10011001110000100010010010111110
01010101010101110101001011001101
11100001101101101010000001110001
00101011101001011100101011111111
00101010101101110101111010000011
10010101011100111010011011000111
00000101000010111101100001000010
10110011010000010011100010101001
00000100101000011010110101001011
11100110000010110000000100110100
00001110001000000111000000000110
00010011110110011001101100000110
10111001010100100001010110100101
01010111000100100100101111100011
01111100010001001101111101101100
11001101111101100001110000001001
00100000101010111101001011000010
00010000011101001101110010101100
00101110110000000001011011000011
11111110111100100010110101100100
01111000000101010101001100101100
11010101100111010010011101011100
10000101010010110000100111010101
11001011010101111111000000111100
00001101000011000101000011011111
10000101011000011110010111110010
10110110000001111011010011000101
00000111010110000101011110000010
00110110111111010011011011100010
01001001011011100000001110101110
11000111000000111010000101001111
11001000111101001011001100010000
00101101010100010011111111101100
11010100010001110101011001101010
11100000011010001000110011101011
01111001101100111101100001101000
00111100111100110011101100001110
11101110001101000001101101100000
01110011001100011111001011011000
10010001101110001110101111010000
11000011000010010111110111010101
11100001000011010011000110110100
00110111011101101110000101010010
10111100111100001100000011110010
11001111101011000000011100111100
10110111011100100101101110111100
11110011011111000111111111110100
01101011011110010100111101111010
11001010000100100111110000110010
11111111000011001110100010000001
11111000101101011101110111010111
00111010111111110110111100001010
10000111011001000000001000010101
00110000100000111111110100100010
11011110101110000001110100000100
00010010010011101011001110111111
00010011000100000011111110101010
10010000000111001111000001010101
01101000000100101101011010101111
10101101101011011111000101001001
10010010011011001010000100000010
01001000100100011110101110110010
11101010111111101000001010110010
10110001001011101101011110011011
01110010011100000000100101001100
11101100001100101000100000011100
11001001001010010101000000011101
10111010001000101100010001111110
11101101101101110000101001101011
01000110000000110100011010001101
01011111001010111110101111100000
11010010011010110101001110000101
01111101111100000110111110101101
11001111101110000101011011001001
10010101000010011010110010001011
10011100011110111100001010110111
10101100010010011001000010110101
00110100111100001100011101000111
10001010100101010000101000010101
00111010000011001011011010110011
11111110000100001101111100110010
11001000100110001101001100110011
10110000001001110111110100100011
00010111101000010000001010000000
11110001011111110001000011110001
10111111101010001000101000000001
11000010110011110000101111000000
00011100000011100010110100001001
01111001101100010101011100010001
11001001011111100110100000111001
10110001011010100011010100001000
00101100100000111111110100101000
01011110010010001110111010100011
10010001010000001001101001111101
01101000010100100011001110001111
00011110000010100110110111111011
10010000101100110101010011011110
00111011100110110001101000011101
01010010000110001010101101000011
11100011010001111000111100110001
00001101100001000010100001100101
11010110100011101001000101000001
00110001100001000100010011000010
01101000011100001010001101000001
11100101001000001101010000011110
11100101110001111000001010011100
10111011010101010000001011111100
00010011101010010010110101011000
10010010111001101010000110110100
11001010010001001000011101011001
00101111001110011000110111001111
00001000101011011000000010100001
01101110001110101000111001011011
01000001001100010011100110110111
01100000111101110100000001010101
00110000110100100101100110010011
01100010010010011110101000011101
01011110010010011001111001100010
11001001001110101101111010111001
00111110010100001001101001000001
11110011111000110110100011100011
11101101001011000101110010001011
10111100011001101011101001110100
01100000101100011101011101001111
00101010110111011000011001101101
01100001110100101000111000000010
00010011110011001100011010011110
10011101100111110100110000101001
01010101101101101111110110110100
10011000100010001001100111001001
01011011101000001101110010001100
01011011000010110101101101011001
11011110011001011110001100000101
10011100100001101010100010111100
01111101100100000101101010010001
10010001001000011001101010010011
00101100011101101000001101110010
00111100001111000100100000110011
10101010110101000111010111111100
10101100000111010111110001110011
01111111001000011110010010001000
10100111101010111001011001010101
01011010010010011101111011000111
00110111101010001111001110111110
11000011010110001011000010010001
10011100110101101011010011100111
10110010001011110000111100100001
11101000110001011011000000001010
11100001000001010101111100011000
10101011010110100101101100101011
11010010011100100100110000001011
00000101000100111001000011011110
01001001000011010101011111101011
01001001110001101011100000101000
10011111001110110011100110001100
01000101001111000000010101110011
01001100001010001110001010001111
01100011010001111100100001110000
10000010000011111110100101110100
11011010110101101111010100011010
11111001000110111000010001000011
11111010100110000001111000100111
10001001011100100001100111010111
10100010001001000100000010101100
10111101110011010111010110110011
11011111010101111101110110110011
11110010010100011000100110110000
00110000001101100110010001011010
00101111111001111011100111100111
11110001111000001101000110011010
01001000110000110100110000100000
11111001100000010100001100000011
00000001100000110111100000110110
10110010001011100111110000100110
01000000110111010011100100001110
10001011011010101001100010111111
01111011110010111100001001000000
00001101100111110000000111101101
11001010101010111000010101101010
11111011101100101111010110010001
10000001010001101010000011001110
11011100010000011101000000000010
01100001010011101001000101011000
10011110010110011000111111011001
01101001100011011011111011011110
11101110101000101100001110111101
01111010000111111110111110100000
01010101000000001011011010000000
00011110001110010110111101000001
10010011101001110000110010101011
11001001100111110101111110110111
11100110101001011011111100100101
11111100111111111001101010110000
10111010000101111110111100001011
11100010010110111110110111001001
11111001111010110000111011111000
00101110000001101000000100101000
10101111010101001011011111101011
01000000000010100000010101010111
00100111010011001001100011000100
10101000111101001101110100110001
11100111111101010010010000000101
10101101011101100100110100111101
11000011110001110011010001010000
00011101001011101111111101011011
11101101110010111011001101110110
11110110110110101110100110101100
00101001001101011000100100010011
10010110111011110111010111101011
01110100101011011011011000111111
11000010101001101000100001001111
10001110011110010110010010010001
00000101100110101001101110111100
01110101101100110010011111101011
00111011010101011110111010011110
00000100110101110101000000000110
01101011100110011100001011100111
11110110100000011101101101101011
11000011110101101010000101101001
10100110000100111111001000110110
00101011101111011111000100010010
01111101001101101111011100110101
01110101110101011110001100100111
00000011011101000000101111000101
10100010011110111101111100010110
00010000100001000010001000100101
11111101000010111101110000101011
10011100110000011111111110010001
10001001011100001100101110111000
00011110001111001001001110011111
00101000010110000000000010001111
11010000010111101000001000011100
11111110001111001110001010101010
00100001001011011111101100110110
10000101001000010001111001001111
01111001111101010111110001001101
00110010011000011100000001110110
01010101100011110001101011000010
10110000011101101111010100001011
11101000110101010010101110001001
11111101011101001100110010010100
11110100010011010111111011010110
11000010001011100100011111101010
10101010010101011100011110111111
01001110000001000000011110011111
10001111011010000100001001011111
00100101111100010101110111011100
11001100110100111101111110100100
00101000010000000110000010010111
00001010101110110001000101101101
10011110100110011010010001100000
01011010011101000110110001101011
00010111101101100110000011100110
01110111100000100011000101001010
11110000111111000010001100100110
01010001001000110000111101011010
01101000001001001010110000010001
01010000101001100000000110101010
01111010001001110011011110000111
01101010100011101110000100000100
10111010001100010111111010100011
10011011011011010110011010100111
11010010010010100000111010100010
00110101001100110000101101111000
00110110011010110110001010001001
00110000001001101011111110001000
00000011010111000001110010111100
00110010010000101000001000111010
01000101010100111000100110100011
00100001011101000001110111000010
00010000111000101011100111010000
00100111110011101010001011100000
10001100111000000011110100010101
00000111000111100000110011000000
11010110011000100011100000111010
00101100001010111111100110000000
01111101110111000001111101000101
11100000100011011111001000010000
00010001010110101100101101000110
11101010000100001000101000101011
10011011101111111101100110000001
11001100101000000001010011000100
00001000010000011000000010000000
00001111001011001001110000001111
10100010010000111010010010101000
11101010000110001000100010000001
11011000000001001100010001100100
00001100100000100011001000000010
01010000010010000000011100110011
00010100001000111000001110000001
10100000000110001011100000001101
10000000010001001110110011000000
01000000000000010000000100001111
00110000100000000000000000100000
00001010000011000010010000001010
10000000111010000000000000001000
00011100000011100100001000000000
10000000001100000011000001011101
00001001000001110000000100000000
11100000000110100001100110001000
01000110100000001000000011000000
01000000001011000000100000000000
00000011100000000001110001110000
00110000000001000000000000000010
00010000101000001100100010000000
00001000000000000000000000000100
10000000010000000000000000000000
10000000001000110100000110000000
00000000000000010000000000100000
00000011000000011001100001000000
00000000000000000000000001000000
00100000000000000000000000000000
00001000000011000000000000000000
00000000000000000100101000010000
00000000000000001000000100000000
00000000000000000000010001001000
00000010000000000000000010000000
00100000000000000000000000000000
00000001000000001010000000000000
00011000000110000000000000000000
00000000000000000100010000100000
00000000000000000000001000000000
00000000000000000000000000000000
00000000000000101000000000000000
10000000000000000000000000000000
00000000000000000100000000000000
00000000000000000000000000000000
00000000000000000000000000000000
00000000000010000000010000000000
00000000000000000000000000000000
00000000000001000000000000000000
00000000000000000000000000000000
00000000000000000000000000000000
01000000000000000000000000000000
00000000000000000000000000000000
00000000000000000000000000000000
00000000000000000000000000000000
00000000000000000000000000000000
00000000000000000000000000000000
00000000000000000000000000000000
1deg=19968
deg tmp = 31
128 bit k-distribution
k(1) = 19937
k(2) = 9968
k(3) = 6645
k(4) = 4983
k(5) = 3987
k(6) = 3322
k(7) = 2848
k(8) = 2491
k(9) = 396
k(10) = 156
k(11) = 156
k(12) = 156
k(13) = 156
k(14) = 156
k(15) = 156
k(16) = 156
k(17) = 156
k(18) = 156
k(19) = 156
k(20) = 156
k(21) = 156
k(22) = 156
k(23) = 156
k(24) = 156
k(25) = 156
k(26) = 156
k(27) = 156
k(28) = 156
k(29) = 156
k(30) = 156
k(31) = 156
k(32) = 156
k(33) = 156
k(34) = 156
k(35) = 156
k(36) = 156
k(37) = 156
k(38) = 156
k(39) = 156
k(40) = 156
k(41) = 156
k(42) = 156
k(43) = 156
k(44) = 156
k(45) = 156
k(46) = 156
k(47) = 156
k(48) = 156
k(49) = 156
k(50) = 156
k(51) = 156
k(52) = 156
k(53) = 156
k(54) = 156
k(55) = 156
k(56) = 156
k(57) = 156
k(58) = 156
k(59) = 156
k(60) = 156
k(61) = 156
k(62) = 156
k(63) = 156
k(64) = 156
k(65) = 156
k(66) = 156
k(67) = 156
k(68) = 156
k(69) = 156
k(70) = 156
k(71) = 156
k(72) = 156
k(73) = 156
k(74) = 156
k(75) = 156
k(76) = 156
k(77) = 156
k(78) = 156
k(79) = 156
k(80) = 156
k(81) = 156
k(82) = 156
k(83) = 156
k(84) = 156
k(85) = 156
k(86) = 156
k(87) = 156
k(88) = 156
k(89) = 156
k(90) = 156
k(91) = 156
k(92) = 156
k(93) = 156
k(94) = 156
k(95) = 156
k(96) = 156
k(97) = 156
k(98) = 156
k(99) = 156
k(100) = 156
k(101) = 156
k(102) = 156
k(103) = 156
k(104) = 156
k(105) = 156
k(106) = 156
k(107) = 156
k(108) = 156
k(109) = 156
k(110) = 156
k(111) = 156
k(112) = 156
k(113) = 156
k(114) = 156
k(115) = 156
k(116) = 156
k(117) = 156
k(118) = 156
k(119) = 156
k(120) = 156
k(121) = 156
k(122) = 156
k(123) = 156
k(124) = 156
k(125) = 156
k(126) = 156
k(127) = 155
k(128) = 155
128bit D.D:  35121, DUP:  117
64 bit k-distribution
k(1) = 19937
k(2) = 9968
k(3) = 6645
k(4) = 4984
k(5) = 3987
k(6) = 3322
k(7) = 2847
k(8) = 2491
k(9) = 792
k(10) = 312
k(11) = 312
k(12) = 312
k(13) = 312
k(14) = 312
k(15) = 312
k(16) = 312
k(17) = 312
k(18) = 312
k(19) = 312
k(20) = 312
k(21) = 312
k(22) = 312
k(23) = 312
k(24) = 312
k(25) = 312
k(26) = 312
k(27) = 312
k(28) = 312
k(29) = 312
k(30) = 312
k(31) = 312
k(32) = 312
k(33) = 312
k(34) = 312
k(35) = 312
k(36) = 312
k(37) = 312
k(38) = 312
k(39) = 312
k(40) = 312
k(41) = 312
k(42) = 312
k(43) = 312
k(44) = 312
k(45) = 312
k(46) = 312
k(47) = 312
k(48) = 312
k(49) = 312
k(50) = 312
k(51) = 312
k(52) = 312
k(53) = 312
k(54) = 312
k(55) = 312
k(56) = 312
k(57) = 312
k(58) = 312
k(59) = 312
k(60) = 312
k(61) = 312
k(62) = 312
k(63) = 312
k(64) = 311
64bit D.D:  22418, DUP:   53
32 bit k-distribution
k(1) = 19936
k(2) = 9966
k(3) = 6644
k(4) = 4983
k(5) = 3987
k(6) = 2880
k(7) = 2496
k(8) = 2491
k(9) = 1584
k(10) = 624
k(11) = 624
k(12) = 624
k(13) = 624
k(14) = 624
k(15) = 624
k(16) = 624
k(17) = 624
k(18) = 624
k(19) = 624
k(20) = 624
k(21) = 624
k(22) = 624
k(23) = 624
k(24) = 624
k(25) = 624
k(26) = 624
k(27) = 624
k(28) = 624
k(29) = 624
k(30) = 624
k(31) = 624
k(32) = 622
32bit D.D:  11584, DUP:   21
