mexp = 19937
filename:resX78.19937.magi03.060816.02.txt
POS1 = 135
SL1 = 18
SL2 = 1
SR1 = 1
SR2 = 1
MSK1 = ffffdffe
MSK2 = fffefffb
MSK3 = bfbfffff
MSK4 = fffffdff
deg poly = 19937
11001001010011001110010001010101
01001000111010111111010111000110
11101011111001001110001111000000
01100001111111010110101011011110
01011000101000111000000100011100
11000101001111110111000100100001
11100010000100010011001001000100
10100001100010111010001000111101
10110101001110011110010011111011
00011110100010101110111101011010
11100100000010101110001010110010
11000011110110100100000111001100
11110111111000000000001000000101
00001111111100101101010101011010
01101101010001111101101101111010
01010001000110010111111100111010
01001011010110110110000101000100
10010110010011110110100111101001
01010101110100111111000011010011
10110101010010101110111000110011
01111000110110101110101111000110
01101100010011110100000111010000
00100011110001000101100110101101
11110000101010011000011100010101
10001010010101010100101010010101
11110111000001110110011111110110
01101001100000100001100011001111
01101111010010110111100000100110
00111010000000000010100011100101
01001110111011011101011110011000
00111111010110111001110000010010
01111000000001010110100011001111
01111000100000110110010111101110
11011011011011111011101110001000
01110011001111000000110100000011
00100001110011100001011010011101
11110101010111000101000010111111
10000111111111101000000111101010
10011100110001000010011111100111
01011000110111010110110010000110
11000100101010111101001010010010
10110100000000010101110011000111
00000100010011010010011110101101
01001111100011000011110110101110
01100011101101011010101101010010
00101110010011000010001100110000
00110010110000000010100110100101
00011100000101110010101101111001
01010011001111110110000101110111
01011010000001110100000100010011
10001111000000010100110000001110
11100101011101011101010110101100
01001100000000001110101111000110
10101001000000100000110011000110
00110010111000010111111000100011
10011001111010010011010011010011
01100001101100010110000001100100
11111101010000011110010111110000
01010101010100111000111011001001
01110101101011111001111011001001
11011111010111000100110000000010
11110111001100011100101011111110
10101010111101101010100010010011
10101100010010011001001000100101
11001001010011000111011100011001
11010010100000111110110010011011
11110001011111101000000001101111
11010001101100101111110010100100
10101101110010110010101011101111
11111111101100100011100001101001
00111101000111011011100001011110
00110100110101110110010000110100
11001101110001000001001000011000
11111011100001000000101000010110
01000011100010010011101011110110
10010101000101011001100000001001
10001000101000101111010000000111
10101110001000111011010001110110
11001111111100100010111010001111
00010000100111001110000111100011
11011001000111111100110001011011
00110011011110110110110000000100
11110100100011101101111001010101
01010100100111011110000111100001
01100001010011011100101011011001
00101101110010110011000001110111
10100101001101100000001010010100
10110111111010000010001100001011
01001000100101101111011010110000
11110010001000001000100100010000
10100011011011100101010000011000
10111000100010100110010000010100
11101110111100001111111110000111
00000101100011111011111000001111
10000010010110101101011110001101
01010011100100111110100101011010
00011011101100110000011111100001
10011110001000111100001011101111
01000010001011010111111010010100
11000100011001110100110110011010
01000010110010101110101101101000
10101101010101100111000100110110
00100000100100111010110000010101
00111111010101111001000011110111
11101101000000010110011000100010
01111010100010011100000001010001
11111010111110100111001001011100
11100101111111101000000011111011
00010010100000000010000101011111
00100011110000011010110010001101
11111100111000110100101101001111
00010010001100101111100011110000
00101010001101101100001011100111
01001010100001101010110011000110
11001011100100110000000111110000
01010010011111110101101110001000
11101111100101101010110000100001
10100111100010110011000110000001
10111100110000100010000010101111
00111101001100110110111100000100
01110100000001001100111010100111
00001001100011011110001101000001
10001001000111000001011001000110
10100000110111000110111100101110
01111000111111010101010001010010
10110110101011011001010100110100
11010110010010101110011001111100
11001011001101010100010011110111
10011110111011010101000001011100
01000101001001100111111110100110
11001011100000101011001001111101
11001110110011111000111100011100
10001001010001010001001010000010
00001101001111010111110111001001
11100001101101111011011110001001
00111000101001001001001010111011
01111001000101101000110001001110
10101110001110101010010110100111
10101011000110100010111100011000
01001100101101000000000101001011
11100011001001111011111000010111
01111110100101111100111010001111
10010000010010001111000111000110
00111001110110110011110101101010
01001001010010110101010100010011
00110011111110001100011100010000
01010001000010101110001011100111
11100010101010011111001010011111
11010011011111111100001011101010
00110010101101001101100000001011
00000001111111000101010111111000
11010110000011100101000111101110
01010110001100010110110110100110
11111110100011101011111001100100
10101011101000000000110101001010
00000000000100101101111111101101
00110101010011000110010100010100
10111011101000110011111111100011
10011010111000001000011101010010
11100000101010000001001010010110
00100100101110010010010001111111
01011011000010000011001110000100
01011000101010001000010011111111
11011110110011100010001100101101
10100100000000101100001001000101
01110110111000111111101101101000
00110011000110110011001011101010
00110101110010010001110010000101
11000001010111010101101111001110
10010000001000001100111011110010
10000011011110011110001010101010
11111100000011000011010001100100
01010100011111111011011001111001
01000000001111111100000011100101
01000010111101101001011000010110
11001001111111110110100110110011
11010010010101111001010000001001
01100010101011100100010010111011
10111001100100110101110000100011
10111010101101100000010001111100
11100100001011111111010000000100
11001100001010011000110100000101
11001110001110001100001100000111
00010000101101101101010010100101
10000100000010110010000000000011
11110001100010111011110010011010
01111011100111111110101111001011
10010101111111111100111010100101
00111001100111011001110110111111
10111110110100011111011101001110
10011100011010101100011111100001
00010110110101100110001000100010
10001000101001101101011011001110
00001000110011000101001110000100
11100110001110000000101011010100
01010100100100100010101011000111
11011000001010010110100110001000
01011111000010111011000101101100
01001000000001010000101010110110
01000011011111010000100010110001
10001101011011100011101010010010
11111100010111001010100010001100
00110101101000000000111010000110
11110100110111100101101000111111
01001011111000010110001010111010
01110100010111010101001000000111
11101101011110100100101000110100
11001000100100011010101000000000
11010101100000011011000101011010
00110010110000011100010001011001
01110011100110110101001111100111
10110011101110110010100110011111
10011101000100001110101100101000
00011111101100011101110001010101
10001001101001000010001110001111
11100010000111111110111101111011
00101100100110101001010001110010
00110100001000100110100110101110
00110010010101100100110101000010
01101101100010011011000100001010
10101101110111110000111111001110
01111010101001001011111011100110
01101010001010101001001101001001
11111110111110110110001001100010
10101011111100110110101110101001
00010001010111011100100000000111
11100000011101001111010000011110
11100110010000011100110101100100
00000101111100010010011001110110
01101001111111000100100010100100
01111000011001011010101010000100
01100000100011110010000100101110
10001001011011001111000101100101
10110010101000101010000010011011
00110010110001011100110011111000
01100110010100001110101110010100
10111110110110000111000000101000
11001000001101101101001111011011
00111001000011100110111001111111
00101101010000111000010111110100
01000101001100010010001111101101
11000000001110001010010100010001
00011000100001000010000001111101
00111010101010100111000011010110
11100101101110010101001111111010
01111011001010110110011111111000
10100011111111110101110101010001
00001010111001101100110110000000
11010101100010000111001011101110
01111110010000111100100110001100
00101111010111101100100111110010
01101000100101111101001111010101
10101110111111111111110101000011
10101100101010100101010110110111
11010001010000011001110010111000
01110001100111100110101101111000
00001111001001000000010011101001
10001110111101001101001000000111
10111000110110100001100001000011
10010100101101110100100000111011
00001000100100000111100111011010
11111111000111010011110001100011
10010000000110110011010100000001
00111100100110110100001001110000
11110010001001010111100001000111
10001001010111110100010010101011
01010101100111011010011110000110
00001001010000111101101011001010
00101111111011111001101111000000
01111100001100110011100011100010
10110110111010111010110111000000
10001011011111010100101100101101
10010110001101010110111010000000
01100101010100010101000100111100
01011101010101110101010110011010
10000110111001010101111111011110
01100011000110101100110111111000
00111011110101010000111110101011
01110011101001110101001110001001
10110011101100010010000111100111
10111110111111101100000101000010
00110110111000011110101011110110
10110110001010001000000001001101
01110110110000101110101000111101
00100000101111001001101101011011
01001111010111000001101110111001
10010001110101010000101100100110
01011110000001100100001001100001
01100110111000010110001100010100
11000111100110110011111010110100
00000000101101001101111001001011
11010000110110000111100010101001
00110010111000111101100110110111
11000110101001011101001100001010
01001011101101111011000110110111
00010111111100000000000011101100
11110110100110110000000101001100
11001000001000010110101001101101
01011001000000000110100011001110
01000011110000111011100011100110
10001011010011110100101010101101
00011011000011100100011100010110
11000011110000111111111000101011
00110010011001100111111011010101
00100010101100010101111100011011
01100001111010011010101001110011
10000001111000100000000010111110
10011100001101111101001000011100
01100110100001101111000111101000
11001101011011110100100011011011
00010110110100010000100100110011
01100010111001110010101011010001
10011100111101010001110101101000
10001001000100111101011000000100
10001010101010110111100001100100
11000001011000001110011011100000
00111001010010001111101100100101
01010000110010101111111111111001
10010111100011001011011110010011
01100100000111000101101010101101
00010000010101111100010000000011
11100111100011000001001010011000
11101110111001011111010001101001
11000110101011110100011010111010
00101011000110001101000111010100
10110000100010101011000001100011
00100111110101110010011110101110
00110110011101110100100000011111
00100010100010000011110101011000
00010100100000111001001100010101
11100100100101101100100001010111
01001011010011111101001000111011
01010111100101111011110010010011
01100011000000101010001111101011
00011011111000101100000000010101
00110000100111011100110011000110
00100101101101011110000000001010
11010111010010000101111001101010
01111111011111010110001101111000
10001001101011110111011010100111
00001010001010110110101111101100
11011001010010110100000100000111
01111010111001100011010011101000
00000110101111011110010100010001
00011011001011100000000100010001
11111000011000101001100111111101
11000001011111011110100111110101
11000111001101110001111001010001
10111110101100010100010100100000
01110010001001001001100011001111
11010001110100011010010101010001
01100101011001100000010001011011
00011000010100111011000000000000
00110010010010111001111001010010
01000100000110100111111011111001
10001110010111000000110110001001
01110111010100011000011001011111
10001100111000111111111000100011
10001110101110011001100111001110
01110000010100010110010101000110
11001100110100001101110101101111
10110001010011101100010011110001
11001001110001110110000101001000
00000110100101000000111111001111
10101111100001001111110100010100
01100100011010000111010010101111
10000010110101001011000100101011
11100101111100101010111001101001
01000110011011001000011110011101
00110010000001000011100101001110
11101010000100101111000001010001
00001110111001010001111111001001
01100010001001011000101111011011
00100110011001101101011010011011
10011100111110001011000000011110
11110001001011101110011110101000
01110101011001001001111110110011
00011010111111010101010010101101
00000010001110101101001101111110
10110000001100101011111100101010
11001011010010011110011100010111
11011111110011101100100110000110
00101100001100111101101111101011
10011010001000110110010000001011
01110010101111101110011101101001
10111000100000100100101100010010
01101000011011100011011101110011
10100000111010100111011011111100
10101111001001011011010000101000
00101110000100010110011011110101
01000001101011010111111010011010
11111011010110100011110110000101
01010001011000011110111101011000
10001001001000101101100110101111
10011000001001101000000011010000
10110000010001001110100010011011
11110001011000011010010111111011
00010110010010000101110110111111
11011010111110111110000111010011
11110000001111001100001101100011
10111000100101000000010111101010
11010111011101001011000100101110
11100011100011001001011110000010
00011111101011111110101011000111
11111111001101100110100111000010
00010001001011000100111111011110
10111101010000110011111111110100
11100001110100111110110011100111
00010011101000000000100000010011
01100001100000001011111111110001
10001000001001010010010100000111
10000001011001011000100101110000
01110111000110000111101001001001
10001100100011001001011000110011
00001110011100100110101110000001
00111100000010111110011110110000
01110110101101100111110001111110
01000001100110010010110101000010
10100111110100101011010110011111
11110111010101001000010110110110
01111001011110000110111100100010
11111010101101000101110011111001
00011110101000000011010011100010
00011110010000001111110001000010
00000111101110110000011001001101
10001010110110010010011011100110
11100001001011110100110010111111
01001000100010000110101111010100
11111010011111111011001000111100
00110010000101001011001000010101
11010111000101000100111111100100
01100001100010100101101001010100
00100111010110011001100011000010
00001111110000000111111100000001
01001011001000010001110101111011
11001101010111111001101101001110
10110111011111010000001001010011
01001110101010111010001111110110
10000001010111111110100011010011
11000001111011101001011110111110
11011011111100110000101010100011
01101011100001100011101110011110
01111000110100000100100000110010
00100010100110101100111111100111
01101100011101000011100011100011
00001100110110010001110110011000
01011110111101101010011011001011
01000100110001011011001010111101
00001100111101110001101110000000
00001010001011100111110010111010
11100010011000000100110000111011
10011010000101101101101000010000
11111011100001010110001001011111
01110110100001000011110101010000
00111101011101111000110001000000
10011001011100000010010000101001
01001010001111000101001001101101
11101100101101001010001001011101
01011001010100011111011101000010
01100101010011110100011101000000
10101111010000101111100101001100
10100111111110110100100011001110
10011111000100100100000011111110
11110100100000110001101101011000
01100010010001101110010000000100
11000101011001001011010010110101
10011101011100111101000011001101
00010000101100111001110000000101
11100010010110001011011101100101
11011101111000110000111111101100
00000101100111011100101110000000
01000010011001010100101100010100
00011011111001100001100001001101
01011011110000001100110000001010
00100111010101001110000111010111
01100110100000101101101011011100
00100100101101000001110001010000
00001100011111110101110011111101
01000000001011011100111000101010
01000001111010010111010010101000
11001011011001100110100011100100
01001000010001001001110110011111
10100110011100100110010011110111
01110010010010010010100011111101
00011100001000011011101111110100
01111010101110011001100011110001
01000110010111010101000111001110
10110111100000110001001101111101
10011000011111001010111001110000
10011111001101100000001010001010
01100000011001100101010010100100
00110111111101001011111001101101
01110101111100010101111011110011
10101001101001111111100111010111
00111010100011010111111111000001
11000111111011110101000111101001
11101010000110011001100101001011
11010101110010011101110111110000
00001100110111000100101101110010
11001110000001010100010110000110
01101100111011001010101011110001
01110111111110110010001110100100
11110010011101101111001110101011
01100111110100010000000101011000
10001011110000010010001100110100
01000010000111101001100100011001
11010010000110010001111010101110
00000100011010101111010010110101
10001010100111001101001001111000
11110101010101011111001111010000
01000111100111000100101110101111
11111101110001010100110000110110
11001101011010010100111010010111
01010100010110001010011111000110
00100011011110101101100110010100
10001100101110111011110100101100
00000000001010101111110111110010
11000001001100000010011111011000
01111101101001111100100010000110
11001101100101100111100000100011
10100110011111100111000010011000
01000010100011001000111011111010
10110011011100000100100110100011
10110110101101001010110111100101
01000111111111101101011010010000
11100101011110100010110110100111
10110101110010011101001101011100
10000110001011110010000100100100
10010000010101001100110100100111
01111100001101011101101101000101
00110101101010010111110001010001
11010000100010001100111011010000
11100011100100000010110010101001
11101111100110000111101111111000
10001101110011111110010000010001
00100101010001101010010011010101
10101001011111110110110111101111
00001000011101101101110110110010
01110000100111100110000011101101
11111000101011101100111000100001
11100010011000111001111000110100
01000100100010101110101010100001
01000111101010001110110110001000
01100001101110101101110101101100
10000000100100001101110101011010
00011011111101111111101101101010
01110001011110010101011110010110
11110101111100111111111101000000
10101000110100111011001001010100
01110111000111111011111000100110
10100001100011011010010111100111
11111101100100010001101010110011
10110111000001101101110101100101
11000000101000000110100000010001
01000111011001010001011100100000
01110100111011001110111010100101
11010000001110100001110110010100
00101011111101110111101011011010
10101011110011101000000101001100
10101001111110011110010101101001
01111011111111101100010111001100
10110000001111001100010110000001
10100011011101100111101000011000
00010011011110101111101111001010
00111010111100011111010110000100
10101101011111111010001011010000
10011011001001001001101111100001
00001001110111111000010101111010
10101101011010010011010100000110
10111010011100011000111110011101
10111101100010100111110000001001
10111011101011100111100011111000
10111010001010110011111010000000
00010111010010100101011011010101
10011001110111011110101011100111
10100101101010011110101101100011
01010011010010110011111111110111
11101110101011011101001110010101
11000001000001111000110000110101
01100010110011101001101111111000
01111010000100101111100100110101
10111011110101000000000001000010
10000101110001110100110111100101
10010100101010000101110111001010
01110001100110101101110111101000
00100110010100101001010111100011
01010000101011000100000011001100
00110101110100000000101010111101
01001110111011101011001101110011
10101011110111010011000011100111
00101110010011011001011000010111
00011000011111100000011111000000
11000100110011101001110110111100
01110101011110110101010111100101
01111100011100011001010100101011
11000010110100111001000001011001
10001000110000001101000100111000
01001100001000111111010000111011
10011011110000011110111001110001
10000110000010000111010010011011
11110100001110110001010101111100
01001000001100010010100111101111
11000010000010010111111010100110
10011000110100111101010101011001
11101100111010100100011001001000
00011111000010100110011011110000
00001001000010110000101001110010
01110011001010010010001101000010
10110011111011011100101110110110
10111101001111100010110110111111
10101001101001101111111111000111
00110110010110101110100111011100
01000000010011110111100000100011
10011101000000001110001111100101
11110010101110111001101010001111
10110110111010011011111100101111
11100111010010011111100001000111
00000011110110100001111000001110
11000000010000011001001100000111
11010100001001011010110101000010
01001111111101110000101111110011
01010110010101000000110111011011
00101010100011110101101101110000
11deg=19937
deg lcm poly = 19968
weight = 6588
10000000000000000000000000000000
00000000000000000000000000000000
00000000000000000000000000000000
00000000000000000000000000000000
00000000000000000000000000000000
00000000000000000000000000000000
00000000000000000000000000000000
00000000000000000000000000000000
00000000000000000000000000000000
00000000000000000000000000000000
00000000000000000000000000000000
00000000000000000000000000000000
00000000000000000000000000000000
00000000000000000000000000000000
00000000000000000000000000000000
00000000000000000000000000000000
00000000000000000000000000000000
00000000000000000000000000000000
00000000000000000000000000000000
00000000000000000000000000000000
00000000000000000000000000000000
00000000000000000000000000000000
00000000000000000000000000000100
00000000000000000000000000000000
00000000000000000000000000000000
00000000000000000000000000000000
00000000000000000000000000000000
00000000000000000000000101000000
00000000000000000000000000000000
00000000000000000000000000000000
00000000000000000000000000000000
00000000000000000000000000000000
00000000000000000001010000000000
00000000000000000000000010000000
00000000000000000000000000000000
00000000000000000000000000000000
00000000000000000000000000000000
00000000000100000100000000000000
00000000000000001010100000000000
00000000000000000000000000000000
00000000000000000000000000000000
00000000000000000000000000000000
00000101000000000000000000000000
00000000000000101000000000000000
00000000000000000000000000000000
00000000000000000000000000100000
00000000000000000000000000000001
01000000000000000000000000000000
00000010000010000000000000000000
00000000000000000000000000000000
00000000000000000000100000000000
00000000000000000000000001010100
00000000000000000000000000000000
10100000100000000000000000000000
00000000000000000000000000000000
00000000000000000010000000000000
00000000000000000000010001010000
00000000000000000000000000101000
00101000000000000000000000000000
00000000000000000000000000000000
00000000000000000000000000000000
00000000000001000100000100000100
00000000000000000000001010000010
10000000000000000000000000000000
00000000000000000000000000000000
00100000001000000000000000000000
00000001010001000000000101000000
00000000000000000000100000001000
00000000000000000000000000000000
00000000000000000000000000001000
00001000000000000000000000000000
01010100010000000001010000000000
00000000000000001000000000000000
00000000000000000100000000000000
00000000000000000000001000100000
00100000000000000000000000000100
01000100000000000100000000000000
10000000001010000000000000000000
00000000000001000000000000000000
00000000000000000000000000000000
00000000000000000000010000000000
01000000000000000000000000001010
00000010100000000000000000000000
00000100010000000000000000000000
00000000000010100010000000000000
00000000000000010101000000000100
00000000000000000000001000000000
00001000000000000000000000000001
01000100000000000000000000000000
00001000100010000000000000000000
00000000010001010100000001000000
00000000000000001010000000000000
10000000000000000000000001010100
01000000000000000000000000000000
00001000001000000000000000000000
00010001000101000000010000000000
00000000001010100000000000101000
00000000000000000000010001000100
00000000000000000000000010100000
10000000000000000000000000000001
01010001000001000100000000000100
00000000000000000000001010000000
00000000000000000100000001000000
00000000000000000010000000000000
00100000000000000000000100000101
00000001010001000000000101000000
00000010100000000000100000000000
00000001010001000000010000000000
00000000000000101000100000001000
00000000000000000101010101000100
00010100010000000001010000101000
10001000000000001000000010000000
01010000010000000100000000000000
00000010001000000000001000100000
00000000000101000001010100000000
01000100000100000100101000101000
10000000001010001010100000000000
01000100000001000000000000000000
10101010101000000000000000000000
00000101010100000001000001000000
01000101000000100010001000000010
00000010100000101000000001000000
01000100010000000000000000000010
00000010000010100010000000100001
01000100000100010001010000000101
01000010100000000000000000000000
00001010000010000100000001000101
01000100000000000000100000101010
10000000100010000000100000010001
01010100010100010000000000010100
10101010101010001000100000000000
00100000110101000100000000010100
01000000000000001010001000000000
00001000001000000011000000000100
00000100010100000000000001110000
10001000001010100000000000000000
00111000000001000100000001000100
00000000001010100000001010000000
10000000000001010100000100000001
00000001010000000000000110101110
10100010100000000000000000000111
11010000010000000000000001000000
00001010001000100000001000000000
00000000001100010000000100000100
00000100000000000000000101100010
00001010000000000000000101011000
01000100000000000000010000000010
00001010100000100000000000000000
01001000000000000001000001000100
00000000101010100011110000100000
10001000000000000100010101000000
01000000000000000000001000101010
10000010001000000000000000000001
01110000000000000001010000000000
10000000100010100110100000101000
00000000000100000100010101000100
00000000000000001010101010101010
00100000000000000000000101000101
01000000010000010100000000000010
10101000101010100000001010000000
00000101000100000101000001000000
00000000000010000010000000100000
00100000000000000101010100010000
00000100000001000000000010000010
00000010100010000000100000000001
00010101000001010100010000000000
00000000001010101010001010000000
00000000000101010100010100000100
00000000010000000000000010100010
00100010001000001000000000000001
01010100000000000100000000000000
10101000100010000000000000100000
00000000000101000001000001000000
00010100001000001000001000001010
00000000001010000000010000010101
01000101010001000000000010000000
00001010101000101010000000000001
01010100010000000000000001000001
01001000100000101000000010001110
00000010100001010101000100000000
00010000010000000010000000000000
10100000101000100010000001000000
01000000010001000000010100000110
10100000000010000000001111100000
00001000000101000100000000010101
01000100000000000000001000100010
00001010100000000100010101010001
00000001000000000101000001001010
00000000100010000001110000100000
10000101010001010101000110000000
01000000001000001000001000000010
00000010001100000001010001010100
01000000000101000011110000100010
10101010000110001110100000111001
00000101010101011011100101000100
10000000101000001000000010000010
00100001010101000100010000000000
00000101000010110110100010001010
00100111000010100000001011010000
01010100010000111001000001000000
00101010101010000000001010100001
01100000000100000101010001100101
01000010001011001000000010000011
11001010000010010100100101000100
00000110000010010100110010100010
10000010100000000010001011000100
01010100010000000000100000010000
11000010011010000010000011011100
10100010011000001100000100010101
11110100110000001110100000100000
00101000100010001001010001110001
00000000000100000111000000011100
00010110101000101000111001111000
10000000011111000100010100101100
01111001011001100000000010101000
10101000000011101111010000000100
01000100000000000100000110100001
01100000100001001110101110101010
01010111110000000001001111010111
11010000011010100000001000000010
10001010001101110011010000010000
00100000001100000000101100100110
10000001010011101000100100110100
01011001000101010100110001011011
11100110100000001000100000000010
00011010100001010101010101011001
00001100001000000001000001000010
11011100011010101011110100100101
10010000000000001000010101101010
01000000101000100110000000101110
10000010001001000000011000100001
01101010000010100011111000001100
01000110101101100010110001111000
10010001011011000110011111001100
10000010000011000000111110111010
01100000000100000101010100001100
11000000110010011110111010000000
11001010001111100000001011001010
00010010110110000101100011000010
00100110010000010011000100100001
01100100000111100110010101011010
00000110101001010101001000001101
01011011100111000100101000000001
00011001101011110110011010001001
01001100101111111111001110000101
01011001110111010010111110100100
10100000100011010110000000110011
10100010011001000110000100010111
00110110100000101110100011011110
01000101110010010100000101100100
00001100010010100100001011000000
10100111001101001001100101110011
00000000000001100000000100001011
11001111010011100010010001000100
11111110101100101110000011110000
11001010100001011000101001101010
00110011000000111011011101001110
01000011110000010100001001100000
10110010011010001100001111010111
11100100101101100001000001010100
01001110110011001000111000101001
10000010100110100101101111110100
00001010100000011000010000110101
01100101110001100100011100100111
01001111100000111001100110110010
10101101100000101010110110100100
11101000110110001101110101011100
00001011010011111011001110101010
00110010111001100011010001010010
01000100000001000101101010010010
11010000000000000000101110111100
01100101001100011010011001000000
10111100001010011001100101000100
11000100001100000111010010000110
11001010111110111101000010101011
10000010110100010111000101111001
11000101110111000110010110001000
01100001101000111001001010000001
10011001001100000001001111110110
01100100000110101000101000001110
00100110101101111000010010010001
11000101110110000000100000001100
00001000000000011010010011010100
01010110010001010111101011111111
00011111101100100000000000100011
10111100100010100011010110011100
10011100110010000011001000100001
00011100101111001000100010001111
01010100100110010110001001111010
01011100101000000011001000010010
10001110011100010101110100110100
00011100111000110010001010111000
01100001010001100101101001110001
00011000011000011111000011101010
10011010000000000010100000101011
01101111011100000000100111000101
11100011101100100000001010011000
10100010001101010001000000010000
10000001000000011100010111001010
11000010000000111000100000000101
10000101000001001100010101010010
01101000100010001000001100000011
10110111010100010001000100010101
01000001111111111001100010001000
10101010100000001001101101101100
00010000000000000001001101110010
00101010101000100000101000001010
10000000001001000101000100000100
11100010011011110100001000001000
00001000001001011001101010110101
01010100010000000101010011010010
00101000000000000010101111011110
11010001000000000000010100000011
11000001101100001010001010000010
10000110111011100011001001010100
00010101001111010100101100101000
10101010001010000100011101110001
01110000000100000000001110110001
10100111010010100010000010100001
00100101101111100101010101000100
00010110010101010110100010000000
10001010101011101110011100000001
01000100010100010001001011011101
00011010001000000000100001010010
01110000000001010100000100000101
01111111101000101000000010100010
00000010010011110000000001110100
01000001010111110100101000101001
01100000001010100011100001101000
10110011011100010100000010100000
10111110111110000010100000000011
10010110111111100100000000000100
00000110111111011101101100011000
00000010101000111000011001101000
01101110000000000001011001100011
10000001000000000010100010000010
01000100101001010010000101010101
01101111010110111000001111101010
00100000110000010000100010000001
10000101010000011101110100111100
01101000000000100010110111000011
00110010000101000100000001010000
11011011011001110101101000001010
10001010010011011010101000101101
00000101011110111001110100111000
10000010100000111110001111001110
01010101011001010001000100001000
10111000001100111100100000000111
11101110111100000011111111110000
00001100010001101011100011011010
10101010000010100101000000100111
11010101010000000011101001011101
01100000011110100010100000001110
00011110101001000011011000000111
01000110000101011010101110000010
10101000110001001010000110110100
01100001000010110010011101010000
11001001011000101000111101101001
10010010101010110000010000011011
00101010011100011110000000101011
01111010000100010110011100000100
00000011011010001100101100110101
01110000100000011101111000100001
10111001010101000000010011000100
01110111110010101000100010010001
10000000111011111101000100100101
01100001101001010001110011110111
01101011000001010111010100000101
10010110011001011011101111000000
00110010011100000000100010011010
10010000000000100001000100001010
11101100101011001001101001110010
01100100101110101011100010111011
01111011100111001100001001000101
01000011000000001000000101111010
10110011011101010111001001110000
11100111001011111100110111100111
01110101100010111000010000000000
10011110110110100000111101111010
11001000100011000001000000000111
11110110000001001010111110110110
01111111100101010011100011101010
00111100111100000000111001101110
10100101110000000011001111111000
10001010001011111000101100011110
11000001011100101111100111100000
11011110111011111111100000000001
11000001001010011001111100001001
01100010101100100111111001011000
00000011001110100100111111011011
11010100100001001011111101101000
00101011000101001000101100010001
00000111001110110001100101001111
01111100000111111100000100110000
00101101110101110001001001110100
01011101110111001101000111010101
10100111011000111000011100110101
00111001101110011110000101001011
01010110111111111110000000001000
10000100001110111010011000010001
10110110101010110010001000111111
00100110010100010100101001100011
10110100001111011011000110111101
01111101000000100110000100000000
01001110000011100000000110010100
11110000110011011001111000101010
00010010111000010111100000110100
11110011100100011001100001010010
10111100010100111001000001001001
00110111111110110100101100101011
00010000000100000011001111101111
10011100001010000100011111111100
11111000100010011011110101000001
00100000101100111101101010100100
01010000101010100010010001100101
01001011010111010010110001110001
00111101100111010001000000101000
10101011011100110001111100111111
01101110100100001011011011010110
01110100101000010000101111010001
11000111100001110001010110011101
00001001001111010110010011110101
00000100111100010001010110000000
00001010000011101111001110001011
01100000011110010010001110100110
00001101101011010110101111011000
11100010111110110111011111101100
01000100000101100001101101011000
01101010000111000110000101110110
10011100011100011100011000110100
00001011001001111101101111100000
11011010000111010000100000111111
01000101001111110000010101111010
00001100101010101011000001111000
00110100100000100101110100110000
01000000011011000111101011111000
10001111000100001110000000111010
01100000000001111101000011111101
00111000100001001001000001101001
11111111001011000101100011101011
10100101001100111101000000010001
00111111011000101101110010011110
01111111001110001110111000100101
00011000101101001011000001010010
11110110001111111001010011111100
11000010010100000111000101101010
11000111010011110101011110010011
10101100111111101001001110111001
00110101111001110110011111101011
00011000111011000101110111001001
00110101010000000010101011011000
00111110001100100000101111111001
00011110011001010000001010011101
00000000011000111010100010111000
00001011100111111101100101100000
11000011000101011000101100101100
10100011000001000100110101110000
11010001110110011100011101100010
10000000100010000000100100111101
00001011111100111110100010000101
11101010100000101010100010100110
11110000101000111011001111111001
11101101101000110001111010101101
00000110101101111111101100101101
00110110011001010011010100111001
00001100100110000101010100101001
01111100101010100101110011111110
01001101000100011000111001111110
11011100011100001010110001111011
10000100110000101001000010000100
00010100010001010110101110011110
00110110010101111011000011110000
11101111011110001001100111001111
00101111100110101011100010011101
11011010000110001011010010111011
10100100001100011101000101101110
11000010000000111110000000010001
11001010110100000011111000101110
11001110111110010111001010101100
10011001001001010010001010000000
10000001010011111000100111100100
10010010010100110000100011100110
00001011100101000010101011000101
11100011111010110110010010101101
10110011110110110111110101001100
11000010111011010110001011000000
00001110000101011101110100000001
11011001001001000001010101110110
00110100110101101000110101001011
01101100011111010100100101110000
00011101111010101011101010001110
10101010110001100010100011101111
00110101110011111111010101010010
10010001000110000010100011011001
00111110100111010011110100001000
00001011011001011111010100100110
11000001010001111011010111101011
11111100110001111011000100110001
10101100100010000010101111000000
10100100100011100110100101101101
11101010101100111001010111100111
00000000111011110001011001111000
11000011100100001111011011111111
00011010100010100010001011110100
10011011000011010110100001001110
10101100111100101000010111010111
10011001000010111000111000000110
00010010110100110110011100100101
01111011011101001100010100101011
01010110111011000100011111111001
00001100111110011100001001011111
10101101011010101110100000010111
11111010011100101000011110110010
00110100011111010100010101000101
00010001100001001010110100001101
00010101101010100010110011100100
10000111000111000101101110010011
01001000000110101010101000010000
01001110101110111111100100011101
10111010100111111011111110111001
00111100011110100001010110111001
01010111001001101000101111111110
11010100001001101000111010101101
10101000100011000011001111010111
11111101111000001101110111011011
11010011001111010011111000000111
10001010000101111010010101010111
00011110001001111110001111000101
11111001110100001110100011100000
10001010101000100100100100111101
10101111100110100001100111000010
01011000101010110100000010010110
10000101101110000100100100111010
01111000010101101110010110100010
11110110011010011001011110001001
01110101100101101110100100101000
01001101110110110000001100100011
00111100011010001100101110111010
11101100011000100011011110001010
00100111111101010001000101110111
01011001010111110100001110011000
11100101001010101011010000101000
01101111001011011111010000101000
01010110110111101111101111100001
00001011101010011011001101110100
00101000011101001001011111100011
01110011100110001001001001110010
01111111111101000101010101001010
11001001000110100100011111000011
01110110000011100111111111101100
11110100100101010100111100101000
00101100010100010100100100010000
01010011001101100110110000111001
10111000000111100110101111001110
01001100101111010010100011000001
11010001011101010111010100011110
00011100001111000011010110111011
01100100000101010100010101011101
01100111110111010101001110100111
01001000111100111010110101000110
11101101110101000100001100100101
01110101100001110010110100100010
10010101011011100100111010011010
00000010100001010000010101101011
01011000101111100010000100101110
11101110000111011011011011011001
11001110100010110111000101111001
10101000111011011001100001001100
00000001110001000110101010001001
01001111011000011101111101010001
10100000110000001111101111110000
10101111110010110001101100000110
01000110010001001100111110100001
00000100101001110110011110100000
11000110100000010111111010100010
00010110110110100001001001010110
10101000000011001110000111111010
11100101101011101000011110011101
00011000011010111111111001001110
10001011010001001101000111110100
01110110100000100111011111010110
11100010100111011001100000011010
01110010111011000010000001001100
01100111001101111111011000010000
00110110000010010001000001100111
01010001011101010011000010011000
11000000101000111111100000001011
00001100111101010101001001101100
11000101110010010110110010101000
01101011100010111011001000110000
11111000011100000100011011100010
00100111011100100000000010000110
10101100000111011101010010000100
11000101100010010100100000100100
00101010100010011000011011000101
00000111010000010010101110101010
11000101100110001000100000100011
10010100100110110010000110011100
11001001100010000001100000000001
00110100100101100000100010111110
01000000100011000010001000100101
00011100001000000011001000011010
00011000010100000000100001110100
00001100000100110000000000010000
01101001010000000100101001100100
00001000001000001010001010010000
10010000000000000000000000000000
01000001011000000000100110000100
10100000000100000000000000010010
10000000000000000010000001000000
10000000000000000010001000000000
01000000001000010000000000000000
00000100000000001000000101000010
00000010000000000000000100001001
00000000000000000000010000000000
00000000000000100000000000000000
00001000000000000000000000000100
00000000000000000001010000000000
00001000000000000000000000000000
00000000000000000000000000000000
00000000000000000000000000000000
00100000000000000000000000000000
00000000000000000100000000000000
00000000000000000000000000000000
1deg=19968
deg tmp = 31
128 bit k-distribution
k(1) = 19937
k(2) = 9968
k(3) = 6644
k(4) = 4984
k(5) = 3987
k(6) = 3322
k(7) = 2836
k(8) = 2492
k(9) = 156
k(10) = 156
k(11) = 156
k(12) = 156
k(13) = 156
k(14) = 156
k(15) = 156
k(16) = 156
k(17) = 156
k(18) = 156
k(19) = 156
k(20) = 156
k(21) = 156
k(22) = 156
k(23) = 156
k(24) = 156
k(25) = 156
k(26) = 156
k(27) = 156
k(28) = 156
k(29) = 156
k(30) = 156
k(31) = 156
k(32) = 156
k(33) = 156
k(34) = 156
k(35) = 156
k(36) = 156
k(37) = 156
k(38) = 156
k(39) = 156
k(40) = 156
k(41) = 156
k(42) = 156
k(43) = 156
k(44) = 156
k(45) = 156
k(46) = 156
k(47) = 156
k(48) = 156
k(49) = 156
k(50) = 156
k(51) = 156
k(52) = 156
k(53) = 156
k(54) = 156
k(55) = 156
k(56) = 156
k(57) = 156
k(58) = 156
k(59) = 156
k(60) = 156
k(61) = 156
k(62) = 156
k(63) = 156
k(64) = 156
k(65) = 156
k(66) = 156
k(67) = 156
k(68) = 156
k(69) = 156
k(70) = 156
k(71) = 156
k(72) = 156
k(73) = 156
k(74) = 156
k(75) = 156
k(76) = 156
k(77) = 156
k(78) = 156
k(79) = 156
k(80) = 156
k(81) = 156
k(82) = 156
k(83) = 156
k(84) = 156
k(85) = 156
k(86) = 156
k(87) = 156
k(88) = 156
k(89) = 156
k(90) = 156
k(91) = 156
k(92) = 156
k(93) = 156
k(94) = 156
k(95) = 156
k(96) = 156
k(97) = 156
k(98) = 156
k(99) = 156
k(100) = 156
k(101) = 156
k(102) = 156
k(103) = 156
k(104) = 156
k(105) = 156
k(106) = 156
k(107) = 156
k(108) = 156
k(109) = 156
k(110) = 156
k(111) = 156
k(112) = 156
k(113) = 156
k(114) = 156
k(115) = 156
k(116) = 156
k(117) = 156
k(118) = 156
k(119) = 156
k(120) = 156
k(121) = 156
k(122) = 156
k(123) = 156
k(124) = 156
k(125) = 156
k(126) = 156
k(127) = 156
k(128) = 155
128bit D.D:  35371, DUP:  118
64 bit k-distribution
k(1) = 19935
k(2) = 9968
k(3) = 6645
k(4) = 4983
k(5) = 3925
k(6) = 3266
k(7) = 2496
k(8) = 2491
k(9) = 312
k(10) = 312
k(11) = 312
k(12) = 312
k(13) = 312
k(14) = 312
k(15) = 312
k(16) = 312
k(17) = 312
k(18) = 312
k(19) = 312
k(20) = 312
k(21) = 312
k(22) = 312
k(23) = 312
k(24) = 312
k(25) = 312
k(26) = 312
k(27) = 312
k(28) = 312
k(29) = 312
k(30) = 312
k(31) = 312
k(32) = 312
k(33) = 312
k(34) = 312
k(35) = 312
k(36) = 312
k(37) = 312
k(38) = 312
k(39) = 312
k(40) = 312
k(41) = 312
k(42) = 312
k(43) = 312
k(44) = 312
k(45) = 312
k(46) = 312
k(47) = 312
k(48) = 312
k(49) = 312
k(50) = 312
k(51) = 312
k(52) = 312
k(53) = 312
k(54) = 312
k(55) = 312
k(56) = 312
k(57) = 312
k(58) = 312
k(59) = 312
k(60) = 312
k(61) = 312
k(62) = 312
k(63) = 312
k(64) = 311
64bit D.D:  23370, DUP:   54
32 bit k-distribution
k(1) = 19933
k(2) = 9967
k(3) = 6644
k(4) = 4983
k(5) = 2500
k(6) = 2500
k(7) = 2496
k(8) = 2491
k(9) = 624
k(10) = 624
k(11) = 624
k(12) = 624
k(13) = 624
k(14) = 624
k(15) = 624
k(16) = 624
k(17) = 624
k(18) = 624
k(19) = 624
k(20) = 624
k(21) = 624
k(22) = 624
k(23) = 624
k(24) = 624
k(25) = 624
k(26) = 624
k(27) = 624
k(28) = 624
k(29) = 624
k(30) = 624
k(31) = 624
k(32) = 622
32bit D.D:  14413, DUP:   23
