mexp = 19937
filename:resX78.19937.magi06.060810.07.txt
POS1 = 29
SL1 = 21
SL2 = 1
SR1 = 2
SR2 = 1
MSK1 = 5fffffdf
MSK2 = ffffcfff
MSK3 = bdffdefe
MSK4 = fdfdffbf
deg poly = 19937
11101111011000100010101111000111
11110101101001101100100011000011
10010100100011010101000111101000
01000110010101101001010011101111
10110010001101001111010100011101
01110100101100101111001101110000
01001011111010111100000101000111
01101010000100111010111001010010
10111101011101111101001011101101
01010010110010010100110111100011
10011111010001100101000110000100
00000000111110010110100101111101
00000010001100001110001111100000
00000101110001010111010100100011
10100001011001101001001001010010
11010110100011010101111010001010
00011100001111010111010110100010
10001000010001101110000010110101
11101001000000101001110000100001
11111100011111101101111001001100
10011110011001001011000000110101
00011001001000000010011011010100
10110100110110111010111101110010
10000000111110110100011000111010
01101011000101011111011101000111
00011010010110000110000101011000
01101100110010110101001100110110
00010010110110011110100011111101
10110100110001111011101100001110
11011001100001010111111101000010
00001001110101001011101100010010
01101001011100011101001000000000
00101010100101111010001110110011
00000011111000001010010100010101
00011001101101001010101111000110
00100010111110100001001100011011
10001001000101110110110001010100
10111001101001110111010111111011
10110111011111111101101010110001
01010101101010011001010000010011
10010011110011101011011000101010
10110111110111111001101010110110
10101111010111100100011011110011
00000011000010010000101111100100
01101101100110001111111001001011
11001110010110110000111001111111
10010011000101101011111110110101
10100001111110000010000100111110
00111111011001111001011010100000
10111101110100001100110011010010
00000111110000110111011001100010
10000010001110100001100000100100
11000011000001000000001010111000
00010110110101101111100111010101
11011110001010110101001010000111
11111001001110111011101001001011
10111011101010011100011010101010
11000011000001011011001011000011
00001011000010101110011001001011
01000111010101001110010010110110
11001111111101010010100000100100
10100000011001110101101100111100
10110011111101100010101011101000
11100011010110010000100000100100
11000011111110000100000100110001
01001011100111000101010001001010
11000111000001010000110001010101
11101110000010101100101001011101
00010101111101011011000111111100
10001110111111001010011111001011
01111111000011011000111000110001
10011100110010111110010110010011
10111110010111001100000111110110
11001010110011010010011011001111
10010011111111000000110001000101
01101101110000100001100001101110
10011010100001110011111000000000
11101001001110100111011100010010
11110110011000000111001010000000
10111010001110101100100010010011
10101001011101010101001001011110
01100110100011100001001101011111
10111011101110100010001001010011
00011101100011000000110100011110
01011100101100111001010000100000
11111111001110000000111111010110
00011110101001111011001011011101
01011001100100011111111000110100
10010010111000111000010011100111
11001111001110111110100001001011
10000100111100111100011111101100
10111110000001110100101110011110
11001100000011010111101101110101
00110010011000011100110110001110
01100110000110011000100011001101
00111000001101011110110111110000
10010001101001000110100010010101
11110101000011000010010110001100
00100110001000001100111111110010
01010001000100110101011101001101
00111001111100000110100010001100
01110011011111110001000000111110
10011101110110011001010010000101
00100000110010100000101011100010
10001101101001111000101011000011
10001101001110011000111010111101
00100101101011100010101110110111
00110110001100101010010001100010
00111000111010010100111000110111
00011000111011011011010100101101
11110100111111101110001000100110
01010101111000100000001110110001
00111010001101001100011011001011
00110000011010110001100101110010
00000010110101111100000111011000
01011010000011011000101101011110
01011101110101110011100110011011
01110100110100111001100101010100
10101101111001001001001001001100
01100010010110100101010000111100
00111101010010111100110010100001
10010010011110001110011000001111
00011010111001000101110110111111
11110010010111011110001010011010
00010001010001110100010010110111
10000011110101000001111001001001
10000101000100111000101001111100
01101111111101111110001100110011
01100111100100000011110100011110
00100000011010000000001000001101
10111111110010110011011111100011
10001000100111100100111100001011
00100110111101001010000101110101
10001110001001110111010000000011
10110111101101101010100000100000
01010110011011111100101000010011
11110100100011001000111100010111
10110111000110001110010101011000
10111110000110101100101100010110
00111001001011101100001110001100
11111111101001110111011110100011
00111010111011100000110101001101
01011001001000010001011011000000
01111000110001010010011101110011
11010111000011111101111101100010
10000011101001010110100101101101
00001111001100100101111010110111
11100110000101011100001011011001
11100001100000000011110000001000
00110000100001010111000000101111
01110000111001000001001100111110
11111101100101111111100101000000
10101011001001011101110000000011
01001011110111011101110100110111
11101111110001110011011011001100
10110000111000111110100000111100
00010011100110111000110011000101
11101111110000011011110110010000
01010001001010000100001001000110
00111001011111010010111000101010
00110100100000010111101010010110
11010100111101011110111011010101
10101001110000010011110011110011
10100100110010000000000100111110
01110110011000010101011010101000
11010001110000001010000101100101
10011100010101000111111010110011
10110001100110111111010111011011
01111001110100100001001010001001
00110110110100000000001100011001
01110000110001110000011010011111
00111101011000110011010111101001
00001001001101011101111010100101
01011001000101010101010010001110
10111011011110001101010000101110
00011010011001100011000110101111
10011100011011110000010011000010
10110101101110110101110000110110
01110100000110000101111110000011
01011101010101101010111000001010
01000000111101011101101001100001
10010001110101001001000010010101
10100100100111110110111100110011
00000110001011111110010010010111
00110100101000100111111001110001
01100110100001110010000100011110
00001111000111001011101111111011
10110000010001101110110011000001
10111010110110011011101101111011
00000101000010101110101001010000
11110110000110011111101010000011
01000101001101101111010010010000
10101111100111011111100111010000
10010111001011100000001001100100
01101100111001010110001000100111
00101001011100111100011000000010
00001101111001100101110001110101
11101101000010110110000101011011
00001100000100000010000000111111
10000001110000011111110011100110
00101001100000011010111100100100
00010101110100001100111000000110
00100111111100111110011110101111
11110001100101111000111111010000
11101110110111110011000010100001
01101000110100111000101101101100
10111111100000010001000110100100
11111111100011001100110110111001
01100011010101100000001011011101
01010000111100101111011011111010
11101100110000001010110010001000
00111100010100010110110001001111
11110100001011111110010001011110
01001100101101101001110010111011
01011110001111010000111110001011
10000011100111011111101011101100
00010100111010001011001111001010
01001011010110000010010011110010
00010101110100001101110001011111
11100010001011111010001100100110
00001110001110101100101000011011
00000101111110000111000010110010
10110100110000011100100110111100
11011100101001011010101100000000
10011010111010111111011111011100
01010111101001011101000010100011
11011100000101111010011101101101
10010001111101010100100111010101
00101001110111101011101111100010
00011111111101111011100100000011
01000110100001000101011110010000
10100110100011110010010100010010
01111010101111001000010100000111
00010011010110011110110100111111
01101010000010001101011001111001
01010110100010110111101110110111
11100101001101011100110100001010
00101000010101101010001010010101
01110101000100111100001110101110
11101111111101000000011101101011
10010111111110010100010010100110
11110010001011001001110010001011
11000110011010101001000110100100
11110101010100000001101010001011
10010110010110111111110001000011
10101011101110001011010000001001
01100001110000011011110110010111
10101011111010000100011011001000
11110111010111000011001111000110
00011011111011111110001010100111
11010010010010100001000000101110
01100100101010110101011111101010
00011011110100001100100011010001
01011001100001101011010010110111
10000000101100010000010011011011
11010001110100011000110101001101
00010101100011101100000011010000
01010010100010100011100110010011
00110100101111010000010011010010
00000011010100110001101100100011
01100111111100001010111111110001
01110101101010011010001001111110
01010100000000101101101111001011
10011000011011000011001001100000
00001110010110100111110100000000
01111000110110011100010011011110
11110100000011111111000101110110
11111001000101110000000011011100
11110101011011000010110011000111
01101011101101100110000000010010
00100010101001100101010010110000
11101000000110000010110000001000
01100101100101110011011100011010
01010100000011011010001110110111
10110010110100010110001010101000
11110110101011011010101111000011
00100110111000000010100010101111
10100001011001000110001001110101
01011101010001110110111100000100
11110111101100011100011011000001
11110010110000011111001100010011
11100000010101010010000101100111
11010000001100101111000001011101
11010000100010111001100001110000
00101000100101001101010000001011
11010000010000010110000001110011
01110010010100001110000011011101
10000100011001111110111011111000
10000101001111110100111100001011
01001111010010111000101000110100
11110110010110010001001111011010
11111111010010010111000110011110
11011000000001110101011000010111
01111100110010010000101101000101
00010111001101010000011011011110
11101001110100110100010100111100
00100101110111110110101001111010
10010011011110000001000010101110
01101001111111001110100011110110
11010010010110010110110100010111
00010110011001100101011101101101
10000101100011110101001100000100
10001000110110100011001011011111
00110001001110011100111010110110
00011011010010011010010101100011
10000010101001011111100011000000
00100110010010000100100010110111
10011011111110000100100100000110
00100111111001101100000000110001
10101110011100101111100001000111
11001101011100000011001011100000
01011010001110010000010111111010
00110011001110100100000110100100
01110111010111011010011110101100
10110110000000001010111010101000
11100111010011001100111010011100
10010010101100101101010001000111
00001110100011111000111110111111
01001111111011101001111010010111
00101111000100001100110010011110
01001101110111000110001110100000
11111110101111011011001111110010
10110011100101101100010100010101
10000110110110111011100010101001
01101001010100001110111011110110
01100100111100110000101101111010
10100100111000011011101101001111
10000111010111000001111001101111
10111111110010101111000011111100
11111110000111001110110011010101
10001000000000000001100111011000
10011010100001010011111110110111
10100111111001111001010110011000
01111111111101101000010100001110
11010011001110101000101010100100
00101000101111110111010000001000
01101001101111001101000111000110
00000001010101101011100011111001
01110000001111100000010010111101
01001100001001000110011100011111
00010101000110111001000011100000
00111011110010101010001100000000
00111000100001001110100100111101
01100010010101101000111110110000
10100100010101101010101111111001
10001011010000000010101101001100
10100101001101101101010110100011
10011010101100110101111111011001
00001001000111000011110001011111
10111001001000101110010101100010
00010111000110000000001110010101
00011000010011000101000001011010
00101001011011101111111100011011
10011011101000001010000110011000
00101101101101000000011110010101
01000101110000101000001000100011
01111110011000100001001110011000
10000000101011111100110001111101
00101011110001111000111111011111
00000101001111101011011110111100
11001100010101011110101111010110
10000100001010011001010010011110
00111001010101010010101101001001
10111010001000001001010001111001
01011111101100101101110000100111
10101000111110100110001011110101
00000101110100001110111111011000
11110001011111010001110111101101
00001010011111101001101011010111
01010011110101011000000000101001
10101111110011111001010110000000
11011000111100010011011001000101
01011100000101011101011000001010
01000000100010010101001001001101
01110100111011101000010100110100
01100011010111010101000000111001
11100001001011100101101001111110
00110000101100101101110000010100
00101001100100100001110100011000
01010111001001011000110001100111
11111110001111111101011111010110
01110101010111101010100011001011
00000001100111010010010010010111
10010110110100011011000111010010
10110101000011010011000101000111
01110100110000100001100011100011
11101001110011110111000010101110
01001111010100011101010110111111
00001000110001111000100010010010
11001100011111011101010001111111
00011100001101110111010101011111
01011011100100010000010100101000
11011100001111011000101011011000
11000111000011010011000001100011
00101011011000110111010001010000
10101100001000000111100100100100
00011001110100101001010111000101
10111100011011111001001011000111
01001001100101001100000000000010
00100001101011101011010110011001
01010111110001011100011001000010
01011001101011101010010101101100
00010111100101010111111110000110
00010100010111111001111111100000
00010101110011110101111101000100
01111101101001000011000010001001
01010010111101111101000101011011
00110000110111010001100000111000
00010111101111001111101100101101
00110000000010010110001000010110
11111010101000101110011010101111
11010101001011100110000000001011
10111111110100010010101111001111
10001111111101110110100110110111
11001011010001110101101100100101
10001101100011110111010001010110
00000111001000010001100101100001
10100001110011101001111110110111
01101100001010100110000001110000
10010100011101011110111100111001
01010010110101110100101101101100
10101000101100101010100111100010
11010101000100101000011110000111
00000001001001001101111111001111
10001011110001100010010010001001
11100100000001011101101111001101
01101100001011111101110111001111
10100101101110011110001010100110
01011101001001000011101010111010
11011000111000010111100011110000
01101010010110010001100010100010
10110111001001101001000000000000
01000001101011000011010111111101
00111000010111010110000101011001
01110010100101010111101001101100
10101111111011111011110010011111
00001100110101110001101110111111
01011000000010000000101100110010
00111100011010001000110101010101
10000010100110001000011101111110
01010000101111011101000001001100
01110111100010000001101101110010
01101110001101100011100100011111
10101110010111010101010111100001
11100011010000001000110010001000
01000101011001110111111001100000
10011001000101001101100110001101
11110110001111111100000100010011
00100101010110110000010000010001
00011001000111100100000011111110
11111000101010101011110010110100
10000110111111101010000000001000
11100010110101101101101100010110
10000110101011100001110100011010
01101001011011101000111110111010
11000011101110101111010111001101
11001111011001110111111110100100
10001101010110010000001011001000
00011100000100110110101010001101
11001100010111001111000110001010
11111100000011011101100101100011
10100100000001110101001000100000
10011110000011100000000101100011
11100000111110110001010101001010
11011010101010000000111010010001
11100111001110110011010010011010
01101000101100011011001101110111
11001001101000100100000110111011
10110101000111001011001001100001
01011100011100000011000011001101
10000110010101011100000011010011
10100010000100111101101100101110
01010001000101011101001100001010
10011100000010100000111110110010
10100110000100111011011000110001
00110101001001011100000111011111
11100001011000011000110100010110
01100000000001110011010010111110
00011100001011100101010100010111
01010100001100000101010111000100
10010000110001111110100110011101
10111101100000100001110110100011
10110011000011001111010010101011
10000111111101011100011011110010
10110101010011100100000100000101
10011101111011000000110010110001
10111111111111101111100000111100
01001101111000001010100101001111
00111111111011110011101100001111
00001011000000011001101101101110
00010000110100101011110010001111
11011000111101111001101000010011
11110101101101011010001010101100
10011100111000111001101011110011
01101010011100101011010101101101
00000000111111101111100001010000
00111011000010001001110001010110
00100110001111100000000010000010
00011110111011101111111001011110
10011001110100000000010001100010
01100000000001110000010001101010
11101110101010001101011111001011
10011000100000110111100001100001
11100110100110111001111010000010
00111000101011100000010100001101
10110010001001101111110010000000
01110101101011101101010110000110
10001010011101111011110110010100
00110111010110011001000000001011
10010001100001000010010001001110
11010110010011011100010001101101
10000111110110100001101000000101
00110000101010110001011110011010
11110110111101000001010011111110
00101000101010110011000100100010
00111100010011000110110110111000
01111101110101101001110111100110
01100011001111110100011111110110
01101011001011101010011010011111
00111110011111001001110000001010
10100111011011001000110100010010
01101011100110111101110110000000
01011100010100011110111010110101
00111111101101010011010011010100
01100100001100101010010111011010
11010010111001111010010111110001
10101001100110100001100000001011
11101001100001100011000111010111
11001101011010110011111000101000
10101111010101100011011101011111
01011010100001011101111010110001
01000001000110110111000111100100
00000000011001110110111101011100
01011000011000111101101011001111
00000011110011010011000000010010
01000001010101101101011001010101
10101101111000010101010001000011
10011100101110011011100000101110
10000010100100111101011010100011
10010100011101000101011000010011
01010011111100111110010110000101
00100111101010000111100010100001
11100011101011111000101001101110
01101011111110011001011100001001
00011111111101101011000001100101
00101000000101000010000101010111
00111001000000011111011010001011
00101110111111110010111101110001
00111110111001110000110110000010
01011011101101101011111111100000
00010101010001100011111010011111
01001011101111000001011110111101
11010010001110010101110100110111
00110001111001101010101111111010
10100110110001101110110010110010
11110100001101100000100110011111
11001111111101011010011110011111
10110000001111010001000100110110
00100011110101101001111100010111
10101010111101111101010010101110
00110000111010101101111110011001
10000001010110011011010011011001
00000101001100001010111100010110
10011011001111110100101001011100
10110011111101010100010000000010
00011011101010110100111100101001
00111101000001101000110101110110
01000111010000101000000110010000
00001101000100011011111010000000
11001101011101111100000100000001
11100100100000001101000001101010
00101000001101110001111100101011
00011000001111111111011010110110
10011000110000111011100101000000
11101000100101011100100100011111
01111110010100111101101001010011
11010101100111100101010011001100
10001001011010000001001101110111
10100110001100011001110010011100
01000111111100100110011000110001
00000010001001100000110111110100
11111001011011111011011000001101
11101001110101000111111001000101
00101110110101111101001110011100
00000100110011000011110100100011
10000100110011100110101110011001
11111011110110100000000011111101
01001000011000111001101101100100
10000001111011000110000000011011
00000011110100000001111100111000
11100111000000001001101101101101
01001100100001000101111110001111
11101110111001111010001101010010
00101010000111110110101110101101
10010100000110101111110111101011
10011001101001011100101110111000
11001000100110010111001011110011
11000111111010101111001101000100
10010110100110101100101100011001
00110110110010111010001101000100
11001110010011110010000000101011
01001011000011101110111101111110
11000010101101110100110101101001
00010110100000101011010001000111
10111110101110101111011100110110
11000010011011000001001110010010
11111100000100110100111011001010
00101010110010111010101111010000
01011110100111000011101011011000
11100000001011000010101000010101
11000001011010001111000111011101
01001000101111100001100001010110
10010101100010011000001100101101
00011100000001011001101111000000
10110100010010110100100001110100
00011010101110000110111000000010
10011011101100100010101010010000
01100010010100001111010000110010
10010010000000110000000010000100
10001100101001100101001111010011
00000000011100011000110100100110
10110100100010110010001101010100
10001010000001111011010010111100
01deg=19937
deg lcm poly = 19968
weight = 7564
10000000000000000000000000000000
00000000000000000000000000000000
00000000000000000000000000000000
00000000000000000000100000000000
00000000000000000000000000000000
00000000000000000000000000000000
00000000000000000000000000000000
00000000000000000000000000000000
00000000000000001000000000000000
00000000000000000000000000000000
00000000000000000000000000001000
00000000000000000000000000000000
00000000000000000000000000000000
00000000100010000000000000000000
00000000000000000000000000000000
00000000000000000000000010000000
00000000000000000000000000000000
00000000000000000000000000000000
00000000100000000000000000000000
00000000000000000000000000000000
00000000000000000000000000000000
00000000000000000000000000000000
00000000000000000000000000000010
00000000000000000000000000000000
00000000000000000000000000000000
00000000000010000000000000000000
00000000000000000010000000000000
00000000000000000000001010100000
00000000000000000000000000000000
10000000000000000000000000000000
00001000100000000000000000000000
00000000001010000000000000000000
00000000000000001010100000000000
00000000000000010000000000000000
00000000000000000000010100000000
10000000000000000000000000000100
00000000000000000000000000000000
00010000000010101000000000000000
00000000010100001010100000000000
00000000000000010000000010000000
00000000000000000000000001000000
10101000000000000000000000000100
00000000101010100000100000000000
00000100000010000000000000000000
00000000010000010000000000001000
00000000000000000100000000101000
00000000000000000000000001000000
10101000001000001000000000000001
01000010001000000000000000000000
00010000000000101000000010000000
00000000000000000000001010101000
00000000000000000001010000001010
10000000100010000000000001010101
10101000000000000000000000000000
01000010101000000000000000000000
00000001010011101000100000000000
00000000000101000100100010001000
00000000100000000100010000111010
00001000000000000000000001010000
10101010100000000000000000000000
01010000110000000010100000000000
00000100010011101010100010000000
00000010000101010100000010100000
00000000000000000001010001000000
00100000000010000000000001000101
10001010100000000000000000000000
00010110111000100010100000000000
10000000010101001000001000000000
10001010000000000100100000000000
10001000100010000000000100110010
00000000001010000010000001000000
01010100000000101000000000100010
01000100010000001010000000000000
00100001000100100100010100000000
10001010100001000001001110000110
10000000000000100001000100101000
01000000000010000010101000010000
10000100001010100000000010000011
00010100100010010000000000000000
00101001010001110101000011000000
10101010100001010101101000101110
00000000100000000011111100010011
01000000101000000010000011110000
00110010100000010000000010000000
10010100000111111100001010101000
00100001000000100000000011100000
10101000100001110000001000010100
00000010000000101000101100010010
00001000000000000000000010011001
00000000001100000000001010000000
00100001101000000001010000001010
00101000110111101000100001000000
10100000001000010111001100110000
00000000000010000010110110010000
10101010110001000000100010000010
00100001101101000100100010100000
00011001111110100100010000111010
10001001010000110010111000000000
00000010100010010100010001101000
00000000000000000000010110001010
00010110010001011010101000100100
10001001101101110101010010100000
00000001101100100001000000000000
10100010110001010110110010000010
11010000100000001101001100001000
10010100000000000000011110001110
11000010010101001101001000001101
10010001000010000000100000101000
10001100101110101000100000100101
01101000101100000000001010001000
01010101101000000111110011100000
11100100010100111010000000010110
11010001000101110001011000001001
00101001001010001001001011000000
00001000101000001000100000100101
01110000011100100110011000101010
01000001010000010001000000010010
00010101100011000010001111010001
11111001111011110101011011101101
00111000101000101000101000010000
00000111001010101110101010110000
01001010000001000111000001100000
00000111000100001011000010000111
00010101100110100011100011101000
10101001100010110100000001001011
11100110110011100000001001001111
10011101010101000000000010010001
01100001101110100010100010101001
01011100001001110011100010010000
10001010011101001011001001111011
01101000011010101011011111000001
00100110100110000000010000010110
01011001111101100000111000000000
01111011111100101010101000101000
10101100101000110000110111000110
00100100111111111101010000111101
10101000101000101000010110000100
10001100010000001001000001010001
01011101011110100001010110000000
10010000100001011110111111000100
11011001110110010110010100001000
11011010111000001000110010010000
00101010100010101100010101011101
01011100001010100111000101000110
10001110001100010100000100100111
11001010011011110110111110101100
00001100011010011010010101000011
00000010111001000000010011011100
00010010101000101101010010010010
01000010001000111011111011000101
01110001111100110010100010111011
00011100001000111101101000000100
10100000000000001111100001000110
00000000000011010110101010111110
10100000000101000010110101110111
11110011001001100001101001111101
11000111011101110000101111001001
11011001010001011000011011010010
10100110010101110100110010010101
10000010010111100001010011001010
00110000100011000100001110101000
10111001000100001001100110101111
00010100010010010011101010101001
10001100110001111100111110001010
00100000111111001011101000000111
01001000110110001110110110101110
01110111110100001110101011011011
11000001111100111011001011011000
00011101111000110100000010000001
00001100111000110101100000101110
00000001010101001010111101001101
01100111111011100001001110011000
10101111101110000000010010101011
10111101011010000011001011111100
01001100110001111111010100110000
01001010000101111011111111010000
10101011010000101000001010110010
01001011100100001011110010101011
11000000100111001011101011010111
10001111001110100011011001001100
01110010001011110101101111001010
11101010110100011100011010001000
00101111110010000001000000001011
11101111110011011111110001101101
11111001011011110111001101001110
10101101111000001001101010001001
00000101011100101010101110101010
00101000011110001000000110100111
10011110011010000110101011000010
00110101010010010010010111100000
11111110000111001100100011111100
00000111110011100001101011101001
00001110000110111010001011010001
10010111101110100001010110011001
00010011111010000111000001011010
10110011011000110001101101101000
10001001100000010001110011010110
10110010001010100011100011101010
01010100110111101010111010001010
11001111100101100111100110001010
10011100001001001000110001000010
10101101001010001001111010000110
01010101111010110000010111101000
00101011001100010000010110011100
01001000000010010100000011101010
01000000001001101100101011000011
11110001011011011010100110100011
11001011010000110011100110101011
01101100011110001001001001110000
00011100011100100011100011010110
00100110101101101101000010000000
01111011011100010001111010100000
10000100011010000001000101110001
11100000101001100010010010001001
01111111011111000111111000000001
00000111011001111011110000101101
11011111101111010101011001011000
10001001010001111011010001110000
11101101010101010010011010101101
10111101010011001001110101010101
11010110110100100001110100000110
00101111000111000011111110100011
00100111001111110001101001100000
11100110011000011000101010000111
01000010100101100101100101110101
00100001111011101111000010101010
00101011001110011001101010101101
11000111001000100101010011100111
11011011011010010110111000111100
00100010010011100100010101010001
10010010101001000100111101111100
01110111110001101010101100001011
11111110000011000101011111100110
00001101100110001101011001010010
10100110000101100111001110000011
01100001001111000101101110110010
00110010100111010100111010011101
11110110101110100101011010011010
10101001111011001001111101000010
11100110111111011011100000111001
11111110011011001111111101111111
01001011001001010101010011100110
00000110000000100001011010101001
01011010110001101100001111101111
00011111101110110110011100101010
10000011101010101100001000111101
00011001000000111101100000100000
00101100011011110000011010011010
00100001100011010011110010001110
00101111010010100111000000010000
01000111110100000011011100011011
00001000100101111111000101110001
00010000011000100010110100000010
00001010100111101011011111110110
00100101000011000001000010100000
01111000100111111011010100000011
01111001000111001110111000111100
11110101111101000110000100101011
00011010100000111000001010111110
00101000101110001001110011001100
01111100111100111010110000001101
11100010100000100011010101100111
11011000011101001111010010111110
11111011110111110111100011001110
00110101110110101110111100111001
11000110010010100010100100011001
10111010110111011111000000010111
10000100010100010111101000000100
11110010100000110100111001111101
00000110000010000111011000001111
01011111101011110010010101101001
00010110010110000110101011001100
10000000100111010100100000011000
01100111101001010111010001001011
01010011111000110000110000111100
01010100110101100111111011010110
00000001100100011011010001101111
10101001101000010010010011101100
10110111100010001011001010111010
10000110111001101101001011110010
01100010100001101100110111010000
01001101010110011101010011001000
10100001101001000001011011111100
11110110001000000110001111000100
10001110101100100111001010010110
00010000011110111101010101101011
10000110110111000011101111000111
11011001001010000011110001100111
11110010101010001100000100010110
00010011001011001101100111101100
01100110001010101010111010101010
11010011010001110101010101110101
10111111000011100110110001011001
11111011000111100111000001001101
01001110000011010011100011100101
01001011011111000000110001001101
10010010000101111000110010001100
10010100100010111011000100011100
10001100100101010011000100101001
00100000111000001101000000111111
10000011101111111111001010001100
00101101001111101000011010010101
11000000011011111101100101011000
10000011011001110101100010010010
01000111001000110110011100001000
10111000001101001001101110110000
10101100011111010101001011001011
11011001000110111100010001100010
00010101010110000110101101110010
01111001100100010001011101001001
01110000001010100000000011110111
10000111010011101001000111001111
00001001010100010101000011010010
01011000111101101000010001111010
11011111011010100110111011001111
10100101100111011010000100011110
10111001011010011011001111011011
11000100010101110101100001001101
00011000110000011110001110001111
10100101110010110111001110010010
11011010011010011111111110100011
10111000101100010000100100110100
10001100100010010101001000001110
10001000000100000000001110111001
11110001010000000101110000101110
01011011010010101011001001001110
00110100100110000000011100011100
01110011111101101110011110011100
10010011110011011100001001010111
10010010111110101110001011000010
10010111011110111100010111010100
10100001100001110000011010101000
00001011111001110011010011100101
10010010001101110011111111101000
01011110010000010101011001100111
00110010111111000111000110010010
11111111111110101010111100100110
01110101100111010010011011110010
01101001101110100101000110101000
01101111111110111011011011001110
00000110001000101001001001100110
10111111000000010101011010110011
10100010011000010010101111011010
01010100101111111010101010010110
00011001101100010110110010010111
01001100101110101100011011011010
10101010001111100001010001101101
00110000011101101011101001101100
11110111110111101000100101111010
10110011010101000000010001111001
01001000011010111111100011100000
01111101000110101111011110000111
10001101011010010100101111010000
00001000110110110100111010011111
00111001111011101110110010000011
11110010101110000110010110010010
00111111110110110100100000100111
10000111000010101011001100000101
01101011101101111010001001001011
10000100111101101001011101100110
11010101101011111110100001110101
00001010010100001000000100011100
00001010010100101100100001000111
00100100010110111010100001101010
01010011101101010111011011111010
10010110110001011111101111101010
00011000100001111111111011110110
00000001000001110110010010100000
10011011010111000011101010010000
00011010010011001100101100000100
11101100010111100101111010000111
01110010111110001111110101111111
00110001111111000010110101010000
01000011010000110000100110100000
11110100100011110001110111100001
00010100101101101010111100011001
11011101000010011111010100101000
11111010101110110010000000001101
11100110111101111111011110010110
01000001100111110001100100011011
10000111101101100100010010110101
01010101111010111111000001000110
01111011001101010111010100010001
11110110001001010001101011001000
10010111010001001110001001011001
00001100010100001001101011011111
10000001011011001101100100000100
11000010100111100110101110110011
11001101011100010110101001101001
10000110110010100100110011100011
00000001011001100010000011001110
11100011000010011101000100011010
00001010110001001011001001111100
01111011111000100101001100110101
01000110011110101110001110111100
01011000010011001010011001011100
10111111110101001100011011000001
11011000101111110100101101101111
01001110011001001001001101100000
11000110111011111100010100010000
11001101010010001101011101111101
01001001110101111111000001100111
11110100100001100111110110011110
00101010000110111111011010110101
00010100001001000101101010011010
10000010001011000100011111111011
11101101101100001100010110101011
10001001000000111110110010001100
01010010010001010001111011000110
10110011100000100101111001010111
10011110000110010101110110110000
11001000100111010100000110111111
11101111001000100000101101110100
11011010101100000001000111010101
10010111110110011011000100110110
00010100111011111011001110001111
01101001001000100101001010001001
01101010011111101111101101101111
00000011110000101111111110101010
11001011001111010001001101000000
00110101101011000010011101110101
10001000011011000001101010101010
01000110001111110100010101111010
00001111000110001110100111100011
10000001000110010001000110001001
11011100100110110001101100101110
11100100011010010100100011111110
00001111111001111101101110101001
01101101000000000010010110110110
10000000111011110010010000001100
01100010100101100010010010100101
01110010101011111100001010001001
10111001110111001000011101111111
11011111111010101010101101111000
11101000000000001111100011010000
11010011011101011011011100000010
11100101100101110000000010111010
10110111111000000001111100010001
00100011111100011101110011101000
01111100001000001010101001001000
01111110100100100111111110001100
10110100100000110110011101100001
11110000100011110011100111001011
11101001001010111111101001110101
11110110100100101011000010011101
00010001110010000111000011011100
10100100001010111011010000101011
01110010010011011101111101100110
11110111100011100101011011011011
00110000010101010100110001001001
01100011111111111001100111100000
01010111100010011011111111101110
01111011001100001111101111111010
10100110100101111000111111100001
00000110011110011101011011111001
00100111100000011000010000011110
01010100001111010010000101110011
00011111100110110000111011101110
01100001110011100101011010011011
01111111111110011001011000111100
00001100011101010011110000100100
10110111110011101000100001101011
11100101010100111101111011110010
00101111110110010100100000001110
11000011011100010001001110011000
10100010101000111001011110001101
11011110011010011010010110101001
01001100111111000110110010001010
01111101010111001000101111001101
10011110101100010010100111111000
10000110110110011110111101100101
10101010100001010110011000110100
00000100110011101010111000011110
01111010110000110001011100000101
10001011100011101110101010001010
01001001101000101001001001111011
11010110101100011010000000011011
01010110010100010011000000100011
10000101101111101000100001001000
10000010001111000000011110111111
11110100001110001001101000111100
00011110000101001111011000010101
00000010000010001111000101100100
10010011101001100001100010001101
01110010011111010111111010111101
10000101100101000110001001101110
10111101101011110101000010110010
01100111011100001001011111101100
00101011101001110010111111011100
10001001000000001111010000010010
10111110100001111101101111110001
11010000011110000011001111001001
01101000000110011000111010010111
01000100000000100000101011011010
10000000111001110011010101111100
00000011110111110010101001011100
01100110100000111010011000011111
10010101011101110100010010101111
01101110101111000010000000011000
11011000100110010001010101011101
11111110001111111010100011000001
10111000011001100101000110001000
01110100000010111101100001001010
10011100001101000100001000011101
11010010110001000111111000101110
00010011010011100101111011101110
11101011001111110010110100101010
00100001100110010011101000000001
01111101000000101011011111101000
00010100010010111011011001111010
11000001100010110111100000100001
10111001110111010100100000001101
00101010000000110001110101100010
11010010001010000111101111100001
10001110000111001001100011101001
00011110001100000110101011001110
10100101001100010010111000001011
10100101100001101010000100010101
01010000101111011111000010000110
01001100001100001100011010000110
11011000100010011010100110111010
10000011111000011010100111101100
11010010001111010000000101000100
00101010010001111111001001001001
10000101101000010000100001001100
01100100011000000010101000001101
01101001000001000000001111011001
00110100101000010111110000001001
00101001110011110001000100100100
01101110001011001110011010010010
11010010101111100000000011000001
10000000001011101111101000001110
01101100010101010000000011000000
01000110001100000100000010000111
00010000101010100100101000100100
00001011010010101100000100001001
10010100011010011010100110100100
01101100000011000100010010101000
00100010100000010110010001011100
10101110110000100010001001011000
00101100100000000001010110000000
11000101110100100000100101111010
11011111000100000010101001000110
01100010000000110101000010001000
10001010001000100000010101000010
01100010101001001010100110000101
00001001000010001011000011000001
00001100010000000010100001100000
00000010000000000100010010000110
00100000101100100000100000000000
10100010001100011010100100000110
01010010100010011110100110001100
01000001001000001100001000100000
00100001010000001000001000001000
00111000000001011000001000101010
00100000110000110000110100011001
00101000100010111010000001001100
00000000000001000010100010100001
01100000000001100000011010000000
00000010110010000000000000100000
00000011001000011000010001110100
10000000100010001000100011010001
00000000000001000010000000000011
01000000000100000010100000001001
00101100100000000010001010000000
10000010100000010100000100001000
00001000101000000100010001000000
00000000011000100000000100010100
00000000001001001010000010000000
11010000000101000001000000001000
00100001010000000001011000000000
10100000000010000000000000000000
00000010001000000000010000000100
00000000000010000000101000111000
00000001010000100000000000000010
10001001000000010000100000100000
10100000000001000100000000000000
00000010100000000001000100000000
00000100000000000010000011000000
00000100000110010000000000100001
10000000000101000000010010001010
00001000000100000001000000000010
00100000000000000100000000000000
00011000000000000000100100000000
00000000010100001000001010000100
00000000010000010000001000000000
00000000010001000000000000001000
00000000000000010000000000000000
00100000000000001000100000000000
00000100100000000000100000000000
00000000010000000000100010001000
00000001000000000000000000100000
00000000000001000000000000000000
00000000000010001000000000000000
01000000000000000000100000000000
00010001000000000000000000000000
00000100000000000000000010000000
00000000000000000000000000000000
00000000000010000000000000000101
00000000000000001000000000000000
00000000000000001000100000000000
00010000000000000000000000000000
00000000000000000000000000000000
00000000100000000000000000010000
00000000000000000000000000010001
00000000000000000000000000000000
00000000000000000000000000000000
00000000000000000000000000000000
00000000000000000000000000000000
00000000000000000000000001000000
00000000000010000000000000000000
00000000000000000000000000000000
00000000000000000000000000000000
00000000000000000000000000000000
00000000000000000000000100000000
00000000000000000000000000000000
00000000000000000000000000000000
00000000000000000000000000000000
00000000000000000000000000000000
00000000000000000000010000000000
00000000000000000000000000000000
00000000000000000000000000000000
00000000000000000000000000000000
00000000000000000000000000000000
1deg=19968
deg tmp = 31
128 bit k-distribution
k(1) = 19937
k(2) = 9968
k(3) = 6645
k(4) = 4983
k(5) = 3987
k(6) = 3322
k(7) = 2847
k(8) = 2492
k(9) = 2215
k(10) = 1493
k(11) = 1244
k(12) = 807
k(13) = 708
k(14) = 311
k(15) = 311
k(16) = 311
k(17) = 311
k(18) = 311
k(19) = 311
k(20) = 156
k(21) = 156
k(22) = 156
k(23) = 156
k(24) = 156
k(25) = 156
k(26) = 156
k(27) = 156
k(28) = 156
k(29) = 156
k(30) = 156
k(31) = 156
k(32) = 156
k(33) = 156
k(34) = 156
k(35) = 156
k(36) = 156
k(37) = 156
k(38) = 156
k(39) = 156
k(40) = 156
k(41) = 156
k(42) = 156
k(43) = 156
k(44) = 156
k(45) = 156
k(46) = 156
k(47) = 156
k(48) = 156
k(49) = 156
k(50) = 156
k(51) = 156
k(52) = 156
k(53) = 156
k(54) = 156
k(55) = 156
k(56) = 156
k(57) = 156
k(58) = 156
k(59) = 156
k(60) = 156
k(61) = 156
k(62) = 156
k(63) = 156
k(64) = 156
k(65) = 156
k(66) = 156
k(67) = 156
k(68) = 156
k(69) = 156
k(70) = 156
k(71) = 156
k(72) = 156
k(73) = 156
k(74) = 156
k(75) = 156
k(76) = 156
k(77) = 156
k(78) = 156
k(79) = 156
k(80) = 156
k(81) = 156
k(82) = 156
k(83) = 156
k(84) = 156
k(85) = 156
k(86) = 156
k(87) = 156
k(88) = 156
k(89) = 156
k(90) = 156
k(91) = 156
k(92) = 156
k(93) = 156
k(94) = 156
k(95) = 156
k(96) = 156
k(97) = 156
k(98) = 156
k(99) = 156
k(100) = 156
k(101) = 156
k(102) = 156
k(103) = 156
k(104) = 156
k(105) = 156
k(106) = 156
k(107) = 156
k(108) = 156
k(109) = 156
k(110) = 156
k(111) = 156
k(112) = 156
k(113) = 156
k(114) = 156
k(115) = 156
k(116) = 156
k(117) = 156
k(118) = 156
k(119) = 156
k(120) = 156
k(121) = 156
k(122) = 156
k(123) = 156
k(124) = 156
k(125) = 156
k(126) = 156
k(127) = 156
k(128) = 155
128bit D.D:  28743, DUP:  112
64 bit k-distribution
k(1) = 19937
k(2) = 9968
k(3) = 6645
k(4) = 4983
k(5) = 3986
k(6) = 3322
k(7) = 2847
k(8) = 2491
k(9) = 2215
k(10) = 1993
k(11) = 1812
k(12) = 1614
k(13) = 1416
k(14) = 622
k(15) = 622
k(16) = 622
k(17) = 622
k(18) = 622
k(19) = 622
k(20) = 312
k(21) = 312
k(22) = 312
k(23) = 312
k(24) = 312
k(25) = 312
k(26) = 312
k(27) = 312
k(28) = 312
k(29) = 312
k(30) = 312
k(31) = 312
k(32) = 312
k(33) = 312
k(34) = 312
k(35) = 312
k(36) = 312
k(37) = 312
k(38) = 312
k(39) = 312
k(40) = 312
k(41) = 312
k(42) = 312
k(43) = 312
k(44) = 312
k(45) = 312
k(46) = 312
k(47) = 312
k(48) = 312
k(49) = 312
k(50) = 312
k(51) = 312
k(52) = 312
k(53) = 312
k(54) = 312
k(55) = 312
k(56) = 312
k(57) = 312
k(58) = 312
k(59) = 312
k(60) = 312
k(61) = 312
k(62) = 312
k(63) = 312
k(64) = 311
64bit D.D:  13550, DUP:   48
32 bit k-distribution
k(1) = 19934
k(2) = 9967
k(3) = 6643
k(4) = 4983
k(5) = 3986
k(6) = 3322
k(7) = 2496
k(8) = 2491
k(9) = 2200
k(10) = 1990
k(11) = 1812
k(12) = 1605
k(13) = 1481
k(14) = 1244
k(15) = 1244
k(16) = 1244
k(17) = 741
k(18) = 629
k(19) = 628
k(20) = 624
k(21) = 624
k(22) = 624
k(23) = 624
k(24) = 624
k(25) = 624
k(26) = 624
k(27) = 624
k(28) = 624
k(29) = 624
k(30) = 624
k(31) = 624
k(32) = 622
32bit D.D:   4151, DUP:   13
