mexp = 19937
filename:resX78.19937.magi03.060821.01.txt
POS1 = 33
SL1 = 14
SL2 = 3
SR1 = 5
SR2 = 1
MSK1 = fdff7ffd
MSK2 = fbffee71
MSK3 = fb3ff7df
MSK4 = deffffff
deg poly = 19937
10000010111111111000100000100111
01110101101101110101011010001111
01010010001011010110001011010001
11010110101000110111100000100010
01011010000111111000101000110001
11100100011000110110011100101010
00010010111011100011001001101110
01101000100011110100011101011111
11111000101101010010110000010110
01011100001100110010101111011100
01100101010011100100001110010011
00001011010010011011010110000011
11011001100100010010000110010001
01001110101100111001010111010110
10001110110011001100111110111110
01010100111011011001001000100101
10010000000110110111001110111110
10111000101010011000010101110110
00111110100100111010010100000101
01110111100001010100001000000000
10100101000001000100100111111100
11011011001101111010101111001011
10111100110001101100000110010011
00100010011000010011110011101110
11011100110001111100100110010100
10010110001100101101110010011111
11111001010110101100100100011011
01000111100010000100110011111100
00011110010100110000110001011100
00110010000001011100100011100110
10010000100011110100000111100111
01010101110111001001101001011010
01100110100011100100110011000001
11100011110010111000100000101100
11011110011101011000010011011000
10001001011100101101101101001100
10111000101000011000101110010000
11111101100101110010100100000110
00100101000001111011111011100101
10101111101100010100010000010100
01010000100010000011100000100001
00100010011001010100000111010101
11100001101101001100111110000101
10001100100000011011101101101011
10011100111010011101110001101110
10100101110101111111110110111001
10101100010110110011101101100101
10001100110001101000110001011100
01011000111111110110100101000010
11110010111010000110110101110101
00001000111110011111000111101110
11111100100010000111110100001100
10101001111101111111100001101010
01011001010111101111011001001000
10001011010100010111000111001111
10100100011011011011001000001010
10101001000001111010101000100011
11111111111101111111010011110110
01101100000011011101011101101001
11001100001000100111001110100101
01001100001000100101100010110000
11000011111010111001111110001111
01010111101110100011011111100001
10010000011110100111111100100110
11100100010011100000001111010111
11000001000101111011001101111000
10101011111101011101001101001100
00000010100001101111111100010100
10001100101101110101101100011001
00010010010001101001101010110010
10110001001110001100000101111110
01100011010011101111101011101010
11000101001010011000010100010110
00100011101101001111011111101001
11100101000011001111001110000111
00011001000001110010110101111101
00001111001010011101000001110000
00001101000000010101110010001010
11011011110011110011110110001001
11110000000011000011111111100011
10100000000110011001100000101010
01010010000010111000101010000011
01100111110000011110000001001001
01110011100111101100000000110011
00111011011101100101101000001000
01101110111101110010111100001100
00001111100100100110000111001110
11110101101100001010101000110111
00000110101000100111101101100100
10110011111001100111110101000101
00011001110001100001110010001110
11000111101101111001111001100000
10001010110001101110000001001111
01011100101100110000000011001101
10101111110101111011110000100100
00100111000111110101001111000100
00110111000010010110000000111011
11101001011001000000101011100111
01100101100010010111101101001000
10001101000000011001101010111010
11110100111111000111000010111101
00110010001001001010101111100001
01000111101010001101101000101001
10010010110110000010100110100011
00100111111010110100101001101000
00000101000011110110000010101101
00111000111101110000100000011110
00111111110100100101100010110101
00100010111010000101100000100011
01100100001000011011101101010111
01101000000000000110010001010111
00010000111010011101011011100000
01010110100010110000100101011100
00110110110100101101000100001110
10001010100101011010001011111100
11100011000100100101101000011000
11010010010100010110111111011100
10010101000100000011010000110100
00010111100011010010001101011100
01111000111011010100001001000001
11100001000100111110010110110010
00110011100101100111010100101011
00001000111000010001000010100110
00100101000101111100011011111101
11011000100001001101001111010001
11010010011111011110010110000101
11011000001000000011111101101011
01111001010110110100110111101101
10001111011010010000000010010100
00001000100000000001110100100100
11001111101000110011011100101001
00010101001110001100010010101001
00110000100001111101110010011001
00001010100101101110010001111000
00010110101111001101010011100111
00100111110010010110011111111110
10000001111011110011110011101100
11000011100001100101000001010111
00101111101011110100001110001111
01100000111000111010101001100100
11111110000101111011111111100110
01101100000001001101001110001110
10011011000101010100110110010000
01100110111000010110100000101001
00110001101111100011010110110001
00010001011110001110100101000100
11111111110011001010011100100010
00111010111001111101000111001010
01100110111101000111100100001011
10100010010010100110011011011110
11011011001111001100110100010100
10000000111100111001100110000001
01101101011010001001010111100010
00101101110011111001101100011100
10011001111010000101110100010000
00011000111000110000111001100001
01110000110011100110011001000000
01010101100010011100101011101011
00001001100001011001101001011111
11110010100101100000000001100110
01010110100101011001111101101010
11010111011011100000101000100110
10010110110101001010010100101010
00000000010100010100100011011000
00101101001011110111001101110000
10110011111111010101011000111111
11100100100000101110100110010000
10001011010010011000011110011111
11111001001011111000001110100101
01111101000110010000010001010111
10001000010100111010110100000100
11111100011000110001110010111111
01111111000110101011110001010111
11110100001001110101110000100111
01011000010101011010010101100000
11011010111011110101100100110100
10100001110011101010001010011111
01000001010001111111101000011011
00100100011010100111011000010001
10001011001100100000000011110100
00101010011010101001011001110110
11011011001000111101111111001011
00111111000001001100011011100101
00111001010101000001111010011101
10111101100001011010111110101000
01110101111011001000111000111000
01111110000001111001111001100000
01000111000000011100001011111100
01111000101000101100101011010100
01111001100111110110011011010001
10101010011110100010010000010101
10010000111110010011101001100100
01010010101000100001000001000111
00011001101000101010001000100101
11110111101010101110100000101011
10001111100100000000001010101110
00001001001111100000001010110101
10010101010011111110010101000111
00001001001011001101011101101101
01100010000010000010101100011100
10010011010010110100101001110001
11101000001000101010100001000001
10101011010001000110010010011110
11101101101110100111000011110010
01111000000011001101011100000101
01101011010111100111010100001011
01111111110010000110000010010010
01001000011110010100011111011110
11000111101100100110100001011001
01011000011001000010100110111110
11100001110000001111110110101110
01010011111101010110001110100100
11000011101101010000101011101100
10110111110000001011001110101101
01011100100101101100100000100110
11010010100110101011001010100100
11100011100010000110111111001001
10000100010111111111011000101011
10100001111110010000001111010000
00000101000000100011011010101011
00000011110110101000000000100011
00100011000000110011100101010100
10001001101011101111101101110001
11111010000001001111100001010001
11111010110100010010000010110101
10101000110100111101110100011010
10010011010111001100100111110011
00110001010010001101111001001010
11111010100100101110111001001011
11111011110011101110010001011110
00101001011100011011101101101010
10010110111100011101100011111000
00110001100011111101010111110011
10011000011011001111100011111001
11011110111111010001110110100011
10110000011110111101101100100101
10011000100011001100001110001111
01111100101110011101000010100010
01100000010110101110100110010100
11001011011100011011100000100011
11010000111011100001101100100001
10001000100111101001010001110010
00000111001001110010110100001101
01100111011011010010110000100001
11011101010101000001000011011011
01000010011010101011100001100000
10101111000101011000101110101000
10101000101110010011000110111111
11110000110000110000100001000110
11010001101010010001111111110010
10100100000011011001001000101011
00010101011011000100011011000101
11011011110000000010110010000110
01000101001001100111101110000100
00001001010101111111101100011001
01000101101011110011110100001100
10100011110110011011000011100111
11000101001110001101010111100011
10011000011001100010010010101001
01001000001011101010010000011110
11100111000100000011101100110011
00010011011000101011011100110110
01000101000101000001000010001011
10101100101011010001001101110011
01111111100100000110111111000010
11101101000100111001001000100000
10010000101010001110100101110010
10010000000111011001001010100011
01000001110000011001111100101100
11111010001001111011001100100001
01110000000110011111100100100000
01100111001101101110000110111100
00100101010010010111010011110101
01110111100111011110011001011000
11011000100100011011001111011001
00101001110010110001001011010001
00100011010110001000011111001100
11110000011110110000011110111100
11001100111000001101100010000100
11110101111001001010110111010110
00101110010001101001100010100001
11001101111101111001100110010011
11110110101000011101101111011010
00001111011100010010000100101001
10100110110100110001111011000000
01010000110011100000011101010000
00111011010001001111001101011010
00011110110100000001101111101111
00111110101110010101101101100111
10101100100000001110101011000011
00111110010010111000011000001000
01001110101000101100110101101111
01001011000011100100001011010100
00011000011011110011100000000010
11100010010101101000100010111101
10001111100010100001111000010011
00100101000100001111110001010111
01011000000001000110110011110000
01000010001110100101110000010111
01111111000100101011101110101110
00110100001111110101001101000110
01000000010100010100011000110100
11001010001111001101000101010011
11100001011000010100001100010011
00010110001110001111011001100001
11100111010111111001010110001100
00011100001010110010111001011100
01100011011001111100000001110010
00010000111100010000111111000101
01101001111110010101000010001011
01111110101111100100011010010001
11110011000010110101100000011101
00111100000001001011001011111101
01111100101000101111010001101000
10101010101101000111000011001111
10001000001101100010100001100000
11000010101101000011111110100100
10101100011110000001010001101100
11110001101000101110111111001010
11011111101101010100101011001011
00110000011110001000111001110011
00101010100100001001110001000000
00100100111100100011011011011100
00110000111101001101101101000010
10100010100001000100001000111010
10111101101111000001100110010000
11000001000111110010011111011101
00010010111010110010011100101000
00111110001010101010100001010100
01001000010001001100010110110000
01111110010011110010101010101011
11000101001100001101010011010000
00101011010000111010010100110111
01110111100110101110110100100111
01100111010111100000100100000101
00100111011011100101011010110000
00100111110000100001001110010111
10111001110001100011101101100101
00101111101111101101011001001101
01010101101000000100001111101001
00011111000001110111000000100100
11000001000010000111110010001100
11010111100000100100101110101011
01101010000010011111000100000000
10001100100101011011101010000000
10001110000000001101010111010101
11100101101110010100100000100010
11011101110001010001001110101110
10100011001001110011100111010110
01111001111110000011001000000000
10001010010100101010011101110000
10001010000100101001010000100001
00100110101000000011110110000111
10011011111111111001101011010010
10000110101000101101011010101010
01101111011101001111011001100011
01011110001010001111001001101101
01101010001110000011001110000001
00101010111111101110000111110000
00001100011111101001100011110000
01000011111110110000110111000001
10010110010111000011011111000111
01010110100011010010011110000000
10110011101100010111010101001111
00000000101001010111110111101000
11001010101100000100110110100011
10000101001011010101011000011110
00100011101000111101101000000000
01100000011101100001100100010001
11101011010110000001010100101001
01101100011111011001110101100001
11010111000101000000111001111110
00101001010000011110100000110101
01000010000110101110110000011101
10000110001010010111011110010101
01000001001101010011100111100111
01111101101100010101001101110011
00100001111101010110100110111001
01000100011100110001010011011001
10101110011111001001111111010100
00111110101110100000001100011100
00110000010111000010010100101100
11011001001101001111011011010101
10001010110010001000101010000011
00101110111010010100110010011001
00010010001111100110000100010011
10010101011100010100010110100011
01110011100001110100110100110111
00000001000111110010101101000111
10101110100011000000111110100010
00011000001100001001111111110011
11010000110111010111010100001101
11110110100001010011011000010100
00000011011011101100001101011101
01100010100011110111011000110000
00000011000001111000111111011010
00111011011110011000111001100100
01010000100111011100110000110111
11100111101111001110111100101111
10000000001010000000010101010000
10100111110010010011100100000101
10000001001011010010111110101001
00011010010110000111110001010001
10011100111101100100100011001001
11001111111110100011100100000010
01010011000100111101010011001101
01011010100110110111110001111100
00011000000010001100110010110000
11000011000101011000010010110001
00101100110010001011000101001000
10000111000011100010110001111010
11010110010101100110111110010100
00010110011111011101101100000110
00001111001000011000011011000011
10000111100001110000100011011111
00010110010100000001110100101111
00111100110101000101001110100110
10100111001011011011001100101111
00000110100011101010110100000010
01010010000010010100001000111000
01000111001111100111001100001101
00001000110000100001111001100111
11001000100000101010001111011111
01010100000110101000010000110100
00101001101100001000100110011010
10111111011100001011011101110000
00101111000100101010100010110010
00010011011101110011111011001101
00010000101000010000010110111111
10110100001011010100011101110010
00001001000110001010000101111010
11110110010010001101111001111010
01000101010100110000111101001101
11001010010011101100001110010100
11101001011110000111100010101011
11010000000001111011010111100000
10110010010101110101011001000000
00011111110010110011000110001101
10001110000100100001010000111000
00001100100110101100001000100001
11010001001000101000111100011011
00110110100011110100010001001101
10110110101011110100110110111101
10011111010111000101100000111101
00001001110101110000000110111101
10001001001111010110110111110101
00000111101110011100110111110001
00011011111011101011111110010000
01111111000110001101010011001101
00100100010000000011101111111100
00100100101101010000100110111001
11101100111111111000110101001011
01001110011000111110111011000110
11100000010011000101011111010000
01001010000001000001100010100100
01111011111101110000101001100011
01100111010000010000001010001011
11001010110010110000010011010111
01110101101001001100001110000111
01010010010111110010011101010010
11101111110010100100101000011100
01000010100110101110110001000010
10110000001110010010010000101000
01111101110100111100000001100011
11010111101001010011001010011100
10001011101100011001100110011011
01011100011110111001001110010101
01111011110101101111110110000000
10000011000110000100001001100111
11100011101100001001100101010110
11010001111010110000111000110110
00110110111101111001100000111010
11111100111011001110000100111000
01110101010001111010001011110010
11000001100011001010111011000111
00111101001000000011010111111110
00010100110011010100100100000100
11101110101010011110011000110100
10110111110011010001011111001010
10011010001101101110111110000101
01100111101110100011101001011100
01010100010110001111110010010111
10010011100101100010101110011110
01111101101011100110000100111011
11111011010100101011110011010011
11000110011101000011011110110110
11000101110100110110011100110010
11100100010011001111010010110110
10011001011101101100111110110111
10101111001110011101110100011110
00101101110001011111001111101110
11000001001110100110100010011101
11110000111000011010100100111101
11100001011010011101010000110111
01010100110001001101010001110100
00100110000000000010011111101101
11000010110101001001101011000010
11011101000101110011101111011111
10000001011000100010001011111100
00101010001101100000101100101001
10000011111110111011111110001010
10111111111101111100001011110011
00111011101111110010000010000011
01101110101110001101100000011101
01011001111010000111001011011100
01000100111100110111010100011110
01111001110111110111101111100111
10010000001100101100001100110011
01111111011101010000000101001011
01000110101001011101110101001110
01011100000111110011111101101100
01000001000101100101010100011101
01001000100001011101100100101010
00110000011010100111010000011101
10010011000101101010100100011001
11010011010110001111000011100010
10010111111111110101010101011000
10010111011100000011011111110001
01010000100010000010001100100111
10001010010011110110011100001011
11010100100101101001001010010011
00000110001110010010101110100110
11101001011111001101011111111010
00000101100110000000011001010001
01110101011110001010101010000010
11110011101101100100111101101100
01000001000100101110100010000000
00111000010000001100101101100110
11101011000100010110101110010010
11111110010111010000110110111100
10010000110011011010010111111110
00101101100100000101001111001101
11110101010000011010010110100001
11001011000100110011101111111001
00111000010100011100111000111111
00011100110110010111111110110010
10111101000101001110001011001101
11110011110011010110010100100110
11110111000001111101011011011000
10100111010111000111010110101111
11011101000110001011011100011011
11011000101101100110010100011001
00110011011110001101101010001110
00100000001110001101101010000110
11000011111111111100011001110101
00101011001010111010101010011000
11101111000111000110100011001010
11011100001000010101011001101111
00010001111111001001110000100100
01010101010100010011000110111101
11001001001101101111010101011111
00001001001101111011001000000111
10011011101101111101100100100010
11101110010111110010010000010101
10110111010111011111000101111011
10010000000000000110101101010111
01011010000011010000011010001011
01011101101001111001111000101000
01110011011100101110010011010011
01101000110101000011001000111110
00101001111001101111111011001010
10001000000001101101001010010011
11000011100001110111001110101101
11001001010101000100111011010010
10111100110001011011000100101001
11010101001011111011011011001101
10100000100111000011001110100110
11101011000111011101101011011011
11001001111110001101001001101001
01011100101000011100110011011000
11101100101010001010101000001011
10010111000000001011101001111001
11111100001001000100010110000000
11101101110000110101010110001000
11101001110110000100101100001000
00001010111100111100010011000011
10001011110011011000111011000100
00110101010100001010001001111011
01010010000000101001000111100001
11101101100100110110101111111001
01101010011001010110001111100000
10001110111110110100111101001110
01111111110001000100000001100100
11101100001111110000011010110110
10000100011101000011000110111001
11011011001000011010001001001101
01111011001100010101011011001010
00110101111001001010001000010001
01000001111100111110001001110110
11011100001011100011011100101111
01000101100101011010011011101000
10001110010000111010010000010010
00010100100110011101110111110110
00010001100101000010011000110110
01000100001001000100110000100000
01100011100010000101001000011101
00010111110101110010110001010010
00011101111101010110011110101101
00001111111011000011001000110101
11001010101011100000110010110110
11011001101010101100011100010100
01101110101111101001010110111111
10111000010100011101011110100001
11111010000111010100000001010111
01100110011001010001001101100011
01011001110000110011000100100110
11000100110100000000011011011111
00100011110000011011100111000000
01011110010111000110010101111010
01101100100000100000001111000011
01000110101110101100111001010111
10101110010000101001000101110110
11101101011101000111110110110001
01001011101101110000101011010010
01011000111101011010100010111100
00001100000110111110011011110000
11110001011010001110110110001010
10101011001111110111011010100111
00010110000001101001111111100110
10010101100111010000110111111010
00011110011010100010010110111000
10111011011110100100011001000000
10010101000000100011011110100100
01deg=19937
deg lcm poly = 19968
weight = 5794
10000000000000000000000000000000
00000000000000000000000000000000
00000000000000000000000000000000
00000000000000000000000000000000
00000000000000000000000000000000
00000000000000000000000000000000
00000000000000000000000000000000
00000000000000000000000000000000
00000000000000000000000000000000
00000000000000000000000000000000
00000000000000000000000000000000
00000000000000000000000000000000
00000000000000000000000000000000
00100000000000000000000000000000
00000000000000000000000000000000
00000000000000000000000000010000
00000000000000000000000000000000
00000000000000000000000000000010
00000000000000000000000000000000
00000000000000000000000000000000
00000000000000000000000100000000
00000000000000000000000000000000
00000000000000000000000000000000
00000000000000000000000000000000
00000000000000000000000000000000
00000000000000000001000000000000
00000000000000000000000000000000
00000000000000000000000000000000
00000000000000000000000000000000
00000000000000000000000000000000
00000000000000010000000000000000
00000000000000000000000000000000
00000000000000000010000000000000
00000000000000000000000000000000
00000000000000000000000000000000
00000000000100000000000000000000
00000000000000000000000000000000
00000000000000100000000000000000
00000000000000000000000000000000
00000000000000000000000000000000
00000001000000000000000000000000
00000000000000000000000000000010
00000000000000000000000000000000
00000000000000000000000000000000
00000000000000000000000000000000
00010000000000000000000000000000
00000000000000000000000000100000
00000000000000001000000000000000
00000000000000000000000000000100
00000000000000000000000000000001
00000000010000000000000000000000
00000000000000000000001000000000
00000000000010000000000000000000
00000000000000000000000000000000
00000000000000000000000000000000
00000100000000000000000000000000
00000000000010000000000000000000
00000000000000000000000001100000
00000000000000000000000000000000
00000010000000000000000000000000
01000000000000000011000000000000
00000000100000000000000000000011
00000000000000000000000000000000
00000000000010000000000000000000
00100000000000000000000000000100
00000000000000000000000000000000
00001100001000000000001000110000
00000000000000000100000000000000
00000000000001000000000000000110
00000000000000010000000000000000
00000000001100000000000000011000
00000010000000000000000000000000
00000000100001000000000000000000
00010000000000000001110000100000
00000000000000001000000000000000
10000000000000000000000110001100
00000000000011000000000000000000
00000000010000000000000000000001
00000000000000011100001000000000
00000001000000000000000010000000
00100000000000000010000000000000
00000000110000100000000000000000
00000000000000000100000000001000
00000000000011000010000000001000
00000000000000000000100000000000
00000000101000000000010000100000
00000000001000000000001100000000
01000000000001000100000000000100
01010001110001100000000000000000
00000000000000011000100000100000
00001010001010000000001000111000
00100000000000000000000110000100
00000000000001000000000000000101
00010100001000000001100000010000
10000010000000001000000000000000
00100000100011000001001110000110
00000000000001100000000000100000
00000100000000000000000001110001
01000010000100010000000100000000
00100001000010000001001101000000
00100000100000000000000001000010
00011100011000010000000000000000
01000000000010000010010100010100
00100000000110000001000000000000
00001000000000000011010010100000
00001100100100000000000000100000
00000101000000000000001100000100
01000000000001100000000101000110
00111001000000010000110000000010
10000000000100101000100000111000
10001001001110000010000000011100
00000000000010000000000001000100
00010000111000000000110010000010
10010000000100001100000000000000
00000101000000001000000110001100
11110011100011101011100111000000
00000000100000010000010000000010
00000010000000001100001000011001
00000001000110000000000010000000
01010000100010000000001101000010
00010000110000100000000001000000
00000000000100000000001000111000
01000000000111010010001010010000
00100000000000000000000000001110
00100000001000101011000010110001
00000000001000001000010000110000
10000011000000000000001110000100
00010011000111000001100100000010
00010000010000000000010000000011
10000010000010011000010100011001
00100000000010000000001100011000
00000000010001000011000010000001
00000101011000011000100010010000
10000100000000000100001100000000
00100111000001000001000110000100
00110000100000000100000110100011
00000000011000110000000000110111
00011000001010001100000000111000
01000000001111001100000011000000
01111010100001000000000010100000
00010000101000110000000000010000
00000100001110000010101001001101
00100010100001000100000000000100
10101000000011100010010000101011
00111100001100000000110000000000
00001010001010000000000000100100
01100000000000100000011111010010
00001000000011000000000000001010
10011100100100110011110000010001
10000101000110000010001000010001
00010010000010000010001001000000
00100000011001010100000110100001
10000000011100001000000011111010
00000000000010111100111100011100
01010110100001000001001100001110
01010000000000000100100000000001
00001010111000101001001000111011
00001101000010011110000000001000
01000000000010000101001011011010
01100000011000100010100111000010
00001000011000100100101000111000
01001110000000010010100100110000
01000000000111100001101000001110
00111000000000011010000000010011
00000010000001011101111000010000
00000100000000000100001011001100
11100011010111000011101100000101
00010010011011110000100000000011
10111000000000000001011100010000
10001011001010001000001110010000
01000000000010000001010000000001
00001001101001000011000011101111
00000000101100100000000011010011
00000101110001010111010000001110
10000010000001100000011101100100
01101100010000100101110000100110
01000010111110101100010111000010
01001111001110110011000101010100
01101010100001000111000010110011
00110000111000110110010001000010
00001100110001000010101001100001
00101001101001000011010010000010
00010010001100101101010110001010
00010100000100100000001010110110
11001010000001110100011000001000
00001111101000100100010010010010
11011010100011000000011101100100
00011011000100010001100111000011
00001011001100000101001100110000
00100010011001001100000000001100
01001010001000100100000010000110
10101000110010001100100001111111
10000101011100011000111101000100
00110101001011110010101100001110
00010010000001000010011010101101
10010110100000101011001001001010
00110001110100101100011011110000
11010010000011001011001111010010
10010000101010110011000000100100
00101000100010010110010010011000
00001011111010001000110000010000
00001011100011100011001010111100
01100001110011110000000001111101
00001010000101101011110000110011
10000010001001111010100010000101
11101110100000000100100110101101
10011011111001100000111110100010
00010001101000101001111011010001
10000000000111110000101000111000
10110101011001101110001010000110
01111000100001001001100101101000
00011100010100001101111100010101
00000001000001100001100100000000
00010010010000001111011010111111
11100010010001010011100101001010
10010001101010101011111011100010
00001100000011001110001000010001
01010000001100001101000010011011
11100111011001110111010010110101
00101110100010101010011001001001
10111010010010010100011100000110
10010101001001000000001101001101
00000010001110010000010010111001
01110000000011111011110111100010
11001011001011110010010010000111
01101111101010000001101011101000
01111110010000000010010011001110
10111111101100001001100111010010
10101000011100000011101000100110
00010100001001001011110010000100
10111000000010001011000001101011
10101010001100101100011011110111
11010100001000011101110100111100
10110011010001011111111100101010
11011011110001010110101110001100
10011000101000101000001010010000
01111000011110001100000010111000
00100010000011100101001101100100
01010000011101000100010001101111
10011110001001000000000001111010
00001010011100101100010110001100
00110111010111111101111000111101
00001010101001000100101100111101
11101001010001010111100100001101
11110101100011000100111000001011
00001101111010100101000010010010
00011001110001111010111111011010
10101101101000010100100100110100
00101100001000110100000100000011
01011101100000000110001000110011
11001000000000100111011000000010
11101001010001110101011010001010
10000110001111001111110111010000
00101011110001010000000111111111
10000010010000010010000111010101
10001101011000100001001001011101
01100110011001001110101111001011
10101000011100100100010001100110
01011111001000001111011000011101
00001100101111001000010011010111
00110010010110000010010100001100
01000010110011011000101001110110
01001000011001010101001010001001
00111101110010100000100101001110
00001100100000100010000100100011
10101010111000111111010010110010
10110100110110111110000111110111
01111000110001100000111100000011
01111110100001010100110100100100
10001100000000101010110000100010
11011011101001001101011010100110
00011011100100011110010111111101
11010110000011000101000100011111
11010010111100100001101001110101
00001001000111011100101100100010
00000010000011001010100111011101
00111010010101111010111001110000
00100111001010010010011000010111
10001111011110010100011000010100
10101010101111110010100011110101
10000001011000110011100111110101
00001001101100010001100110010011
00001010100001110000100101000011
10010100100100101111110010001010
00100001111000100000101010110000
00101110111011110111101101101110
11010110111000000010100001101011
00100101000100100100011101000111
11001101010100000001110101000010
10001000100011101011110100000100
00010010010110100000010001101101
10100111101111010010100110101100
00000011001011010000011110011101
11001011111001000100101001010011
00000000011000000110101010100010
00100111010001100011010100110010
00101000011100010001101100100001
00011111000010000111001100111000
01101100110000011101011010010010
10000010010111000010010000010000
11110000001010001100010101000010
00101000010011011010110001011111
01111011000001100000101100011001
00001001010011001011110110101000
00100010101000101000100110110111
11101010101000010101101010101011
11011011110101000000010110111101
00101100011010010100100100000100
11011100101000101110010011100010
01111100101011100000101001111000
10010100101100100011100011011110
10111111010111001101000000111001
00010111101011011001010101010000
01011010101111010010101000000000
01100000110110111010111110100011
01111010101010101011010110100011
11110000110001000001010001000001
00010100001001010011000011001001
10101010001110001110100011010110
01001100011010100111111000110111
00001100100101010100110010000011
11100000010001100111101110011011
00001110000110100101100101001110
00100101010001010000000010001100
10101000100001111001001101110010
11001010011001110010101100101010
11001100100101000101100000000111
01000000100101011001010101010011
11100100010001101011011010100010
01011000010101110100101100001010
10010001111110100111101101001000
10010010011111010101001100111000
00010100000000001101000001000110
11001001010000011110110101100100
00000101100110100001001010000010
00000100000001111011101011001000
00001000001011000011011001001000
00010001100010000110000011100101
11010010101001111001001010010001
10011101011000010000011000110000
11001110000100111100111010010010
01001110110010100100110011010000
00101101110001110011100101001110
00100100001100010110101100101001
10111000001110100000011000011110
01100010000000010110100000111100
11000101011011111010100000010001
10010100010101011000100000010111
00101011010000101110101110011101
10010101000110101111001001100110
00010010010110000000110011001110
00000110101010000001000000010100
01010000010101011000001101010011
10001010001111010111101101011001
10100010010001000001111001000001
10001010000010000001101010010000
11000101001011010011000010011100
10000111100110010000010110101101
10110011110000100101100101111000
00100110011100110101010010100001
01001110100000011000100100011110
01001010100000100101110000010011
00111001110001110110010100011001
01101000101001010100010110100001
00100000001001010000001010101010
01000010100011110110001010000100
00110001000001001110000000010110
10011000011001010100100100110001
11010110111110110010110110001000
10010000011111101110100100010100
00111000111111100011111010101100
11000011110101100000110100000001
01010110011101010111000101111100
00101100111110000110101101100101
10010101010010011011101000000010
00011010000000101010111100000100
00111111111011010111001011110000
00100001100000000000000111010110
11101111001011010010111011100010
11111010111110110000000001111001
00101000000001100000110000010110
10011000100000100000101110000011
00010101011110000111110110101010
01111110110000100110110011110110
10000000100111110110010100110100
00011001101001000001000000111000
10100100100101110101000011000101
10101100100001000100101100101101
00010000000011101101110001010000
00111011000110001011101111110001
00101011011011010101101001000010
10000000001100110100001011100101
10101010011101011100110100000101
11010010110001100010010100000111
00110000011001000110100001001001
10010000010010011001110011010011
00000011101001001100110010100000
10110101101111101011000100111001
00000111011110000101001010100011
10010100000001111110011011011111
11001011110011000100100101010010
00111100110010110111111111100001
00011111110010110001011110100001
01100100000001110100000100110100
00101000010010000010111110000010
00010011101000001011111110000111
00101110101001111101010010110110
10011010000110010101001000000101
01011101011101101110111111111100
11111101111010100000101110000011
01101010000111111110100110110110
00110111001011011001101100111001
00000010100011001101100101101110
10010000010110100101001001101110
01101001011000001101011101011100
10100000100101111010001011000100
10100110111111011010011101110011
10001000111001011000011001110100
01000010111101010100100110010010
01010100110010000001011110010110
11010011110010101000010001001000
01100001100010111111010100011100
10010110011000000010100011000101
01110000101010110000101110000001
01110111001001100010000010000010
01010100000001100110110010001110
01010000000001101001011001001000
11000010001111111000010111000110
01010010111100001101010001000101
10001000111110001101101010010001
00000001001001001100001011100111
01010010011010010011110011010100
10011000101100101001000000110001
01000100001001000000000000100011
01001001000100001110001000111000
10111000100011001001101011110010
00000111000010001110110111101101
00100101000100010010001101110101
11010101000000000001001111011100
10001001000110001100001100010001
00000010110010111000001100010011
11100100111000000001011011010111
01010100010011100010001100110000
01101000001001010111011110000100
10100000000000010110100001100101
10001000101110100001110010100100
10100110001100100010110011100111
01010000010001110111011000000111
01010000011001110000010011000000
01010001101000101101000000011000
00010011001100011010100000001010
01100011011010100000011010111010
10001111111110100001110000110100
01111101001100000101100101010001
11111000010011011100000111000000
00011110101110101010001010101000
10000110001000001110101100111100
00111010101100011000000011100001
01010010010001010001000010000000
01000100010001011010010010000001
11110001100100111111100010011010
10101110000110101001101001000110
00100001001110100110111001111101
00000101000011000100100110100001
01000100100001010000010010111100
10111110100000010000010100101000
01001011000011000010111100111110
00100011000000001001000101010001
10000101010101111100010000110111
00001001100001010100001101001011
10111010110110001111001111010100
00111010010000000010001001100100
00011000101000100110100001110001
01011101011001000011110001110000
01101001010101000111000010011000
11000110101010100001010000101101
00000010000011001001111001001001
10001000000001010001010011000101
11100001110101000110011100010010
00010110000010100000000110110110
00010010100010110000100011000000
10101000001000001010000010101010
10101000001011010000010000000110
00000000001000110111010010011000
00000100110100100101010011000111
01101110010110000010011010001110
10001000001001000010111100100000
01100001001000100100000101100110
10000100100101101001010111100111
01011100001100111000010100010010
01000001110100001101100011010000
10011000101010000100100010100010
00100000101001000001110000101101
00101100001010010110000001010000
01010110011110001111000101001000
01110101011000110000101010000100
00001000100001001000000010000000
00001000001000000010000010000000
10110010000000100001011100000001
01010010100100110101010100010101
00010100001010001011101010000000
01001000110000001010100000100000
10000010100011101100100010100011
01100000000010000100000001001100
01000000000000010100110100110001
00000000000011011010000010000000
10000000101000001010011000001010
10000000000000101011000000000010
00100001100101100000010111000000
01010000010100000101011101000110
00000000010010101001000001000000
00001000100010000100100000100000
00001000101000011010101000100000
00111100000000000000010001111000
01100100010000000011010100100100
00000000100001011100010000000000
00000000001001000000101010000100
10001010100100000000001000100011
10000011010000000100001100010011
00010101000000010001011101010001
00000000000111000000001000011000
10011010010010001010000010000000
00000001101000001010000010001000
00000100000000000001000000000101
00000000000010010000010100000100
00000001010001000110010101000011
10000000001000000000000000101110
10011010101000101010000010100010
01000000001000001010000000010001
00000010110001000100000001010011
00000100000000100100000010010000
00001000100000000000000001001001
10001010101010000010000010000100
10000000001010000010000100001000
00111000001000000000000000110101
00000000000001000100000100000000
00001010001001000000010010010100
10000010001010100000101000001000
00000010101000110010000000000001
00000110000100000001000100010001
01000000010001000001000000001000
00010010000000001101000110000000
00100000000010000000000010001010
00000000000000100000100000011000
01000001000010010000000100000000
01000000010000010100010000000011
00000000000000010011000000100000
00001010100000100000000010000000
00100000000000000010001000000100
00010000100000100000000101000000
00000000000100000100000000000000
00000000000000010000000000001000
00001000100000000000001000101000
00100000100000000010000000100001
00000000001000000001010000000000
01000001000001000100000001000100
01000001000101000010000000000000
10000000000010000000101000100010
00101000001000000000001000100000
00100000000000000000000100010100
00000000010001000000010000000100
00010001000000100001000010010000
10000000100000101000000010000010
00000000000010000000001000000010
00000000000001000000000100000000
01000000000000000100000001000101
00010000000000010000000100100000
00001000001010101000001000000000
00100010100000000000000000000010
00000000000000010000000000000000
00000000000001000000010001010001
00000000000100000001000000000000
00000010000010001000000010001000
00101000101000000000000000100000
00000000000000000000000000000000
01000000000001000000010100010100
00000001000000010000000000000010
00000000100000000000100000100000
00001010001000000010000000000000
00000000000000000000000000000100
00010000000000000100000100000000
00010000000100000000000000000000
00000000000000001000100000001000
10000010000010101000000000000000
00000000000000000000000000000001
00000000000000000001000000000001
00000001000000000000000000000000
00000000000010000000000000000010
00000000100000100000000000000000
00000000000000000000000000000000
00000000000100000000000000010000
00010000000000000000000000000000
00000000000000000000000010000000
00000000001000001000000000000000
00000000000000000000000000000000
00000000000001000000000100000001
00000000010000000000000000000000
00000000000000000000000000000000
00000000000010000000000000000000
00000000000000000000000000000000
00000000000000000000000000000000
00000100000000000000000000000000
00000000000000000000000000000000
00000000000000000000000000000000
00000000000000000000000000000000
00000000000000000000000000000000
01000000000000000000000000000000
00000000000000000000000000000000
00000000000000000000000000000000
00000000000000000000000000000000
00000000000000000000000000000100
00000000000000000000000000000000
00000000000000000000000000000000
00000000000000000000000000000000
00000000000000000000000000000000
00000000000000000000000000000000
00000000000000000000000000000000
00000000000000000000000000000000
00000000000000000000000000000000
00000000000000000000000000000000
00000000000000000000000000000000
00000000000000000000000000000000
00000000000000000000000000000000
00000000000000000000000000000000
1deg=19968
deg tmp = 31
128 bit k-distribution
k(1) = 19937
k(2) = 9968
k(3) = 6645
k(4) = 4983
k(5) = 3987
k(6) = 3322
k(7) = 2848
k(8) = 2492
k(9) = 2215
k(10) = 1993
k(11) = 1812
k(12) = 1661
k(13) = 1533
k(14) = 1423
k(15) = 1328
k(16) = 1245
k(17) = 1172
k(18) = 1107
k(19) = 1049
k(20) = 935
k(21) = 935
k(22) = 781
k(23) = 780
k(24) = 780
k(25) = 156
k(26) = 156
k(27) = 156
k(28) = 156
k(29) = 156
k(30) = 156
k(31) = 156
k(32) = 156
k(33) = 156
k(34) = 156
k(35) = 156
k(36) = 156
k(37) = 156
k(38) = 156
k(39) = 156
k(40) = 156
k(41) = 156
k(42) = 156
k(43) = 156
k(44) = 156
k(45) = 156
k(46) = 156
k(47) = 156
k(48) = 156
k(49) = 156
k(50) = 156
k(51) = 156
k(52) = 156
k(53) = 156
k(54) = 156
k(55) = 156
k(56) = 156
k(57) = 156
k(58) = 156
k(59) = 156
k(60) = 156
k(61) = 156
k(62) = 156
k(63) = 156
k(64) = 156
k(65) = 156
k(66) = 156
k(67) = 156
k(68) = 156
k(69) = 156
k(70) = 156
k(71) = 156
k(72) = 156
k(73) = 156
k(74) = 156
k(75) = 156
k(76) = 156
k(77) = 156
k(78) = 156
k(79) = 156
k(80) = 156
k(81) = 156
k(82) = 156
k(83) = 156
k(84) = 156
k(85) = 156
k(86) = 156
k(87) = 156
k(88) = 156
k(89) = 156
k(90) = 156
k(91) = 156
k(92) = 156
k(93) = 156
k(94) = 156
k(95) = 156
k(96) = 156
k(97) = 156
k(98) = 156
k(99) = 156
k(100) = 156
k(101) = 156
k(102) = 156
k(103) = 156
k(104) = 156
k(105) = 156
k(106) = 156
k(107) = 156
k(108) = 156
k(109) = 156
k(110) = 156
k(111) = 156
k(112) = 156
k(113) = 156
k(114) = 156
k(115) = 156
k(116) = 156
k(117) = 156
k(118) = 156
k(119) = 156
k(120) = 156
k(121) = 156
k(122) = 156
k(123) = 156
k(124) = 156
k(125) = 156
k(126) = 156
k(127) = 156
k(128) = 155
128bit D.D:  17106, DUP:  104
64 bit k-distribution
k(1) = 19934
k(2) = 9967
k(3) = 6644
k(4) = 4983
k(5) = 3987
k(6) = 3322
k(7) = 2847
k(8) = 2492
k(9) = 2215
k(10) = 1993
k(11) = 1812
k(12) = 1661
k(13) = 1533
k(14) = 1424
k(15) = 1329
k(16) = 1245
k(17) = 689
k(18) = 624
k(19) = 624
k(20) = 624
k(21) = 624
k(22) = 624
k(23) = 624
k(24) = 624
k(25) = 312
k(26) = 312
k(27) = 312
k(28) = 312
k(29) = 312
k(30) = 312
k(31) = 312
k(32) = 312
k(33) = 312
k(34) = 312
k(35) = 312
k(36) = 312
k(37) = 312
k(38) = 312
k(39) = 312
k(40) = 312
k(41) = 312
k(42) = 312
k(43) = 312
k(44) = 312
k(45) = 312
k(46) = 312
k(47) = 312
k(48) = 312
k(49) = 312
k(50) = 312
k(51) = 312
k(52) = 312
k(53) = 312
k(54) = 312
k(55) = 312
k(56) = 312
k(57) = 312
k(58) = 312
k(59) = 312
k(60) = 312
k(61) = 312
k(62) = 312
k(63) = 312
k(64) = 311
64bit D.D:   9626, DUP:   44
32 bit k-distribution
k(1) = 19933
k(2) = 9965
k(3) = 6644
k(4) = 4983
k(5) = 3986
k(6) = 3322
k(7) = 2847
k(8) = 2491
k(9) = 2214
k(10) = 1993
k(11) = 1812
k(12) = 1661
k(13) = 1381
k(14) = 1248
k(15) = 1244
k(16) = 1244
k(17) = 632
k(18) = 632
k(19) = 624
k(20) = 624
k(21) = 624
k(22) = 624
k(23) = 624
k(24) = 624
k(25) = 624
k(26) = 624
k(27) = 624
k(28) = 624
k(29) = 624
k(30) = 624
k(31) = 624
k(32) = 622
32bit D.D:   3935, DUP:   14
