mexp = 19937
filename:resX78.19937.magi07.060730.01.txt
POS1 = 133
SL1 = 6
SL2 = 3
SR1 = 19
SR2 = 1
MSK1 = bfffeffe
MSK2 = adffeefe
MSK3 = f7f77e3d
MSK4 = ffbffebf
deg poly = 19937
10100011011101110010001101000001
11001110110000101100100100001001
00110111000101010000110000100101
00001100101000001100011111000101
10110011111000010110100000001110
11010011101000011110101011000010
01011101101011000100011100001011
00101011010011111111001011111101
11010010110010100110000110011011
11111000111111100000000111010011
10000011010001000100111111000011
00001011100100000111011011001110
01110010100011001011001001100101
10100111100110101100101110111000
00011110110001111111110011101010
00101101110111010011101011101110
10101100000110011000010100000100
10001010000111001010000000010111
01000101010111001101010010011110
10100000111010010101001110100010
11011100000100110010010011010101
00010001001110001010110010100010
10000000111000110011101010101111
00101011010010010100110100100011
01000100110111010001111001110111
01111101011100011000000000000110
11010001100001000000110101000000
01111110010011011111101101111111
01101010111100110111111000111001
00001111000101001110011000110100
11011100110011100101111100100110
11011001010111001010110011001000
00010010101011110001110110010100
00000110111111101110111111001101
01010110000111111110110000101010
00110011001010010010001000110100
00100001010011010110011010011011
00101000101111010101101011110001
01010111000100111011101100000010
11000011001111000000100001001011
01010001110111001010100000111001
01001011111111010011100101011111
10100111010111011001001010101000
11001000110011100000110001001001
10011111011110010010011101011010
11010111101000001001011010100011
10101000111111110011111010011111
11111100100001101110001100111000
00011011100111100000001010111101
00101011001000000101010101101101
10111111101010111101100100011111
11000100110110101001100101101001
11011101001011111001001000100100
11110101001111110100110000101011
10011010011111111000000100101100
00101100011010111101010000101100
01000101010010001110100110110011
11101000010110000010100110011101
10010000000010010000100000110101
00011000111010000100011001100000
01001100000110110010000101111000
11110110000010001111011011000010
11100001110011110010001000101110
00110110010001110111110100110000
11101000100011001000100111110101
11111110001010000000110011010010
01110010110000010011100010011000
01010000000110101100110110111101
00100000110001101110000110010011
10010100011100100100000001000011
11000001100001110100010001110100
01101000011100100111000000100111
11111101001000010111000011100000
11001110011011001010000011101111
01100000101010111100011101000011
11000101000000110010100001010101
01101010101101110000101101010100
01110111111010000110100000011110
00001000111011101010010000010101
11101110010010110100100001011100
10001010011010100010110101101011
11001101110000010111011011001010
01010110101101010000110101100111
11011111010010010000100111111111
11000111000010100111111000000001
01110010010101000110100110011100
00100100111001110000111001010000
10101101110111110100010001110111
00010101011100101001101001110001
00110111100001011101101011100010
11011110110001010001100100010000
01000010111101001011010000111101
11100001111101010001010011100110
10111110010001101000000100011010
01000110101100001110100110011001
10111111101101110001100111000011
00001010010100000111101011111010
01011110000110111010110000001111
11111100001110110100010101100111
01110101110001000101110100101110
11111111011110011110111001011110
10101110101111001100100111110100
10010111000011100101000100111111
00111001001000010100000000001111
11000111101100011010101000010110
10001001111000000111001001001101
11010101111011000110111101011011
11000101010001100110000111001001
00111101101011100100111011011011
10011000001110100101111011000110
11010000110100101100110100100111
01101101111100111110110010110100
01101111111001101001010000101000
11010111110010000110101011000000
00010100111011101101000011100010
10111011101001111000100001011000
10111101100011010001001100110110
01011111001011100010101001011111
11110100101100010010010111111100
01011001101000101100101011010001
00111000101000110001000011001001
00101100100100100010100110011111
00101001011110100110101111100110
01101010010010011110110001000011
11100110111101011101011001010001
01110001111001000100100000000001
01000000100110111001100000110110
01100100011000111101111000000001
01011111101101101100010110000011
11010100000011110100101110110010
01010110100110100001101010111101
00010110100011000101110110011001
11110001111111011011000110000000
01000100101010000101010111000100
00110010010110000101010001111110
00101111010001001100101110001001
00011101001001011011001000001101
10110111110000101000111101000110
11010111111100001101101001011010
11100101011101011100110101001111
00110110001001100010111011011111
10010000011001010010010011100110
11010001101101100001100000110000
01001001100100001000011000011111
01000110100100111010010001011000
11010100111111101001111011101101
01101111010100001110001011111111
00001100010111000101001110100110
11110100101010100101110111010101
00001011001111101111110010101010
11111011100000010011111101011011
10111110111010100100111001110011
10110010001000110100010110100110
11011001001110001100011010110111
00011110000100100010101110111110
00100001101011000111110111100110
10000010011101101010000110010000
00011000110010110110110011001111
00010110110111010000111000001011
11100111001001111010100100001011
11011110100000011110011001010010
01000010000010010000000101000000
00000011000011001000100000001110
11110011010001111110000101111011
01000100101110011010111100100110
10011000111100011010001100111000
10101011101010010010011100001101
10111001100010001011110111000110
01011010111100101000101010110110
10001110011110100000011010110010
10100000111101110000101010001001
10000100110110010010111001100101
00010101100010011000111011010001
00100011110110000001110000010110
00110111111001100000001011010100
11001100110111101000110001000100
11100001010110011010011011011101
01000000101000101001100100001101
11110110011001011001100010001110
10111100011111001110000000111101
00010010001001001001000011110111
10100010000110011011011101101101
10011001100011011000000111100111
01101111000001110010110000111110
11111101101001110000111000100010
11010111101110010001100100101001
10100111101000101001011010110101
10110000101000110010101011100000
10111100101101000010010011101001
01110110100111011000001000011010
11110110111100110100110000110101
01110100110001101001101100110100
01001010010001001000111100010101
10100010110110100011100111101011
11000000111010101100110001000111
11000011101100100101010100101000
01011111010110101011101110010000
01101110111011100101011000011110
01001110110110111111101011000010
10101110010010111001100000110000
11011000001001110011001011000110
00011101011111001100100110011100
00000100001000111100010000010100
00000001010011011111101001101001
10011101101101000000001010001000
10101010101110010111000110010010
00100010000101111001000100100110
10001101101101100100101000100110
01110000011101100000111011111010
11110000111000010001000010011101
11010111110011111001110101100000
00110100010011110101110101101100
01100101100101000100100110101001
00010100011010011001001011000100
11011100101011111010011010111001
00101101010101011111110101000010
11011010010011111011011000000100
11011111001010010110000011010010
10100000100010001000001111101010
11111010000100011101000111100001
00010101101000110011111011000110
01101110011001101010101100001100
11010011100010111110110011111111
11111001111100110111010001111110
00100100111000001011111101011010
10101011111111001011000010100111
10001000000010001101001011101111
10011000110101100110000001011101
11100011101000101000110001010011
00100110111110100000001111111000
11001110011000001101011001011110
10000101000100111101101011010010
11011101001101001011111011000001
11000000011010101111100101101111
00100111011001011000000000001100
00111010011010100011010100101110
10110000011111110100110101110101
00010000010001010011111000001111
01100110110010001001000101010001
01011110001101011101111011000010
10111110100001000110010010101110
01001111011000110101011101011000
11101001101011010111001111001001
01100110110000010110111101001111
01100001010011000111011000000101
00100110000110001001000010100011
11000010010101110010110110010100
00100011010100011001101111001001
11010011111111100101111010111111
01000111111011111110000110011101
10010100111010011001111010111011
00011011100110001100111110010001
11110001001001101111111110011010
00001001000111010001001101101110
01101101000001000101111111001111
01000111111101010110111100010100
00011001010001000001011010001100
10011010110010110010000000100011
01011000111000000111010001011000
01000010101001111001100001011010
00010011100101010100110101011111
00011001000100100001101000101101
11100011100101000010110001010111
00011100011110010110011111110111
01011100100000010011000001011101
11101101110101101100111010000000
10111010111111110010000010100011
00000110110001110000100110100000
11011111101110100001111101101011
11111101011010001010110100010100
01001011001011100000110101011101
00001111000011011101111100000100
00100001110011011101000111011000
10000001100111111000110010100010
01100100100011000010010010101101
10100100101000011100001100100011
01010000010101011101010011011100
11001010011010101001111101011110
11000110110111110010110111000001
11101110000100110111000010010000
11011110000100101111100101001001
11101100001110101110100101110110
01011101100101111010010110001111
10001100100011110010110000110100
11000010010011010111111000111101
00001111000001001011001000111011
10111101011101100010100000111011
00101001001111110110100000001001
11111010011010000001100011110110
10101010111011100011001010101100
01111001000000001101010011110001
10101111000010111111000000010011
10110100011001011111011111001101
10000101011101010111111111011101
10111110100111011011111001100010
10101010011000101001110111011001
11001000100011101011000011011110
10100001110111101011100110000010
10111110110010001100110001001101
00010100000000011101000010011010
00101111111100010101101011010001
00001000011010001101111000110011
11111001001011111101010100111000
00110111000110000000011111100101
01110000111000011010100000100011
01001101100001111110100000101001
11011000010010010000000111110011
10000010000011000111100000010110
00111101111110001110000110000011
01110010101101100110011011101001
01011011111110101100011101000010
01100110011000000110001101010011
00010101011111001101001110000011
01101001010001101010110111110100
11010011010010111110101111101010
11000110111001111001001101000100
10010011000011111111001001100110
11110001100001100100110101011111
10110010000110010100110000001010
10001011010000011110100111101010
00101100100001101111011010101110
00110101001101011010101100100101
11100111010010100011101111100101
00011000100111011101000001001000
11011110101010011100011000010000
11011110100101111010101101110110
00010011010010010011111011011111
01001110101011111010110111100010
11101100010000100000101111101100
00110111101010100101110101010010
00101111110111010011000001111011
00000011010110001000100000000010
01111010111111000001100011000000
11011001110010101010100010110101
00100100011011110000000011100111
00001010001001100101001111011010
11101101100011001000110000100111
00001101101100010111000111111010
01100111101001001010110001000110
10010110110111111111110110010110
00010011010110100010101010100000
11010111111110011001101100100101
11111010110000000111001000100100
10010101111101000010001011010110
00000001100001011010100111100010
01010100111111001111100110110001
01001001000110010011011001011100
11000100101101100010000101011011
00001110111001011101010101001011
11000101100001010001011111000111
11001101111000111100100000010111
11010010011100100100101000111101
11101001001011111100101010001010
11000111010101110110111001001111
00100111011111111100011101001110
01101110000100000111001110001010
01000000111001011010101110000100
00111110011100111001001010011011
11010110001010001001101001100011
10000111000001110111111110101000
10100111010011110001101100001101
11000110001100101000001110111000
01111000000100001010111010111100
11010001100100101110001011100000
11110001111001011000111110101000
11111101111011101101000111110111
00100110000010010001000000101111
01101100011100010100100010110101
00111110000011000011000001110000
11101111110010100100111010001111
01001001010000001010111111011000
11001111000001010110000000101001
00100001100000100111100000000100
00111000110101101110011011100000
01111010000001110001011000100101
01011010101001101101011101011000
10001000011001110100000101110010
00000111100000000011001110110110
01100000110100111100000111001001
11111000001111010110100010110001
01011111001101100101000100010011
00110111010111011111010101010110
01010100001001101011010101111111
11101011110100100000011001101000
10101001101101111001000010001001
01011011001101100110001011011100
11001101000111110011000000111011
10010001101111110110001000010011
10001110011101100101111100111100
10100111010000010110111010101000
00001101000101100011110110110100
00000110101101111001111111110110
10111000110010110110100110110100
10011000100101000100111011101001
01001111110111001010000011000101
11110101001010100000010010000100
00011010110100100110100001110111
00011101100110000000011101000011
01010000011100000111001110101000
10100010011111011110100101101100
00111100101111011001110100010111
10100000001110000000010010100100
00101010001101010110100011000010
00001100011101001010010111000000
10100000001000100110110111011010
11001000100010001100001100010111
00000010011000111111100111100010
00000110111100011111101110110101
00110100000010101101100101100000
11111000111000110000001011001110
11100001011001000111001101100001
01001100110101101110111001010111
11000111101010001001001111101011
10111111110110100011010110010111
11000001011101000101100111111100
10101010110101101111011011100111
00100111110111001001100011110000
01010011111010111001010000010111
01101011011100000101011001100110
01001100111011100010010001111110
00100001100111000000111011001100
11101101010000001101001110010101
11101000101010010100111110100110
11001100101101111001101110110001
11001001011010111110100111000100
10000111101110000001110111001000
01101000111000011101000011011010
11001001011100110000110011000100
11000111011000110101011010000110
11010001000101100000101000111111
00000010011110010011010110110010
00000010010011111010000011110011
01011000000010001001101000000100
10010110101111101000101100111110
11111000001111100110000111001011
10100110011101000000010110111111
01001100101101001100000001000000
10010110110001000111000110111111
00010010010100011010010010001010
10001011010111110111011000110001
00010000010010101101000011000001
10000011001101011101100000110001
10001111011111100101111000110101
01100110101100100100010011010101
11010011110101100000000100011010
10100111100101100110000010011101
10110100001100111110001001111001
00110101101011010101011101001111
11011001011000001001100010110000
10000111001000010110010111000000
01000111100100011100011110111110
00000100001001011001101010100000
10010001101100110101011001111101
10001100001010111100000011101100
00000001100001101010000001000111
11011111001010010110001010010010
10011001001010010011101111100100
10000000101100000111011101001010
10001110001111001011111110000001
01010000111001010000010001001011
00001000010000111010011010000001
00000110001100110111101001001001
10100111010100110110101010110100
00011100101100000011001111100100
01110101101011001110101110010011
00000000101001100101100000001101
10001011001011000110110000001110
00100101000100010011101100101010
10100101011001011001110011100100
11011110000011110110000100101010
10000111000101010101101010011100
00110010100010001110111111001010
10101010001100011011110001101011
11100010111101100101010001110110
11100101111111111011010001100101
11101111101000010011101101101010
00110111110101011010100011010101
01011110010001011010100101000111
10011100011011000011010100010010
01001101111001110010111001100110
10101101000001000001101010010001
11000001010100100110110001100001
10011111101100110000111100010101
11100101110001110010111001101011
00111110011101010110001111010001
10011000011001110100001110110011
11101110010000101100101100000011
10110001000000011010011111110001
10010001000010000100011110111010
01010100110010000111010101011111
11001111100010010000000111000001
10000011110101110001111110110100
11100000101111110111010111110001
00101111100001011000000111000010
11011110101100000101111011010101
01100110010101111000000111001001
01100000101010101011101011100101
11111010011111001101110001010010
11101101100100011111101100100111
11000000001000111111000001111101
10000111011110111100101100100001
00001111110111101000101011000110
11110101011100110000000100111000
11100111011010010001110010010101
00011101111000000101000011010011
11111100110101101001101011000011
10001111101100011101111001100110
10000111011000010100100100101001
11011111001000011111010111011000
00111010111100110011101100110110
10111101000110110011000110101010
10100010000110000000010101110000
11100110011001110010011000110010
10111110100110101110001101110010
00010011000011111100100011010100
11010011100001001100111000011010
11101010110011110000101110010010
01000100111110110111101111011100
01111101010011111000101111011101
11001011010011100111111110101101
01110001010101000001110010110101
01000100100011011001111011101010
10101101101111010010100010111111
11110110110010101111010111100100
00111100101000110011011100011100
00000000000000001110101100100011
10001100101101011010010110100000
00111111111101011011010000101000
01100100111100101000010100000111
11100011000011010101001010111000
01111111001110110111010111110111
11011111100011100001111011011111
01111101110001101001110001111100
10000010011111101100000110110000
11100111000101110001110011010011
00010111101001001100001010011110
00100000111010111110110001000000
10110001001010101000101010110110
10111010000010010111100000101010
00100011101000011001111110001111
00101111110001010101101101001010
01101001111111101001111100000100
00010110001000011001101111010100
11100001000011111100000110011010
00000000111111011100000100110101
01000100111100111110011111010111
00001101101001000111011111010000
01100011001001100001111100101000
11100110010111001110001110011001
01010111001110011000000001000001
01110110001100011101001111110101
00000000000101100000011000011010
10100101010100111011111101001001
00111111111101111100001111011010
00111100001010001110011011000000
00010011101001111110011110011111
01100001010110111111010010100101
11001010011100111110101011101001
01111010001001010010010010100010
01100100110110100111111101101111
00100111100001100111101100010101
01001000100101111111011110100010
10110111110110010111010010010001
10100001100100001111110101000100
00110100011101100100110101010011
00011010100001101110011110111110
00111110111100001001011100101011
11110101111101010110100011110110
10100000101101011100101001100001
10000101101011100000010000101010
11010101011011111110000100101001
11000110010000101011101101110110
11010100001101001101110011100000
11011110101100100000010001100100
10001000111111011010110111101111
01011111111000101101101100101100
10011100010010000110110011010001
11010000011111100000101001011101
10000100011100011100100010100101
00001111110111011100110100010001
11100010100011011101110111010010
01010001100000011111001101001110
01000111100010100110000110000111
11110101110001001011001011000000
11111100100100100001111110011011
11010110111000100110100100001100
10010000011100110111110111011110
11000110001000010111001010011111
10010110011101100011000001011010
00010111101011110011000100000100
00001110101010111100111010010111
10001001010000011000110011001100
11100000101001000111110110010001
00101111000001000010011100100110
01001001011111110010011001000100
10101011011010000101010111000001
00011011100101100010011010110001
10110010100010001000111000010010
00001110010110011110111010011101
01111100001000010100010001100110
10101101011011011101011110111101
00001000101110011100010100000011
10011000110010111010001100001110
11011000011100010111001100101101
11010011001111011101101010100010
10101110001001100110010011101101
11010101110000111000110101000100
00100011010010001101001000011010
10101110000111111111100110101000
10001111100100011001110110100001
10111001100111001000011101111010
11111101010010000110100010101001
11110010100001000000100110001110
01101010010011101100010100100110
01101110010111000010101010100011
01111100000100100001011001101011
00110110011100100110000100111001
11010100001111100110011000000110
10000100000111101000010111000011
00111010101111001101010101001001
10000010010100111111101110101110
10101010101001100000000010111101
00001001110101001111011011010001
01deg=19937
deg lcm poly = 19968
weight = 5800
10000000000000000000000000000000
00000000000000000000000000000000
00000000000000000000000000000000
00000000000000000000000000000000
00000000000000000000000000000000
00000000000000000000000000000000
00000000000000000000000000000000
00000000000000000000000000000000
00000000000000000000000000000000
00000000000000000000000000000000
00000000000000000000000000000000
00000000000000000000000000000000
00000000000000000000000000000000
00000000000000000000000000000000
00000000000000000000000000000000
00000000000000000000000000000000
00000000000000000000000000000000
00000000000000000000000000000000
00000000000000000000000000000000
00000000000000000000000000000000
00000000000000000000000000000000
00000000000000000000000000000000
00000000000000000000000001000000
00000000000000000000000000000000
00000000000000000000000000000000
00000000000000000000000000000000
00000000000000000000000000000000
00000000000000000000010000000000
00000000000000000000000000000000
00000000000000000000000000000000
00000000000000000000000000000000
00000000000000000000000000000000
00000000000000000000000000000000
00000000000000000000000000000000
00000000000000000000000000000000
00000000000000000000000000000000
00000000000000000000000000000000
00000000000000000000000000000000
00000000000000000000000000000000
00000000000000000000000000000000
00000000000000000000000000000000
00000000000000000000000000000000
00000000000000000000000000000000
00000000000000000000000000000000
00000000000000000000000000000000
00000000000000000010000000000000
00000000000000000000000000000000
00000000000000000000000000000000
00000000000000000000000000000000
00000000000000000000000000000000
00000000000000001000000000000000
00000000000000000000000000000000
00000000000000000000000000000000
00000000000000000000000000000100
00000000000000000000000000000000
00000000001010000000000000000000
00000000000000000001000000000000
00000000000000000000000000000000
00000000000000000000000001010000
00000000000000000000000000000000
00000000100000000000000000000000
00000000000000000000000001000000
00000000100000000000000000000000
00000000000000000000010000000000
00000000000000000000000000000000
00001000000000000000000000000000
00010000000100000000010000000000
00000000000000000000000000000000
00000000000000000100000000000000
00000000000000000000000000000000
00000000000000000000000000000001
00000000000000000000000000000000
00000000000000000000000000000000
00000000010001000000000000000000
00000000000000100000000000000000
00000000000000000000000000000000
00000000000000000000001000000000
00000000000000000000000000000000
00000000010000000000000000000000
00000000000000000000000000000000
00000000000000000100000000000000
00000000000000000000100010000000
00000000000000000000000001000000
00000100000000000000000000000000
00000010001000000000000000000000
00000000000001010001000000000000
00000000000000001000000000000000
00000000000000000000010000000000
01000000000000000000000000000000
00000000000000000000000000000001
00000000000001010000000000000000
00001000000000000000000000000000
00000000000000000100010001000100
00000000000010000000000000000000
00000000000000000000000000000000
00000001010000000000000000000000
00000000000000000000000000000000
00000000000001000100000001000000
00000000000000000000000000000000
00000000000000000000000100000000
00000100000000000000000001000000
10000000100000000000000000000000
00000000010000000000010000000000
00001000001000000000000000100000
00000000000000000000000000000000
01010000000000000000010000000000
00000000000000000000000000000000
00010100000000000100000000100000
00000000100000000000000000000000
00000000000001010000000001000001
00000000000000001000100010000000
00000000000000000000010000000001
01000000010001000000000000000000
00101010000000100000000000000000
00000000010000000000000000000000
00000000000010101000001000000000
00000000000000000101000000000100
00000000010000000010000010000000
10001000000000000000000000000000
00000001000000000100000000000000
00000000000000001000100010000000
00000000000001000100000000000000
00000100000000000000000000001000
10000010001000000010000000010000
00000001000001010001000000000010
00000010000000001000000000000000
00000000010001000001000000000000
01000000001000001000000000000000
00000000000000001000000100000000
00000000000001010000000000100000
00000000100000000001000000000000
00000100000000010000010001000000
00000010000000000000001000000000
00000000001010000000000100000000
00000001010000100001000000000000
00000000000000010100000000000001
01000000000000000100001000010000
00100000100000000000100000000000
00000000100000000001010000000000
00000100000010000000000001000000
00000000000100010000000000010100
00000000000000000000100000000010
00000000000000001000000001100000
00001100000100010000000100000000
01000000100100100000010000000000
00000001000100010000000001000000
00000000000000101010100000100000
00000000000000000000010100000000
00000001000100000000000001100000
00000000101000000000000000000000
00010000000001000000010000000000
00000000000010001010000000001000
00000001000000000000000000000000
00000001000010000000000000000000
00001000000000000000000000000101
00000000010100010100000000000000
00000010100000101010000010000000
00000001000000010000000000000000
01010000000000000010000010000000
10000000000000010000000001000000
00000000010101000000000000000000
10001000001000000000000100000001
00010000010000000001010000010101
00000000001000000000001000001010
00000000000101000000000100010000
00010100010000000010000000000000
00001010001000000001010000000000
00010001000000010100000100010000
00000010001000001010000000100000
00000001000101000001000101000000
01100100000000000000000000100000
00100010000010000000000000000001
01010000000100000000000110000000
00100000000000000000000000000100
00010001010001000100000100000101
01000000001000100000000000000010
00100100100001000001000000010001
01000001000000000101100000000010
00100000101010000000000000000001
00000100000100010101000000110110
00000000000000001000100010000010
01000001000000000101000100010101
00010100000101010000100000100000
00100010100000100000000001000000
01000101000000000000000001000000
00100000000010100010001010100000
00010100000101000000000001000101
00000011000100001000000000000000
10100000101000000100010101000100
00010001010101100000010000000010
00000000000000001011100000001000
00000000010000000000010001000000
00100011100010000000000000000010
00001000000000000000010001000001
00000001011110010100000000000000
00000010100000010110000010000100
01010100000000000000000100000000
01011000100000001000000000100000
10000001000000010100000000000010
01010010010101100000000010100000
00000000101010000100000100000000
01010000000100010011110000010101
00101000000000000010000101001010
00010101010101000100000000001001
00110100010000000010000000000000
10000000111001010001010000000101
00001001010001000100000100010000
00000000010000000001010100100000
00000000000000000101001010111010
01100100000000001000001000000101
00111010000110010000000101000000
10000000011110000000000110100000
00000101000000100101010100000000
01000100010000010100100010100101
01000000100000000000001001010101
11100100100001000001010001000000
01100000100000100101100000000000
01000000000011000100000000000000
00000000100100011000000000010110
00000010101000100010110101011010
00000001000101000111010101000010
00110100000101010000000100000100
00010101100100110001000001010001
01000001100100010010001011000000
00100000000001101110110000100101
00010101000001110000000100000010
10000011000100001001000001100001
00010101101000010100010101100000
00010000001001100000011000000010
10100010010111001110010001011001
00010000010000110100000000100000
10100011101000010000010000000000
01011100000000010000001011000101
00000000110110011100000000010110
10000111110100101010000010010101
11010001010001111000001000000000
01011110000100000011000010000100
11010001000101000110000011000000
00000010010101100010000110010010
10011100001000000000010000011011
01100111001000100011010000110101
01101000001000000101001001001110
00000100110100010100100100010000
10010110010100001001011000000101
01011111011000000001000100001011
01010111000010010100000110010101
11000010011100001010010000110101
00011000000111001011001101000010
01001110011110011101011100110100
00100010010101010001001111100000
00010000000100000000101101100100
00100100010001010100000001000101
11010111000001000100100100000101
01010101001001101100000000010110
01110000100000110000110001010111
11001001100000100101010100000110
01100101111011000000110001010001
10101100101100110111000000011100
01101011101000101001110010010010
00011101001011011010010011110111
00010110001101100100100101100001
00110110100001100110010010010001
10101101000010001000000000011100
10000101000011100110001110011000
01010000000100110100010011101100
01100001100000000001010000010100
11101000111000101011000010101110
00010001010101100000000001111000
11100010010101011010100010101101
00101011100000110110011001010101
00001011001101000100000101000111
11101001000010110000010000101011
10000000010100110000010010000011
10010011110100010100000011010010
00000100010001110000100101000000
01010010110000001000000000111100
00011000000011000000101010001000
11110110011100000000110000110011
00010000101011000010100110101010
00100111111100100001000000000010
00010000010100000110000011000010
10000011000100111010101010100000
11000000000010000000011100010001
11000000000000000000101010000110
01000101011110000000000001000000
11010100010100000010100000000010
10100001101000101100111000011110
01010000000001010000010110010001
00111010100000000010101000000001
01001011010101000000010000000000
01000100000000010001001000100001
00000000101010101001000111000000
00010000000001011100001001010101
01100010110000100010001000000101
11011000000000000000000000000000
11000000011111100000000011101010
10100010000001110111011000010001
00000000010101001000000010001110
00100110001000011000000011101000
00110100000000000100000000011011
00000100011100000010011000100010
00011000101110011100110000000001
00000010000000110000011010100000
00100000000000100100000010000100
10000100000000000000000110010110
00001010000010101010001000100010
01011011100110110101010000010001
01000111011100010001000010000000
10101000001100100010000101101100
00000000000100000100100101101111
10100000001000100010000000010101
00000001110110000101001101000010
00000011000000010110101010001010
10100010010000110010110111000000
00000000000101001000001001110100
00000010001000100010001011100001
00000011000001000010100001010101
00100100000011000000001000101000
10010110101000100111110000000000
00010100011010010111000001100000
00100000101000011011010000100100
11011100010000000010001101010110
00100000101000001010101000001010
01000100001100001101000000000100
00010011011110110010000010001000
00000010000110011101011101111011
00001001010110110011011110110001
10000000101010100010011100000110
00011110011011000001000001011100
01001111000100111000101010101000
10001011001001101001010110011001
10001100001001001100011101101101
01101011000000000000111100000100
10001000110100010000010010010100
10101000011111100010100011100100
10110000111010000111001000000000
01000010010010011011000000110110
00001010000011001001010010011001
01111000101000000101000100110101
00001110010000000000110001111000
00100110110110001010100100000110
00110100100101110010110000101000
00101110000000000011000110010000
10001010101000000001011101010010
10100000000011000000011011101000
00000001110110001111110001001000
00001000000100010001000000100010
01001010100000010111010100111100
00100001100011000111100100000101
00000000011110100110111100101000
00100000110110111100100111000011
11110100100010010110111100000101
00001000000000110110101111000011
00111000100000010110110011101110
00001011010011000000010001111011
01010011101101000001000100111110
00011110000011100110100001101111
10110110111101100010010101000101
10101110010111111011101111101010
10110010100010110110111001010000
01011111000111100011000110111100
10011000000001000101000001010111
00100101001101010101011110001111
00010000111101110011100010000011
00101110111001101100110000111111
01101000001001010100100010111101
11101010011000010110000100000001
01000000000111000101010101111100
10101101010100100001100011001000
10111101011111001111010011111101
11000001110010010000111010110010
10001111101001011011101000000000
01000011000101110001111101101010
01000101000001000000100010001111
01100111110000000110001110110001
01001101100111000110010010110011
01101000111010000100000110011110
00110001001001000101110110010011
11011001100100000100111011111011
00001000100000000011000010110100
00100100010010100001011111100100
00011010110100110001110011010011
10100000101111011110100111011101
00110100001001001000111010100011
00001000100001011100000010000000
00101111000001010111010001000101
01100101001100000111100001101000
11100001110011100100101111101100
01100010110110011000111000111100
01100100110110100110111100000100
10000001100111100110000101001000
00110011000010101001001110000111
11110001111111100101111111010010
10100001011000101110111011100010
00000001010011001111010001011100
00000001010101110000010011100001
11010100110110001010000010000110
10001000111001110100100010100000
10001110001010000100110010000101
11010111011110000010000111011110
00110000000101000010010111011110
10111101000001100010001101010010
11011011111100111001100000101001
11110011110010000100000010101110
01011100010100100001001000110100
10001000000111100110101001010100
00011000000000110010000100001010
11101110110010010110100011010011
01110111010000100010010011111101
01001011011011001000100001011101
01100011011101111000101000001011
00001001100010100101010001011110
00111011110000111100000011000000
10110111011110100010111011011111
00001100100010110101010100000010
01011000111100011000010101111010
01000010011000101110010100111111
00110000000110000110010011110100
01101111000010101001111100000011
00100101011110010001010111111100
00010001010001001111010110001101
01001010000110100111010110110011
11011000100110101110011011111000
10111110100000000110000101111000
01011101000100000101100111110111
11111100111100011011000010001111
10100010001110101101001100000100
00100110000011110101010001011011
01110101100011100111110110001000
11111000110001011011010101010111
01000101101000000000100000101000
11001000111001111100101010001100
11011001010110001110110000000100
10111100101010010000010101100100
01010011000011010011111111101010
01001100011000111011101010110011
00110001011001101100010010010100
00001110000011110011110011100100
10111100011100100010110110001001
11111001101100000000111111000011
00011110010111100000101101011010
11010001100010101011110101101010
10000111100100010001101000110110
00011100100011010100111010000111
00000000100010010110100101011010
10111001101000100000010100100000
00101010110100110001101101110111
01000000010100110101010001001111
10011110001000001000010110100100
11000010000000100001011010111000
01010000101010001111001011011010
01110011100000100000010011111010
10010100111001111110111000000001
00001001000111100110101010000001
00100110011000101010001100000000
00001000100111111110100000001101
01000000101001110011011100110000
00011110001010111110011001101011
00001010001001010000111110010100
01110001001100001110011101001110
00100111000110100110110100000101
11111110101010101010001100101001
00010011011111111111101000010010
10011011111011111110000111011100
11101010000000111111001101100110
00001011101100100111111101101111
11101000001000100111001110011111
11000110001010011011100111000110
00101001001100111100111000011010
10011110010011111100110111001000
01110010110010100110101001010101
10000111001101111100110110110110
00001011011100000010100010110011
10111110011010010100001001101110
10000010010010000110000000011111
10010100101111101001011100101111
00110001101010101101000000010101
01100000001010000000001011101011
11001010110000001110101001111011
01000011111110010011000110010110
01011100100001100111000010111000
00000011001011111100000011010011
11100101011110101110110010000111
10100110111100110111001100110101
11110100010111000001101111010100
11010100111100101100111011111101
10001011101010100001100100110100
01000110001001110000001111011011
00001010100000000001101110001110
00101001010100011101010010110100
00011111011000100110100011100001
11001100101010001000001000011100
11001010000001101011111010100001
00001110010011010010110001101110
01101100001101010111000111000011
00111001100001110101100001101110
10010010110110110010000111001100
00110101101010011011111011001101
01101011010101100101000110010101
10101011001100101001011010110101
10110000111111010100011111110101
10001010010001001101100001000000
00000001100000111011100101111010
00011010100100001010100111011100
10001000101001001101111100010111
01001100001111110011101101111010
11100100001010000010001101000011
11001010101110010001101010000100
00011001101011001010000001001001
11101000100000100111000000111110
11001111010111010000010110000110
10100001110010100001000100111100
01011000111101110010100100111111
10100000111001110011100101010010
10100100011110000110101010110101
11110111110111100101111101110000
11100001111111000011100100000001
10101001101001000001000000010011
10011010001100011011010000010101
10010000001011111101110010100110
00101011111101100111001011001101
10000100101011011100000010111111
11010101001111000010000100010001
11111000010001100111110011110100
10000111101100010000100010011101
10111001011010110101101101110010
10001011011010011001100001010010
00101111001100011011101001011011
01101011001111111110010101100000
10010110111110010101110010011110
01110011110000101110000100100111
01000111001101001101111011111101
00111101101111000011010110010100
10001111000110111111010010010100
11001001000000110101111110111010
00001100000110001011101011011110
00001100011010010100101111000100
00001110110001000101010110010011
00101001000001110101000100011111
10010001110001001100101011000010
01001010111000110110110010000000
10000101100111101001000101001100
00110100011000000100000011000000
01100010110001010110110111101101
01111110100110001101111111010100
00001001001000111000010110010010
00101110111110011000010111011101
11110111010000101111101110101101
10001101011001001011001111110011
01100001001000101100001100110101
00100001101110101101010100101101
10011010011000100101000110111111
10110101110100001011111000011001
01100000011000011011101110101010
11001111111011001110100000110110
01000011100000001011001101110011
11011111011000010011000010000100
01010110011011011110101011100100
00010001000010111000110001001001
11100011110101000111010100100100
00011010000010110000101000000111
10101011010101100010110110100110
00011010000110110000101001100110
01100001011111000111100011000111
10110001001001101000100011111000
00010100011011101000110111111011
00010010111000001000001001000111
00000000000010101000100001111010
11001101100110101001110011010101
11001001000110100101010001101001
11101111001000110000111010000100
01011000101111010110000001101111
01111110011101001000010011011100
00010010110111100100000000110001
10011011100000010001010100010101
10010101000100111100011100010000
01000000100101110111000100101001
10100001101111010110000101000100
11000000011010001101101010000111
00010101100111000100010100001011
10100010110001101011000000001110
10101101000000110000011001111000
00001001111011100011000001000010
11001011000010111000001001000011
10110000110101110000001110001110
01000111111100001000000000010000
10001100010000000110000111000000
00010011101000011100011001000000
10010000000001001000111111110011
11100000011101010100100111100101
00000100101000000000011000011000
10000101000100010010100000000011
00000010000001010101000000000000
10001011000101011100010111100101
01011100000111000001001000100101
11001000100000001000000100000100
01100101010011001000000000110000
10000100000001110010000000001000
00100011100000010000001001100000
01000000000000010000010100000000
00111000000010010000001000000001
01000000011111000000001000001000
01000001011100000001100000000011
00000000100001000110000000001100
01000100000000001100010000010000
10000000010000000000100000000100
01000000100000000100010010000000
00100100000000000000000001000001
00000000011000000001000000000100
00000001000000000110000000011000
00000100000000011000000001100000
00011000000001000000000100000000
01000000000100000000010000000000
01000000000000000000000000000000
00000000010000000000000000000000
00000000000000000100000000000000
00000000000000000000000001000000
00000000000000000000000000000000
00000000000000000000000000000000
10000000000000000000000000000000
00000000000000000000000000000000
00000000000000000000000000000000
00000000000000000000000000000000
00000000000000000000000000000000
1deg=19968
deg tmp = 31
128 bit k-distribution
k(1) = 19937
k(2) = 9968
k(3) = 6644
k(4) = 4984
k(5) = 3987
k(6) = 3322
k(7) = 2848
k(8) = 2492
k(9) = 2214
k(10) = 1993
k(11) = 1812
k(12) = 1661
k(13) = 934
k(14) = 934
k(15) = 934
k(16) = 934
k(17) = 934
k(18) = 934
k(19) = 934
k(20) = 934
k(21) = 807
k(22) = 807
k(23) = 804
k(24) = 785
k(25) = 156
k(26) = 156
k(27) = 156
k(28) = 156
k(29) = 156
k(30) = 156
k(31) = 156
k(32) = 156
k(33) = 156
k(34) = 156
k(35) = 156
k(36) = 156
k(37) = 156
k(38) = 156
k(39) = 156
k(40) = 156
k(41) = 156
k(42) = 156
k(43) = 156
k(44) = 156
k(45) = 156
k(46) = 156
k(47) = 156
k(48) = 156
k(49) = 156
k(50) = 156
k(51) = 156
k(52) = 156
k(53) = 156
k(54) = 156
k(55) = 156
k(56) = 156
k(57) = 156
k(58) = 156
k(59) = 156
k(60) = 156
k(61) = 156
k(62) = 156
k(63) = 156
k(64) = 156
k(65) = 156
k(66) = 156
k(67) = 156
k(68) = 156
k(69) = 156
k(70) = 156
k(71) = 156
k(72) = 156
k(73) = 156
k(74) = 156
k(75) = 156
k(76) = 156
k(77) = 156
k(78) = 156
k(79) = 156
k(80) = 156
k(81) = 156
k(82) = 156
k(83) = 156
k(84) = 156
k(85) = 156
k(86) = 156
k(87) = 156
k(88) = 156
k(89) = 156
k(90) = 156
k(91) = 156
k(92) = 156
k(93) = 156
k(94) = 156
k(95) = 156
k(96) = 156
k(97) = 156
k(98) = 156
k(99) = 156
k(100) = 156
k(101) = 156
k(102) = 156
k(103) = 156
k(104) = 156
k(105) = 156
k(106) = 156
k(107) = 156
k(108) = 156
k(109) = 156
k(110) = 156
k(111) = 156
k(112) = 156
k(113) = 156
k(114) = 156
k(115) = 156
k(116) = 156
k(117) = 156
k(118) = 156
k(119) = 156
k(120) = 156
k(121) = 156
k(122) = 156
k(123) = 156
k(124) = 155
k(125) = 155
k(126) = 155
k(127) = 155
k(128) = 155
128bit D.D:  19504, DUP:  110
64 bit k-distribution
k(1) = 19936
k(2) = 9968
k(3) = 6645
k(4) = 4984
k(5) = 3987
k(6) = 3322
k(7) = 2848
k(8) = 2492
k(9) = 2214
k(10) = 1557
k(11) = 1557
k(12) = 937
k(13) = 937
k(14) = 937
k(15) = 937
k(16) = 937
k(17) = 933
k(18) = 933
k(19) = 933
k(20) = 933
k(21) = 624
k(22) = 624
k(23) = 624
k(24) = 624
k(25) = 312
k(26) = 312
k(27) = 312
k(28) = 312
k(29) = 312
k(30) = 312
k(31) = 312
k(32) = 312
k(33) = 312
k(34) = 312
k(35) = 312
k(36) = 312
k(37) = 312
k(38) = 312
k(39) = 312
k(40) = 312
k(41) = 312
k(42) = 312
k(43) = 312
k(44) = 312
k(45) = 312
k(46) = 312
k(47) = 312
k(48) = 312
k(49) = 312
k(50) = 312
k(51) = 312
k(52) = 312
k(53) = 312
k(54) = 312
k(55) = 312
k(56) = 312
k(57) = 312
k(58) = 312
k(59) = 312
k(60) = 312
k(61) = 312
k(62) = 312
k(63) = 312
k(64) = 311
64bit D.D:  11648, DUP:   49
32 bit k-distribution
k(1) = 19934
k(2) = 9968
k(3) = 6644
k(4) = 4983
k(5) = 3987
k(6) = 3322
k(7) = 2847
k(8) = 2491
k(9) = 1882
k(10) = 1872
k(11) = 1256
k(12) = 1256
k(13) = 1248
k(14) = 1248
k(15) = 624
k(16) = 624
k(17) = 624
k(18) = 624
k(19) = 624
k(20) = 624
k(21) = 624
k(22) = 624
k(23) = 624
k(24) = 624
k(25) = 624
k(26) = 624
k(27) = 624
k(28) = 624
k(29) = 624
k(30) = 624
k(31) = 624
k(32) = 622
32bit D.D:   6733, DUP:   18
