11000111111000101101010101000001
01010100011110110111100000011100
00010010101001101011111000011100
01011100011110100111010011100010
11000010010011101001011110000100
11111100000011010101101011011110
11110010111100101100010011001010
00101111001110110010001001001100
00111110001110110000111010010101
01011110111101101011110110100100
11101010111100111001100100110010
00110100100000100101011010100111
01001011011100010001100011100011
11000110010000000011011100000100
10100110001100101010000011101111
11001111011001101011110001110100
01011010100101100110100011011111
11110000110001001111011010100000
11100001001110000110000101011111
11110000001101001100101000111011
00111111000100100101101000001000
11010011101011000000010101010000
00001111101010001111100111101100
00100010101010110111111011001001
01111100011010001101001111100000
00111100111011011010001111011100
10001110011101011011001101111011
11000111100000011010001100111010
01110111101010100111101010001011
10010110000110001001101101001010
10011111111101011111010100000111
10000000110010110111101101010010
00101101010110100110001101111001
01100110111101100100101111000010
01110011011110100111001010010000
00100110000100111111000001000011
10011101001100110100100011010100
00100110000110100110010011111101
11010100001111100111100000111111
11000101010101111100100011101101
11011000100011110001011111100011
01100010100100100110000010100010
01011000110101101001011010001010
01000001100001111010110000001000
10000010001001111110111001011010
00010101001000010000011111011100
00110001110000000100011101000001
00000000010000000000001110001000
10111011000101000010110101001100
10010111100101011000011011001100
11111111011110000001100111100111
11101110101111000101000010111100
10100000011101101111101001001111
01111101101011011010010000100001
11010011101000001100001111111111
10101110111100010110101101010100
00011100011111010010100100010001
10101100010010011101100111101001
00000011011000101110010000000011
10111010110011110101011100110000
10100110101000010101011111011110
00010111011110000111111110011101
00010001111111011100010010001110
10101110111011101001000001010100
11100001111001110010111101010001
00010000011111110111111100111110
10111111010101100000011010000100
10101000110000010110010101110001
11101110011000100001111011110100
10111010101010000110100000001111
10011011110100000010100100100010
11101101111110001100001110000001
00100011010010111000100100001100
10110100001100100100101011000001
10001011000000100011101011010101
10010001011011000101111101100101
00001111101010000000110001011111
01001010100000010100000001110101
10010011000000001111100010100110
01010010110000010011001111100111
01001010001010110110111101111111
10001100001111001011101110001101
11000010100011011110101100101000
00100111101001110010001110011001
11101100110000000001011001001111
01011001011010011001111110011101
11101001001001010111110101111010
00001011000000111101010000001001
01010110101000100101111100010101
01110101011001011110010011011011
00000110001110111101000000100000
11111100110000001010111001001100
00110111110011011101111000010100
11010001000101100110000111100011
01101010111110010011111010100100
10000100100110111110010101101100
00001011000110000001011100110000
11010000000111011111100111111100
00111001000111001100111110000011
10101000110000110000011100010110
10011101110011011101010111001001
10010111111000100100011001000101
01110111010110101100111111001101
11110101111000100001011111010000
01100010001110000111101001101000
10000101001111011110010101001100
11011110010010011111010110101101
11110010010011100000010001111111
01010100101101101110011000010111
11000101101111010111101111101100
11101010000000001010010010011100
11100110100000001010010111000001
10111100111001100111110000100111
10110001011001110110101001001010
00001110100001100001001001111110
00011011001110010001110011100011
01011111110011000000111000110101
00000100011001000101101011110011
10101101100011000100101110101101
10110010000111001001010101000101
11010000011110010000001001110011
10111110001000001111010000001011
11100110110001101111111001110110
11000001010100010110101010010001
00010010110101001010101100100000
10100000011101010101011100011101
00011110001011100001110011110010
11110001010000111010000111111000
11101100001010000010011100100100
10000000110100101100010000000101
11001011001001011001110100100010
10100111100101100110010010000001
00111101111111111011000001001110
01001111011110000011101011110101
10011010110000110101100001110000
10000001111100100110111010001000
01101001100100100101010011000010
11001100010111111101010001100011
01011001100101100111100010111011
00101111100111011110000011011011
11100110000101000011110101100111
11010011000111111010110111101100
00110010101111001011101010111100
00100111101011001000011001001000
01101111111011001111011111100101
10101011110001101001100100001011
01100101010110101101101101111110
10100010101000000000001011111010
11101000011110000001111111001100
00000001000100100111000011101011
10110010101011111101110111000011
00000001001011000011000011110011
11001011111011100111010100000000
10011000111101010110101101101101
10110011010011110010000001000001
11000010101001011000001110011001
01110011010111110110000010000001
01100010000011100010010001011111
01000000010101101001001000101101
10001010111100000000000000100100
00111010011000101110111010110110
10011010110100001010101011110001
01000101101101000011101010110000
01111001111001111101000011111100
11110000111101110001100100101101
00000110011000100000000100110100
00001001111101101000110100110001
10011110111010010100011011101111
11100101100001001011101011010111
00111110001101101111101110000111
10001111101010010100110010000000
10001100100001000111011010111101
01101111011000001101110001101101
11010101111111011011000101000001
11001110000111011010001010011000
11000001101000011000100100001010
10100001111001101000000100110111
11011010101010000101000101011101
10000100111010010111100010011110
01010111000011000010111010000111
00010001001000110010111001110101
11000101111011110010001000000110
11010011001011011001011000010101
00011111000101100001111001000110
00001010010110000000011111111110
11101100001100001011000000100101
01101011011010101101101011011000
00111101000011100110010011010010
01001101001001111100111111110100
00110000011000000011000010010000
11000100110111110111010000110001
10000001000011100110011111100011
10100000010111000111011110110111
11000111010101011110111011111100
11101111111100100011101111110001
10100111111101100000110001111100
01000011111000100111100010011110
00001110000001000001111000110000
00011000110001110001100001000010
00111011110111011000001101110111
11110011000101100111101101110111
11010010111001000111000010011001
00011111100011110100110100100100
11110100110111111110101101011111
00110011101110100011011001111100
10011110100101111100001101101001
11010101011111000001000011001001
00111111100110011111000110001100
11010010111111001010111100101101
11000110100101110000100111100001
00100010010011111000100101010100
01101001000110001100101010100000
00101101100000111001001100001001
00010110101011010110010001100101
01101100101111010001100101110000
10000111000100010011110110100000
11101011010110101010100001000010
11011110110100100100000101000111
10000101100111111110001101010001
10100000001000111111000000111110
11001010001100111000101000100100
10111011000101100111010010001110
11010000000110001100001000000100
01000011010101010101110110001011
00100110101110111101011101011101
11001001110101101011000010000011
01011000101111001001001100110010
00101001001101000000111101011000
11011101010111000111101011100101
00011101001110101000001111010000
00010111111010111111110010100010
11011101001111010110001100101000
01100100110010000101011110100001
00100010100011101101011111011100
10010001001101110011011000100100
01100111010001000010000111001000
01100111000011010101001001100001
10000100100111111110100001110100
10001111000011101111111100111110
00011000000010100100100101110101
00001100101101100000101000101010
10110001001011110001111100001011
00000001010000101000010011000100
01100101011101000000110010011000
10000000111000011101110010000111
01011001000101001000111100010001
01010111101010000100100110001100
01110011010000010001101101101010
10011010000001101000110011100111
01100101101100101101001100011011
00100100110110110000101100000000
01111101110100101111100100011101
01010111101101100010100100001110
10111010011000111100001010010011
11010000010001110101100100101010
01011110010010110011100101001011
10101000001101000100100000111100
10100101101111000000111101010000
11000100000000100101010010010111
00101110111111010000111011011111
11011100011101100111110001011110
10100101001110100010111111000100
01000000011111101011010110001000
10101011111101001011100001010110
00101110011100011001110101000011
11000110010100011101101111111010
10011000100000001100001100110111
01010000111001101001100111111101
10100100010100100011111110001111
11010101100100100101110100001101
11101000010111110001001101010001
10101010110001100010000110001010
10000010000010010011110000011110
11010110001111011011001111010010
11000101010101110000101001110111
10110011100010000111111111110000
00011010100101100100011110000010
10110011011011111100111010111101
10011100110000110101101100011111
10010001100011000110101011110110
01111101000101100100101101000000
10000111001011100101110010110011
10110000000101110100000000101110
01110000010100110111000110001101
11101010111101000000101011011101
11101010001100001110010010110100
01010011010110100011110100010001
00100100100100110111000111010011
11101111011010101000101101111101
11101111011111000111010001000101
11010111100101010100000011111111
00101101000001010110110011010100
11100011101110101110011000000000
11011001101100001111101000000001
01111100101101000011001111110111
11001101100010010110010010110110
11110000011001000001011110010000
10111011011111100001100010000100
00001101011111110100110010101110
00100010001001110001001101110100
10001100110001110000110011101101
00101110111010100111111010101010
11011111101011000000001101011000
00000000100100001011100010000000
11101001101001101111001010100001
10001110001100101100001101101001
11011000100001100101010100100100
01111101011110100101000101001000
01010000011000111110010100110011
11001001110010010100000101011110
11111100110010101011110111101110
11011000110001101000101110011010
10101000100000011001010101000010
11001101100101111010100001110011
01100001001011100110111011111010
11110111101000000000110010011100
01101000001001011100011110101111
01110100101011000010101000111000
00001000000000101111000011001010
11001011000010010111000011111000
10101010010111000001001000011011
00000001010001110000001010110100
10001010000000001010001000010011
10000001101011100101101011001000
00000000010000000100011010010111
10101111000101110011101100000101
10001010000010101110101111011111
00000011111100010110011001111100
00010001000000110100100100001011
10111010111001010000101001111111
00011100001110001101100011100010
01111010100100110011000001111101
00100011111101101001111000010100
11011011110110110100110111011000
11010001100011100010110111000011
00000110111100101000000001101101
11000111100010001010111001101001
10111000110101110010101100100010
01111101101110110011000011010111
01010100001111001010111101101100
00110011100001001111010110001010
10111000100111010001001100111001
00111101100010111100100101100010
11000100011101111010100110111110
11100101011101101011000111110010
00100000100110110001000010010111
01101111101010111100011101010001
11100001100000100111111001001001
10101010011110110101011101001000
11111100110000111000100011000110
00000011111001001000100000000000
00100010110001111010110110001011
00011101001110100100100100101000
01100110110011111011010011010001
01111000010101110110110100010011
01000011001001010001110111111010
00000000111100111100011111001100
00001010101110101000001110101101
10000110011011111011001001101110
10000110001011111100011000110010
01000001000110010101010101101111
01000100101001111111010111010111
10001001011111010000000101000001
11101100110001001000011000001010
10100010100110010110010111111000
01110001011100011110010100011111
10111001111101000000110111111000
10101010110110011001101110000000
10010010101111111110010001011001
10011000011111100110111000010011
00000100110011010000011111100010
01001100010000010000111011001111
01001101010101101000010001011011
00101011101011001001110011001110
01011010101011011111101111000010
00111111100110111111110111111101
11100100111100010111011100011100
10110011010010001001001000101111
01011000111011011001011100011000
10111100010100011111101110000101
10010100011000101110010010010111
10101101010011010000111111000111
00101110110000110111001001111100
10100001010110010100111011110111
11010010111011001000111000101010
01100010100110001101010100110000
01010101011110010010000111101001
00110100010111110010100111000101
01000111111110000101001100111010
10000110001110110101010001100111
00110010110001000111111001101001
01000000111101000000011011100010
00011111011011000000010101111001
01100100000000011010011010100100
10011011011100001100111101001111
00000010000001010011000100000000
11100111101000001111100001101101
10000111100111011100100000011010
00101100001111010111100110000100
10000000110101001110011000000111
11110000000110100100010100011100
10110000010001111100001010010001
00010110110110111101011001110010
11101011011100111100101100110110
01001010111011001110011000110011
00111011110010011101110000001100
00111011001101000101100100000110
10111110100000111100010011100111
01100000101010100000110001001100
10011111110000010000101100100000
01111101010110101000011011000100
11000111111010101110110110111001
00001101100000001001010100111000
00001000001101110101101000101000
01011000100000101100101001101111
01000011111101010011101100011100
01001010010000010101011111011110
01000110001010010111001100100101
10101101010011000001101101110001
00011100101111100000101111001110
11010000000111111100101111110101
00000010110010001110101110101011
11000110011110111001001111011100
10101000100111011101010110011010
00101000011000010111001011101111
11101100110011001110101111011100
01011110100111000011000000010010
11100111110000010010100000010000
01110011111101000010110011111011
10010100001001111000001000000101
11011101101000100001100100111000
00011001011111111001111111100101
00000000100111110100011111100000
10110011111100010000111000100110
11011011101011010001011000101011
00011110001000000111001010000001
00001010101011110000100001101001
11000000011100111001101111101110
00101100011001100001110011011111
01000101111001101011001110101011
11101100111110100101110010001011
10011100011000101011100100010011
01101100010001111110101011010101
11101010100111110001001110110010
11100000010011111110111100000010
10100000100110100010000010111001
11101001101001010011000001001011
01011000011101001110010010110100
00111111110100101111101101001011
00010101001101101110110100010101
10100010110101100001010110110011
00010111111001010010000111011000
01101001001011010111100011000100
11010000101000001001010011111111
01000010001110111010010000001110
01001111001101100011010101110011
11000010001001101001111100000101
00111001010101010100100110000011
10101101101101011010110001011010
11110010111000101111010011110110
10001011110001010111100001010010
10011010101110101110110110000110
11111000010101000000100100111111
10011111001111011000100010101001
10100011110000010111101000101110
11101110110101000100101100111101
01001010100110010111011010110011
01110010000011000101111010101110
11101001010000110100000100110111
01000111101110010000111101011110
10100101011111011010111011101101
10001001011101100110011000111010
11110111110101000110111001000111
01001110001000001011100110110110
10110101111111000010000010000010
11000011011001101101010010100101
00010010001100010101110100100010
00111100000000000100000101111001
11100110111010000100101001010011
11110110011010100101111010001011
01111011100011101000101110000100
10110010010001000010000010000010
11011000010001011110000010111011
10000001101001110101100000110001
10101100010010101100000100100101
10111001100100011101001011110111
00000011001101000001011001011011
11011011101110000011000000000110
11000010001100000110001100010111
01111100100001010100110100110100
00011000001111010111000100101011
00110011101100110001101001111010
11000111000000110010010111011010
11000111010100001110011010100010
10001001100011111101000111100011
10010010111101110101101110101011
10111110000000000001010101110110
10011001011011001111010111111000
11100110011110101010101010111001
01010110100000010111111001010001
11001110000001000111100100111010
11111101111011101100101011011100
10011100100011101111101101100100
10110110001011000001010010100001
10010111110001110101110110101001
00011011001011111000010000100001
10101011001110010101110011000101
11110111100101101000111011000000
10100001110110001111111001100011
11100000001101000101011101101101
10000101110010101100100001011001
00111011111101110101110101101000
00111101011100101110110000110111
11000010011000100110010011101001
00110010110111111101111101101011
01011111100100100101100100110100
01100001111101001011001110001011
00010000111110111101111011111110
11110111001001010001101001010010
10000101111010011000111001011110
01010000000011000000011011110010
00101110101110111001110100001011
11111101010101001111010011011001
01000111001011111011100111110001
10000001011011000110001101110110
01111011101001000101110100000110
11010000101010110101110000111111
10001111111010011101101000100001
10010001110010101111000101111001
01101001011001001100001010011101
01111001100101010011010110110100
10101000101100101010000001110101
00100111011101010011101111010111
00101001000010101110000010101011
11001110111010101101111111000001
11100000100010100110111001110001
11011100000101011101011010010100
11100001001111000111001010001101
10101101100110111111011101001110
11001011111001111011110001101110
10010010001011100000000100011011
00101100001110101000111011111000
10100110011100011101010100011101
10110001101011110011011010010101
10000100001110001111001011000001
11111101100100100010010011010011
01101111010111010111010101000000
11110010111011101010010011111110
10101100111010100111001000110101
11110011000110101011100101110001
01000010010001011100101001000001
01111101100001000000001101101001
00111010111110110001001111010111
00000011111111000000111001101100
00011101000010010011000110000100
10000111101110101111101000110111
00100010010100101110100111000001
01101010110000010000001101111101
10001001100000101011110101110101
01001011110001110010000000110110
01010111100101111111000001001011
11111011110010001011001000110010
10011111101010011000010011101001
00011011001000000001001101100000
10111011100010011100110111101100
01101101001100101111100010001101
00100011111110101111001111001111
10110011000111101110000011110101
00000000001111100100100000010000
00101111110010100110010011101001
00100000001100011111110011100101
00011001011100000000001110110001
11011001101111000101001001011010
10110101001111011110001000101110
10101011001100111100010011101110
00000100011000001110000100001100
00111111111011000110010101011101
01011001001010001010101100001110
00011001110111110110110000110110
11010011000011101000000111000100
10000110010010101100011001110100
00110100101001000010010111000010
11101100110001011000100011000011
11000000000100111100111010111110
10011011100001100010000011011011
10101111010101101111000100110110
10110010011111101011110000101110
01011011111011010110111100110010
10000010000010001000010111000000
01010101001111100001101110111110
00110000010010010101111000011011
01000110111110000000000111100101
10110111011100010000011000010110
11010110000011000001110110000001
11010010001000001101111010001110
11100000000000000011000000110101
00101010000001011001100111110010
10100001011111011111000111010101
10010111001110100010000001111111
00101001101100100011000110011100
00111010110010100011011011101100
01010100111000010011110000101110
00011011000100010111100101000111
11010100001111101001101101010011
01010111100011011101100010101111
01100110001010110101100101111110
01100110111010101100010100011110
00011001110010001100111011010011
01111010100110101110001001101110
10011001101010011000000011100011
01100000101100110111010110010111
01011000001001110101000101111100
11000000110110111100110011010011
00010011101011010000000000111111
00101010000000111001100100001010
01000011100110101001001010000001
10110010011011100111010001011100
11001101110000011011100010010110
00001000011110111110011111111110
01010100001001001110101100011000
00000110011101111001110110011000
00001111101110010111000001100010
10100111110110111101101111001100
11deg=19937
