10000100010010001011001010100110
01011000111001011011010101100010
01110111110010111110011110000011
11000010001011000101010110011000
10101001011010100001011011101111
00011101001101111001110101010001
10110000110101111011010011000101
00101101010011001010101000011111
01101101001101101000011101011011
10100010101010110001000110001110
01101001010100001011101111011000
01011100110101110011011000111011
00000011101001011000110100001000
10000000000010110110110010111101
11100011111100000111110001000110
11010000101011010111001010011000
11110110100010001110101011100101
01101001000101010000000111111000
10111000011110110100011111101000
10001101100001100111101111001011
10100111001100100010101011101010
11111110110100111100111000110111
01000101011001000110001001110001
10011011101111010011011000101100
01110111000101110001010010111100
11111010111000111101100000000011
00010100110110000111001110010011
10011010010101100011111111010010
00111001011101000001100111110111
00100101010000001000110111111010
10111011010000110010010111111110
10000110111111010011011011010011
11000101011010100110001111100111
11011110000100001110011000110011
01001001010000101100100011000100
00010100110000011001011110100010
00000100100110110011101010000001
11101110000100101011111101100110
01010110010111000110000010110111
01010011101011100100101010011001
11010110010001001011110110001111
10111001110101011001111000011000
01111100000000111100111111011110
11100000010110001001111100000100
10100011101110111011111101101001
01001010000001000111101101111110
10110011001101111010001011111111
00001011000011111010101000110110
10011110101111111001001100110101
11011100100010110011101010000111
11011101011111101100110110100100
00101010110101100100111001001101
01100000011001111110011101011011
11010101001101101011111110001100
11000011100100110010010111010001
11100011010000110001100100001011
10101111100110011000000100100100
10111100101100101001001011101001
01011100011010001101001011010001
01010101101010011101010101110110
01001100010000001010101110110000
00110001000001011111011000001010
11110011101101101101100111100011
01100001000100101101000111000001
01101001111111111001010000110111
11111101000111011111011100000101
11011101110011100000110011001001
10010100001111001110001000011111
11110010101010111000101100111001
10111111011110010000010101001000
10000111001010000101111101101001
11001010011011110011100010110010
01000101100000010010100001011110
00100011011111001111110111010000
01100010111101100100111101001001
10010100101010000010001000110101
00010000110100000011011010001111
11111000010011011101111010101010
10001101010110000001110110011001
10111010001011000000011000111101
10011111110001110000001000101001
11010010010111010011101100000100
00111011001010000010010000010100
01100000111011101010001100101100
01110000110010111001010100010101
10100100001001111011100000000100
10111111110001000111010011001111
11110100111101011010011001110000
10100111110000110100101000011011
01001011010111001001001110000100
10001001111100000010100100010110
11100111111111001111110001101101
00100010100010010110100111000101
01010010011100101110101101101000
01111100111101100010100000011111
00111111010111010100111001101111
11001110110010000111001101010011
11000100101101000001010101011111
11010100101110111110100001001011
01101111101111001001100001111000
11010110011100010110011110010010
10110100011010011101110101111000
10111100111011001101110111011100
00001000110010110000000011011101
00011100110100101110001111110110
01101110001110001110001000011110
01111100111001011111101010101100
11110001111110101110100101101010
11001000011001001110000100110000
01100000010001100001001001100101
00100111100110010111010111001011
11100111010001011010111110100010
00001101110101110011100000101111
11001001101010010110010000000010
00100101000100011101111010010111
11110100101010100110010110011110
11010010011101110101010101110010
00011101101101110001000101101101
10110000100111010101000010011001
01010111111000010000000111011010
00110111110001101001000100000100
10000001010000110100111101000010
00101110111100010110111011101111
00101101101001000110110011111010
01001000111101001011011010101011
01111101001100000011011001001101
10110111100010111101100011110011
11011001110010111101100000101101
01111001111101000100101101101011
00011000011100100001011100000101
11011010001101100100101001001010
00011000001100011101110001010000
01101001011111011000110101100110
11011000100001101011001000111110
00111000011110100011110011000101
01111100111110001011100010011100
00111000001001000011000111010100
10101101000100000010001011101010
10111000011111011011001011101001
01110001000111000100100011010000
11001100000101110101111101110001
00100110110011001011000101011111
10101010111011100000110111101100
01110010101100011100001101101100
01110000110100110101100010100100
01101111001011100100101000101100
00000100001011001011101111101001
01000011111111011010101110111000
10010010111010100010011011101000
00101100100111000100110000100100
01100000111001001111011010011000
11001001001111101001110010001100
10111100111011110100000000100011
00111010101110010011101010101001
10001001100011010000011001110011
10111110101011001110100010111011
10000011101111010111000100100010
00101000100101001000110101110001
00001001011011110110001011111110
00101010110010110110111101001011
01101110100101010001100000101101
00010010100001100001110011111110
00111010000000000110101010111100
10101000000011000101100000111100
11101000110011100000111100110110
11010001000100100010001111000011
11111110010001011111100001000110
01000101111000011000001101100110
00111101101010100111111000101001
11100011010000100001000110011001
10111000101100011010101111000001
11111100111100010100000101001100
11111110000001011110110011110101
11100001011111101100010101100100
11110011011001001101100101101001
10011001100010011010111010001000
00010000011111011100111000101001
11111001100111101000010001111100
11110000100111110011101001000110
00001111010001111111101110011001
01011000001110110011010001001111
10100110011010011001100110101001
00111000110110000111110101100000
00101111100101100110101010001010
01001010101101010010111000000101
10100000100011010101101111000010
01000010000011010001010101110111
11101001110011010110010101011101
10110100001100010000010001111010
11010011011110100110100111110110
01111101011011100001101011001101
01010110011100101010100011000000
00100010001000101010001000001111
00100001011000111100110100110100
00101111110010110011110000001001
00100111111101001011000010010010
01001011010100100000001100000111
10001110100010010101011010101101
10000100001001001010110111010100
01011110010000001100111001110011
11110111110101010100101111110011
11011111010111011110111100010110
11001111111000001001100010100010
11010000010011111010001111000111
00001010111010010000101111101111
10101100001000001100001011000111
11101001110101111011100111001000
01010001011110010010001000101011
10001101001110110100100111100100
10001010001110110101100111001000
11110000000000000010001100000011
01100110111000001001011110111110
10001000010101000110001000010000
10111100010111100011010001001010
01100011000011001100011100000100
10111111111001010110011010001101
00010000111010001100101100001111
00100110001110110000010110011110
11011110011000100011001001110001
11000110111000110111110011010100
10000110101100001010101101010101
01011111111011010110010000011011
01100100011110110000100100101110
10011001101000000101010111001000
10010001101000111000100100001010
10010000101000111001100111100000
10000111000101000010111000001001
10100101010010001011101011010101
11100100000110100101110101110010
01111101100110000110000001111000
11110110011010111011011101100001
10001001110001000111111111010000
11110110111100000000100000100101
10110111010110100000010100110111
11111011010011011010110110110000
00110000010011110100000010011010
10001110000010011101101010010011
00010001000000011111100100110100
10100000010110110101100000010010
10100100111100000111010100101011
11000000010000011011000100111110
01101010011100101100001100110110
00111100101111000001001011100011
01111010011000111010001111001001
11111001010111001100101110111010
11110100010100110000001111110000
00011011010100100101111111011101
11010110111110001010011110101100
00011010000001001000001011111111
10100010001100100011101110100111
01110010000111110110000001011000
11001101101010010000011010111000
00111001001000010100100111000000
01110100110011100111100000101110
10111010110000000000010111000101
11100001000101111010011000010111
01001000000001011001010001010101
00000101001001010100001001011010
10110011000110110101101010111110
00010110001001101000101110011110
00010010011010111001001111011101
01011000011000000101000110100000
10111001111010100111101110011111
10111101101100111110100110100111
10011011110100010011110110100001
00000010000111010010000111000000
01100011011111001010011100111001
01010110111101010111110000110100
10000000101001101111011100101101
00100101000011110000000101011000
00001101000100001001101101011110
00001000100111100101000011101010
01001101010111000001011010101100
11110111010011011100110000010011
10011010010001101011011011110011
01001011011110101011101000111000
00001000000011111111100000111110
01100001010011001101001101110001
01110110111101000111100011000000
01001111011000111001100111101000
11000011100001100000000011110110
10111110110011100011000110010001
01110100000001100000000101101010
11101110010011010101110110110001
10011111100101110011101011100000
01001101101110001011011010010000
00111111100110010001001111010111
11111010001000100010101100101000
01100000000000010001110000111001
01111110000011100110011100110111
11001110001100101110101111110100
11111000010011000111001101100011
11010011000011001001111111111100
10101111110010000001010000100100
01111101000000111001110100011000
01001101001111011111011100001001
10111000110011001110011110010010
01100010100011010111001001010010
11111101110111100101011100101110
00000001010001001000001101001010
10100110110111011010010000101100
11100101001000100011111110100010
00011011011011010111010100101111
00000101011101100010000100000001
10010000010101111101001111100000
00111001010111111001100001101100
11011000010000110000000001101011
11010111000011001101110001010100
11110001000111001001111000110100
01100011001111010001111001000011
10101100001111101011100001010011
01011011100011000100001001110100
10111101000000011010010101101010
10110001001000010011100101100110
00100100101010010011000001111011
10010010000101011001010010010101
01011011110001110110100011010111
01011110110101001010101100000010
01011100110110101001111000011100
01111111010110011101000110110001
01101010111101001011101000001011
11000000011011001100010110100100
01101011111010110111110110111100
00111011110101101001111011111001
10010101111110000100100000110010
00011101010010001010001100010000
11000111110001100111010001101010
01101001110100010101110001000000
10001100100100010001111110010011
10101101011110100111100100111101
01111000100110011101110011010111
01100100100101101010011100011111
10111001001001000111001110010011
00011110000111110011010001000010
01001100011010100110000010011101
01011110111011101010101100101010
11000100111101110101101001111110
11001100100011011010101010000011
10001010101110100001101100001011
01101001001100100110001011110010
10101011011011000100011001110011
11000101010101111001111001011100
10101101100001111111101101110110
01100011011001110011000100011010
00100001010101011000101011010110
00010000100001100001110000111000
01010111100011100011001011110011
00111001010010011000011101111010
10010001111110111011011101110111
00110011100010010111111100011100
10101101111111deg=11213
