10111001011010010001001000000000
00000000000000000000000000000000
00000000000000000000000000000000
00000000000000000000000001110101
10010010111001000001010101000011
11100101110010111001011100101110
01011100101110010111001011100101
11010111010010111100101110010111
00000010110011001010001000011011
11101010111001011100101110010111
00101110010111001011111001011001
01110011001011000000001110010111
00101100100101011001011011110000
10001000000000000000000000000000
01100000101110010111001011001011
10111001011011100001110011000000
00000000000000000000011100110101
00111101100110100000000000000000
00000010011011100101110010111011
10010101110010100101111011100110
01011100110011001100110010000001
11010111001011111000001011100101
11001011110100000000000000000000
00000000000000000000000000101110
01010000000000000000000000000111
10001100110100011011100010010111
00101110010111101101011100101110
01011100101000000000000000000010
01011110110010111001011100101110
01101111100010111001011011011100
10111001011100101010101010010111
00101110011100110001011100101110
01110010111011001011100101110010
11100000101110010111001100101000
11010111001011100101110010111001
01110010111001110011011110010111
00101100000000100101110010111001
01110010101110010111001011111001
00011101011100101110010110100011
00101110010111001011100010101110
01011100100101110010010111001011
10010111001011000000000000000001
11001100101001011100101110010111
00101110010111001011100101101011
00101110010111101110011110111001
01110010111001011110010111001011
10001011100010100101110010111001
00010011111001011100101110111000
10001011100101110000000000001001
01110010111001011100100111001011
10010111001010010010111001011100
10111011000000000000000000000010
11111100101110010111000010111011
00101110010111001011100100111001
11001011100101110000001011100101
11001011110100011100101110010111
00101111100010111001011100000000
00001100101110010111001011100101
11001011100101110010110010010111
00101110010111101100101110010111
00101110010111100101110010111011
00101100000000000000000000000000
01101110010111001011100101110010
11100101110010111101100000000000
00000000001011100111001011100101
11100101110000000000000000000000
00000000000110111111011000000100
11001011100101110010111001011100
10111001011100000000001011100101
11001001110010011100101111100010
10111100100101101111000010010100
10000000000000000000000001101000
10111001011100101110010111001011
10001011110111001110111001011100
10010101111001110011010100110100
01111000000000000000000000000000
00000000000000000000011100101001
01110011001011100101110101110010
11100111000000101100101001001001
11100110011001011100101110010111
00101110010111001011100101110010
11100101110101110100000001110010
11100101110010111001011100110101
00111101100111111001011100101110
01011100101110010111001011100101
11001011100101101110010111001010
01011100110011001100110010111000
10100101110010100100000000000000
00000000000000000000000000000000
00000000000000000000000000000000
00000000000000000000000000000000
00011011111111111110010000000000
00000000000000000000000000000000
00000000000000000000000000000000
00000000000000000000000000000000
00000001110101110010111110001011
10010111001011100101110010111001
01110010111001011100101110010111
00101110010111001011100101110010
11100101110010111001011100101110
01011100101110010111001011100101
11001011100101110010111001011100
10111001011100101110010111001011
10010111001011100101110010111001
01110010111001011100101110010111
00101110010111001011100101110010
11100101110010111001011100101110
01011100101110010111001011100101
11001011100101110010111001011100
10111001011100101110010111001011
10010111001011100101110010111001
01110010111001011100101110010111
00101110010111001011100101110010
11100101110010111001011100101110
01011100101110010111001011100101
11001011100101110010111001011100
10111001011100101110010111001011
10010111001011100101110010111001
01110010111001011100101110010111
00101110010111001011100101110010
11100101110010111001011100101110
01011100101110010111001011100101
11001011100101110010111001011100
10111001011100101110010111001011
10010111001011100101110010111001
01110010111001011100101110010111
00101110010111001011100101110010
11100101110010111001011100101110
01011100101110010111001011100101
11001011100101110010111001011100
10111001011100101110010111001011
10010111001011100101110010111001
110010111001011100101110010111deg=4253
