mexp = 607
filename:sh.resD11n.607.magi03.070226.41.txt
POS1 = 1
SL1 = 28
SL2 = 3
SR1 = 5
SR2 = 16
MSK1 = ffdfd7fffefeffff
MSK2 = b9bcdfffffdffffc
deg poly = 607
----
11001001100111101100111011001011010001110100101010000101010000100010000111101000000110011001101010011110
01110011111000111100111001000111011000101011000100011111010111110110110010001001000101001011100101110011
11001110011100111100100000010110010111111110011000110000101000000000000100010110111000000100101100100111
00010110011000011110110001110100111011101001010100010110000111111111111010100010001111101001110111011101
01111101110110111110111100011101010011101011101010110001101001011001010101100001000011110010111000000101
10111000110110010001011100000010110100100000100111101011010110110011000001111001000001001111011010010001
01010010000000001000000001110100110111101001110000100100110000000001000100000001001100110010110001011110
11010111010100001010010001000001100011010101001000011111001111111110110010111111100011111111011000001110
10001111111000011001001010001111001111111111110001101100000111101010110100001100110111101001101001111101
00011101101100100101110010001100111101010100000011100100010000011110101000101101111000111110100101110100
00001001110101111101111111011100000101100011100001011100001001100101111100110100111011011011001110011111
00001101011011010111111000000110011010000000001101010101010111000000110111111111111001011010011010010011
00001010000101000100011110110000100101010111010101111100011110000111000110010000000101101000000100010110
00000011000110010110111100111001111110101001111100011001011001010000011101110010001001111100010110111001
00011110010001001100101110010100011110110000101000011010000001111011111110001110100000011111111110100011
10101100011000101010101011110100100001011010100111011100110000001011001110000000001100101010111111000101
00001101101110000111011110000011111000000111101000101001101110110011100001011111100010111011111111001001
dim kernel = 87
-----
11101010000111000000000000000000000000000000000000000000000000000000000000000000000000000000000000000001
01000001000100110000100000000000000000000000000000000000000000000000000000000000000000000000000000000010
11001001001010110000100000000000000000000000000000000000000000000000000000000000000000000000000000000100
10101011110111010000000000000000000000000000000000000000000000000000000000000000000000000000000000001000
01010110011111010000100000000000000000000000000000000000000000000000000000000000000000000000000000010000
10111011101000010000000000000000000000000000000000000000000000000000000000000000000000000000000000100000
10011000000001010000100000000000000000000000000000000000000000000000000000000000000000000000000001000000
01100010011110110000100000000000000000000000000000000000000000000000000000000000000000000000000010000000
01101111001011010000100000000000000000000000000000000000000000000000000000000000000000000000000100000000
11100010101011110000100000000000000000000000000000000000000000000000000000000000000000000000001000000000
00111001100110010000100000000000000000000000000000000000000000000000000000000000000000000000010000000000
10111000111110000000000000000000000000000000000000000000000000000000000000000000000000000000100000000000
11000111001001100000000000000000000000000000000000000000000000000000000000000000000000000001000000000000
10000111100110010000100000000000000000000000000000000000000000000000000000000000000000000010000000000000
10100100011000000000100000000000000000000000000000000000000000000000000000000000000000000100000000000000
01110001110100000000100000000000000000000000000000000000000000000000000000000000000000001000000000000000
01001100010011010000100000000000000000000000000000000000000000000000000000000000000000010000000000000000
01101100001111000000100000000000000000000000000000000000000000000000000000000000000000100000000000000000
00010011010101100000000000000000000000000000000000000000000000000000000000000000000001000000000000000000
00100101110000110000000000000000000000000000000000000000000000000000000000000000000010000000000000000000
11110010001010000000000000000000000000000000000000000000000000000000000000000000000100000000000000000000
01001001100011010000000000000000000000000000000000000000000000000000000000000000001000000000000000000000
01100110111011000000000000000000000000000000000000000000000000000000000000000000010000000000000000000000
00110111111011010000000000000000000000000000000000000000000000000000000000000000100000000000000000000000
11010010001110010000000000000000000000000000000000000000000000000000000000000001000000000000000000000000
01110000111010010000100000000000000000000000000000000000000000000000000000000010000000000000000000000000
00110111111011010000000000000000000000000000000000000000000000000000000000000100000000000000000000000000
01100010101100000000000000000000000000000000000000000000000000000000000000001000000000000000000000000000
10000101000011010000000000000000000000000000000000000000000000000000000000010000000000000000000000000000
10101000100001110000000000000000000000000000000000000000000000000000000000100000000000000000000000000000
00000000000010000000000000000000000000000000000000000000000000000000000001000000000000000000000000000000
01100110010101110000100000000000000000000000000000000000000000000000000010000000000000000000000000000000
01101000110000100000100000000000000000000000000000000000000000000000000100000000000000000000000000000000
10000000001101100000000000000000000000000000000000000000000000000000001000000000000000000000000000000000
11000111001011100000000000000000000000000000000000000000000000000000010000000000000000000000000000000000
00001101100100110000100000000000000000000000000000000000000000000000100000000000000000000000000000000000
00101010101110100000100000000000000000000000000000000000000000000001000000000000000000000000000000000000
00000001110100000000000000000000000000000000000000000000000000000010000000000000000000000000000000000000
00110111111000000000000000000000000000000000000000000000000000000100000000000000000000000000000000000000
01010001000010100000000000000000000000000000000000000000000000001000000000000000000000000000000000000000
00110111111011000000000000000000000000000000000000000000000000010000000000000000000000000000000000000000
11000111001001100000000000000000000000000000000000000000000000100000000000000000000000000000000000000000
11000111001011100000000000000000000000000000000000000000000001000000000000000000000000000000000000000000
11000111001000100000000000000000000000000000000000000000000010000000000000000000000000000000000000000000
11000111001000100000000000000000000000000000000000000000000100000000000000000000000000000000000000000000
11000111001000110000000000000000000000000000000000000000001000000000000000000000000000000000000000000000
11100001010011010000000000000000000000000000000000000000010000000000000000000000000000000000000000000000
10101111001010100000100000000000000000000000000000000000100000000000000000000000000000000000000000000000
11010100101111000000100000000000000000000000000000000001000000000000000000000000000000000000000000000000
11111101010100010000100000000000000000000000000000000010000000000000000000000000000000000000000000000000
11001001000000000000100000000000000000000000000000000100000000000000000000000000000000000000000000000000
11000011000111100000100000000000000000000000000000001000000000000000000000000000000000000000000000000000
01101010101100100000100000000000000000000000000000010000000000000000000000000000000000000000000000000000
00110101111011000000000000000000000000000000000000100000000000000000000000000000000000000000000000000000
00000000000001010000100000000000000000000000000001000000000000000000000000000000000000000000000000000000
11010101010000100000100000000000000000000000000010000000000000000000000000000000000000000000000000000000
10111011110100100000000000000000000000000000000100000000000000000000000000000000000000000000000000000000
11000111001001110000000000000000000000000000001000000000000000000000000000000000000000000000000000000000
10000111001010100000000000000000000000000000010000000000000000000000000000000000000000000000000000000000
10111000001011100000000000000000000000000000100000000000000000000000000000000000000000000000000000000000
00011101010111010000100000000000000000000001000000000000000000000000000000000000000000000000000000000000
01101111111110000000000000000000000000000010000000000000000000000000000000000000000000000000000000000000
00110111111010010000000000000000000000000100000000000000000000000000000000000000000000000000000000000000
00100010110011000000100000000000000000001000000000000000000000000000000000000000000000000000000000000000
11011101111101000000000000000000000000010000000000000000000000000000000000000000000000000000000000000000
00111001110100110000000000000000000000100000000000000000000000000000000000000000000000000000000000000000
11001001001010110000100000000000000001000000000000000000000000000000000000000000000000000000000000000000
00111001000110110000100000000000000010000000000000000000000000000000000000000000000000000000000000000000
10110000000001100000100000000000000100000000000000000000000000000000000000000000000000000000000000000000
01011000011100100000000000000000001000000000000000000000000000000000000000000000000000000000000000000000
00000111101100110000100000000000010000000000000000000000000000000000000000000000000000000000000000000000
00100110010000110000100000000000100000000000000000000000000000000000000000000000000000000000000000000000
00010010010011110000000000000001000000000000000000000000000000000000000000000000000000000000000000000000
11100010101100010000100000000010000000000000000000000000000000000000000000000000000000000000000000000000
10001010110111100000100000000100000000000000000000000000000000000000000000000000000000000000000000000000
11110000110010100000000000001000000000000000000000000000000000000000000000000000000000000000000000000000
01010110010101110000000000010000000000000000000000000000000000000000000000000000000000000000000000000000
01100001111100100000100000100000000000000000000000000000000000000000000000000000000000000000000000000000
00000011100110010000100001000000000000000000000000000000000000000000000000000000000000000000000000000000
00111010010110100000100010000000000000000000000000000000000000000000000000000000000000000000000000000000
00000000000011000000000100000000000000000000000000000000000000000000000000000000000000000000000000000000
11100111111010000000001000000000000000000000000000000000000000000000000000000000000000000000000000000000
00110111111010000000010000000000000000000000000000000000000000000000000000000000000000000000000000000000
11110000110000100001000000000000000000000000000000000000000000000000000000000000000000000000000000000000
01000011011100100010000000000000000000000000000000000000000000000000000000000000000000000000000000000000
11110000110001110100000000000000000000000000000000000000000000000000000000000000000000000000000000000000
10100110101011101000000000000000000000000000000000000000000000000000000000000000000000000000000000000000
parity check vector
p[0] = 0x0000000000000001
p[1] = 0x000ea1c000000000
