mexp = 607
filename:sh.resD11n.607.magi03.070226.19.txt
POS1 = 1
SL1 = 13
SL2 = 3
SR1 = 3
SR2 = 8
MSK1 = ff6bd2feddf7ffff
MSK2 = bbbff7ff3ffddfdf
deg poly = 607
----
01111010100001100100001011111001100010001001111011000101000110010100111100101010101101000111001100101100
10000101100000111000010000011101010100000100010011011001011010010010000111100111111100011110011001111100
01010111100000011101110101110000001010010001001010101000111000101010001001000101000010000000010101101000
11110000101001001011000000010011101000011000101110111111100000011111101101011001101111100100010001110000
10100000100101100001100111101011010111110000000000010001101001011110100111110011100110011001011111000111
11100100011101100110011001100111110001011111111011100110011111101001111011101000001001010000110100011100
11000111111001000010110111000101000111010001100011011010010111110010100001000001111111101100110000011100
00100010101101001001011010111011100000100010000000110011000011111111110111011100011000000000011101001100
10111000110101100001111010011010011001100001100101001100011000100110011001001000000111010010100111101010
01011010100100000000100110100111110110110000111000101010010010011011001010000110111100101101010111101100
10111100011111011000001010011101100100111100111011010111100001110011000000001110101101110001000011111111
10010100111011101001111111100101011001101001110011101001111111111010101000101000001000100000001011110101
00000110101001001101111101101001111000110001001001001101000100100110111101001101011101111001101101110011
01001000100110101000001111000011100111010000111100101111111100010001111011110010101000110011000111011100
11010000001111100101011001000110000010011111111111100000000100100101110111110110110010010100001101111001
10001010000010101110000000010010010111111101001111010001110111110100111011001111001001110001000100010100
00111010000101111011101111100011011011001111110110100100000111001100001010000110110111010110111011011001
dim kernel = 87
-----
00011001111110101000000000000000000000000000000000000000000000000000000000000000000000000000000000000001
01100100000110001001000000000000000000000000000000000000000000000000000000000000000000000000000000000010
10100001111000101001000000000000000000000000000000000000000000000000000000000000000000000000000000000100
11001111000000011001000000000000000000000000000000000000000000000000000000000000000000000000000000001000
00100010101000101001000000000000000000000000000000000000000000000000000000000000000000000000000000010000
11011100010010001001000000000000000000000000000000000000000000000000000000000000000000000000000000100000
11010101011110000001000000000000000000000000000000000000000000000000000000000000000000000000000001000000
01111010000100101000000000000000000000000000000000000000000000000000000000000000000000000000000010000000
01001111110100100000000000000000000000000000000000000000000000000000000000000000000000000000000100000000
11010001001010111001000000000000000000000000000000000000000000000000000000000000000000000000001000000000
01010100100000111001000000000000000000000000000000000000000000000000000000000000000000000000010000000000
00000011010100100000000000000000000000000000000000000000000000000000000000000000000000000000100000000000
01010101100000001000000000000000000000000000000000000000000000000000000000000000000000000001000000000000
00001111100110011000000000000000000000000000000000000000000000000000000000000000000000000010000000000000
10000000101010010000000000000000000000000000000000000000000000000000000000000000000000000100000000000000
11100000010010000001000000000000000000000000000000000000000000000000000000000000000000001000000000000000
10101101010110000000000000000000000000000000000000000000000000000000000000000000000000010000000000000000
01001101110000111000000000000000000000000000000000000000000000000000000000000000000000100000000000000000
11000110010010101000000000000000000000000000000000000000000000000000000000000000000001000000000000000000
10010101011100100000000000000000000000000000000000000000000000000000000000000000000010000000000000000000
00110001011000101001000000000000000000000000000000000000000000000000000000000000000100000000000000000000
10111010100110001000000000000000000000000000000000000000000000000000000000000000001000000000000000000000
11000010101000111001000000000000000000000000000000000000000000000000000000000000010000000000000000000000
00100110010010101001000000000000000000000000000000000000000000000000000000000000100000000000000000000000
00110111101110011000000000000000000000000000000000000000000000000000000000000001000000000000000000000000
01001100000110110001000000000000000000000000000000000000000000000000000000000010000000000000000000000000
10110000111110100001000000000000000000000000000000000000000000000000000000000100000000000000000000000000
01010111000100000001000000000000000000000000000000000000000000000000000000001000000000000000000000000000
00001101101000001000000000000000000000000000000000000000000000000000000000010000000000000000000000000000
00010100001100000000000000000000000000000000000000000000000000000000000000100000000000000000000000000000
10110101110010100001000000000000000000000000000000000000000000000000000001000000000000000000000000000000
11100101110110100000000000000000000000000000000000000000000000000000000010000000000000000000000000000000
10010000100000100000000000000000000000000000000000000000000000000000000100000000000000000000000000000000
10000011111100100000000000000000000000000000000000000000000000000000001000000000000000000000000000000000
00000101110100001000000000000000000000000000000000000000000000000000010000000000000000000000000000000000
10001010001010100001000000000000000000000000000000000000000000000000100000000000000000000000000000000000
10001001110100010001000000000000000000000000000000000000000000000001000000000000000000000000000000000000
01101000011100100000000000000000000000000000000000000000000000000010000000000000000000000000000000000000
01001100110100000001000000000000000000000000000000000000000000000100000000000000000000000000000000000000
00110101101110100001000000000000000000000000000000000000000000001000000000000000000000000000000000000000
01110111100110011000000000000000000000000000000000000000000000010000000000000000000000000000000000000000
00110101100000100001000000000000000000000000000000000000000000100000000000000000000000000000000000000000
01001100001010001001000000000000000000000000000000000000000001000000000000000000000000000000000000000000
10101000011000110001000000000000000000000000000000000000000010000000000000000000000000000000000000000000
00000010000110011001000000000000000000000000000000000000000100000000000000000000000000000000000000000000
10100111101000111001000000000000000000000000000000000000001000000000000000000000000000000000000000000000
00001001000000101001000000000000000000000000000000000000010000000000000000000000000000000000000000000000
10010100000100101000000000000000000000000000000000000000100000000000000000000000000000000000000000000000
10010000100010100000000000000000000000000000000000000001000000000000000000000000000000000000000000000000
01100100100110110000000000000000000000000000000000000010000000000000000000000000000000000000000000000000
00101100001100100001000000000000000000000000000000000100000000000000000000000000000000000000000000000000
01011001111100001000000000000000000000000000000000001000000000000000000000000000000000000000000000000000
01101100100100010000000000000000000000000000000000010000000000000000000000000000000000000000000000000000
11010000011100001000000000000000000000000000000000100000000000000000000000000000000000000000000000000000
10011010010100000000000000000000000000000000000001000000000000000000000000000000000000000000000000000000
10000110000110010000000000000000000000000000000010000000000000000000000000000000000000000000000000000000
01000001110010000001000000000000000000000000000100000000000000000000000000000000000000000000000000000000
01101000111010100001000000000000000000000000001000000000000000000000000000000000000000000000000000000000
10010110010100111001000000000000000000000000010000000000000000000000000000000000000000000000000000000000
10001111001100100001000000000000000000000000100000000000000000000000000000000000000000000000000000000000
10011010010100010000000000000000000000000001000000000000000000000000000000000000000000000000000000000000
01000100101000000001000000000000000000000010000000000000000000000000000000000000000000000000000000000000
10100000100110001000000000000000000000000100000000000000000000000000000000000000000000000000000000000000
10000111000110010000000000000000000000001000000000000000000000000000000000000000000000000000000000000000
10011110011000101001000000000000000000010000000000000000000000000000000000000000000000000000000000000000
00111011101110101001000000000000000000100000000000000000000000000000000000000000000000000000000000000000
00100100000000100001000000000000000001000000000000000000000000000000000000000000000000000000000000000000
11011011111000010001000000000000000010000000000000000000000000000000000000000000000000000000000000000000
00001111000110010000000000000000000100000000000000000000000000000000000000000000000000000000000000000000
10001101100010011000000000000000001000000000000000000000000000000000000000000000000000000000000000000000
11110100010100111001000000000000010000000000000000000000000000000000000000000000000000000000000000000000
11110110011000101001000000000000100000000000000000000000000000000000000000000000000000000000000000000000
11110111000000101000000000000001000000000000000000000000000000000000000000000000000000000000000000000000
11000100001000101001000000000010000000000000000000000000000000000000000000000000000000000000000000000000
11111111101000001001000000000100000000000000000000000000000000000000000000000000000000000000000000000000
00111010001100111000000000001000000000000000000000000000000000000000000000000000000000000000000000000000
11111101011100110000000000010000000000000000000000000000000000000000000000000000000000000000000000000000
11100000110100011001000000100000000000000000000000000000000000000000000000000000000000000000000000000000
00010001000110001000000001000000000000000000000000000000000000000000000000000000000000000000000000000000
11010100110000001001000010000000000000000000000000000000000000000000000000000000000000000000000000000000
00011000010100011000000100000000000000000000000000000000000000000000000000000000000000000000000000000000
10000000010010111000001000000000000000000000000000000000000000000000000000000000000000000000000000000000
01000110110110111001010000000000000000000000000000000000000000000000000000000000000000000000000000000000
01110001111000000001100000000000000000000000000000000000000000000000000000000000000000000000000000000000
01101100010000111010000000000000000000000000000000000000000000000000000000000000000000000000000000000000
00001010111110010100000000000000000000000000000000000000000000000000000000000000000000000000000000000000
11110111110001000000000000000000000000000000000000000000000000000000000000000000000000000000000000000000
parity check vector
p[0] = 0x0000000000000001
p[1] = 0x00019fa800000000
