mexp = 607
filename:sh.resD11n.607.magi03.070226.36.txt
POS1 = 1
SL1 = 29
SL2 = 1
SR1 = 3
SR2 = 16
MSK1 = 3ff7fffffff5fbff
MSK2 = ffff7fffffefffff
deg poly = 607
----
00101010011010110110000111101011111110110101001101101010110001111001101010000000111011100000000011100100
00000000110100100011001010011101011010110110001100110111001010001100111010000110110011110100111100010101
11011101110000100110101000100010111111001001101101111111100000011100100010100010110100000010100100111110
00011011011000010000001011101110011111100101010001000100101010110110100010100010001111011100000111000111
01101010000111111111101010110011000100001010101101011001111000011000100110010011100001000000011110011110
11000001111111000111010001010110111000001010101110011111111000100010101111010001101011100011010100010101
10010011010101110100011110100010110111111010101001000110100111111011100001100010101101000000110101010010
00000011100010100100011111111101011110010110110001011000000001100011111111001000101110111000111000111101
01000000001001011000010001111100100111011110111000101011111000001111001000110001010011010010111010001011
00001000110011001110010100000111111010111001010001101101100100101101001000001101111000001111011010111100
10001110101010001011110010111111010110100001010110101101100110010110000101101010101100000011111100110001
10011010111001010101010010110010111000000000110011100000100111111010001111111101000001001100011110000100
11110001001001100010011010000100110001011101100000111000110000111001000100100001010011000010010101010100
00110011110001101110101000110101110000000111011111010110000010010011101100011010011011001111110111010110
01110000111100111101100101001101110000101011111111011110010110111011011111100001010100001010010111011100
00110001000001011111000010110011011010101110000101001010100110101011001110011011001010101010010111100111
11010101000010011011001011001010100001010101010101001011100000001001101001111110110010000100010011111100
dim kernel = 87
-----
01001001010000000000000000000000000000000000000000000000000000000000000000000000000000000000000000000001
10100001011010000001000000000000000000000000000000000000000000000000000000000000000000000000000000000010
11101011100001000000000000000000000000000000000000000000000000000000000000000000000000000000000000000100
00001101100000101000000000000000000000000000000000000000000000000000000000000000000000000000000000001000
01111011011110000001000000000000000000000000000000000000000000000000000000000000000000000000000000010000
00011010001011100001000000000000000000000000000000000000000000000000000000000000000000000000000000100000
10001100000011101001000000000000000000000000000000000000000000000000000000000000000000000000000001000000
00000001000000101001000000000000000000000000000000000000000000000000000000000000000000000000000010000000
10111010000010000001000000000000000000000000000000000000000000000000000000000000000000000000000100000000
00010111101001001000000000000000000000000000000000000000000000000000000000000000000000000000001000000000
11101111101000001000000000000000000000000000000000000000000000000000000000000000000000000000010000000000
00101001011001001000000000000000000000000000000000000000000000000000000000000000000000000000100000000000
10100100100101101001000000000000000000000000000000000000000000000000000000000000000000000001000000000000
10100100100011000001000000000000000000000000000000000000000000000000000000000000000000000010000000000000
01000011010111100000000000000000000000000000000000000000000000000000000000000000000000000100000000000000
01001101001001001000000000000000000000000000000000000000000000000000000000000000000000001000000000000000
11001100000110000000000000000000000000000000000000000000000000000000000000000000000000010000000000000000
10111001001001000001000000000000000000000000000000000000000000000000000000000000000000100000000000000000
01101100111001100000000000000000000000000000000000000000000000000000000000000000000001000000000000000000
01001001101110001001000000000000000000000000000000000000000000000000000000000000000010000000000000000000
10001001001001000000000000000000000000000000000000000000000000000000000000000000000100000000000000000000
01000101100010001001000000000000000000000000000000000000000000000000000000000000001000000000000000000000
10100011100110001001000000000000000000000000000000000000000000000000000000000000010000000000000000000000
11111111100001000000000000000000000000000000000000000000000000000000000000000000100000000000000000000000
00100010001011001000000000000000000000000000000000000000000000000000000000000001000000000000000000000000
11001010001011001001000000000000000000000000000000000000000000000000000000000010000000000000000000000000
00001100010111101000000000000000000000000000000000000000000000000000000000000100000000000000000000000000
11010000010011000001000000000000000000000000000000000000000000000000000000001000000000000000000000000000
11100111000100000001000000000000000000000000000000000000000000000000000000010000000000000000000000000000
00011001011001101000000000000000000000000000000000000000000000000000000000100000000000000000000000000000
11100001010000001001000000000000000000000000000000000000000000000000000001000000000000000000000000000000
01110100111000000001000000000000000000000000000000000000000000000000000010000000000000000000000000000000
00111100100001001001000000000000000000000000000000000000000000000000000100000000000000000000000000000000
00001100010101100000000000000000000000000000000000000000000000000000001000000000000000000000000000000000
00110001111110001000000000000000000000000000000000000000000000000000010000000000000000000000000000000000
00100110111110001000000000000000000000000000000000000000000000000000100000000000000000000000000000000000
10000011100110101001000000000000000000000000000000000000000000000001000000000000000000000000000000000000
00101111000101100000000000000000000000000000000000000000000000000010000000000000000000000000000000000000
11100000010101001001000000000000000000000000000000000000000000000100000000000000000000000000000000000000
00110000101001101001000000000000000000000000000000000000000000001000000000000000000000000000000000000000
01100011010000001001000000000000000000000000000000000000000000010000000000000000000000000000000000000000
11011001000110101000000000000000000000000000000000000000000000100000000000000000000000000000000000000000
00001000001000101001000000000000000000000000000000000000000001000000000000000000000000000000000000000000
10011110111001000001000000000000000000000000000000000000000010000000000000000000000000000000000000000000
00010010011010001001000000000000000000000000000000000000000100000000000000000000000000000000000000000000
11010011111011000001000000000000000000000000000000000000001000000000000000000000000000000000000000000000
00010011110111000001000000000000000000000000000000000000010000000000000000000000000000000000000000000000
01000010111001000000000000000000000000000000000000000000100000000000000000000000000000000000000000000000
00000110110000001001000000000000000000000000000000000001000000000000000000000000000000000000000000000000
00011111100010001000000000000000000000000000000000000010000000000000000000000000000000000000000000000000
00011000001011100000000000000000000000000000000000000100000000000000000000000000000000000000000000000000
00000000000100101000000000000000000000000000000000001000000000000000000000000000000000000000000000000000
01000011011110000001000000000000000000000000000000010000000000000000000000000000000000000000000000000000
00111110010000101001000000000000000000000000000000100000000000000000000000000000000000000000000000000000
00101011111110101000000000000000000000000000000001000000000000000000000000000000000000000000000000000000
01111001001111001001000000000000000000000000000010000000000000000000000000000000000000000000000000000000
11001010011000100001000000000000000000000000000100000000000000000000000000000000000000000000000000000000
00111011000101000000000000000000000000000000001000000000000000000000000000000000000000000000000000000000
10010010010011100000000000000000000000000000010000000000000000000000000000000000000000000000000000000000
11000001101000101000000000000000000000000000100000000000000000000000000000000000000000000000000000000000
01010001110100001001000000000000000000000001000000000000000000000000000000000000000000000000000000000000
00110111001001101000000000000000000000000010000000000000000000000000000000000000000000000000000000000000
00101101001111101001000000000000000000000100000000000000000000000000000000000000000000000000000000000000
10011001110111100000000000000000000000001000000000000000000000000000000000000000000000000000000000000000
00111011100000001000000000000000000000010000000000000000000000000000000000000000000000000000000000000000
01000110100110101000000000000000000000100000000000000000000000000000000000000000000000000000000000000000
01010010101100001000000000000000000001000000000000000000000000000000000000000000000000000000000000000000
00011000001001101000000000000000000010000000000000000000000000000000000000000000000000000000000000000000
01111111010101101001000000000000000100000000000000000000000000000000000000000000000000000000000000000000
11111101111001101000000000000000001000000000000000000000000000000000000000000000000000000000000000000000
00000000110110100001000000000000010000000000000000000000000000000000000000000000000000000000000000000000
10101101011111001000000000000000100000000000000000000000000000000000000000000000000000000000000000000000
01011100111101001000000000000001000000000000000000000000000000000000000000000000000000000000000000000000
01111101000110001001000000000010000000000000000000000000000000000000000000000000000000000000000000000000
10110011111111101001000000000100000000000000000000000000000000000000000000000000000000000000000000000000
01000001111111000000000000001000000000000000000000000000000000000000000000000000000000000000000000000000
01010010111011000001000000010000000000000000000000000000000000000000000000000000000000000000000000000000
11011001011010101000000000100000000000000000000000000000000000000000000000000000000000000000000000000000
01110000100010100000000001000000000000000000000000000000000000000000000000000000000000000000000000000000
11100001000010101000000010000000000000000000000000000000000000000000000000000000000000000000000000000000
11010101100010001001000100000000000000000000000000000000000000000000000000000000000000000000000000000000
11001010101101101000001000000000000000000000000000000000000000000000000000000000000000000000000000000000
11001100110001001000010000000000000000000000000000000000000000000000000000000000000000000000000000000000
10010011010010100000100000000000000000000000000000000000000000000000000000000000000000000000000000000000
11011001010100101010000000000000000000000000000000000000000000000000000000000000000000000000000000000000
11010110011100000100000000000000000000000000000000000000000000000000000000000000000000000000000000000000
10110001001100110000000000000000000000000000000000000000000000000000000000000000000000000000000000000000
parity check vector
p[0] = 0x0000000000000001
p[1] = 0x0004940000000000
