mexp = 2281
filename:sh.resD11n.2281.magi03.070226.83.txt
POS1 = 14
SL1 = 31
SL2 = 1
SR1 = 3
SR2 = 8
MSK1 = fe9fe9ffe7bffdfd
MSK2 = f77fdfdff7ffffff
deg poly = 2281
----
00010110000100110001111001011100100001110000110001011101101011101100000111010010110011100101001010101000
11110011000001111111010100100001101111111101010001011101011101101011011100001000100011111001010101110101
10111111001100100110101100101111100100110110000100100110011100011000000001001101011010100101010111101001
11011001101110100111101100010111010001111010100001111010000010000100101101000010010101110001010000001001
10010000110100101000000011000000001011000010000011101110011110010100011110101011000011010011010011011010
00010100101100001111100000011011011010110100011010011010001000110010111111100010100111010111100000011101
01000001101101001010011010110010001000100101000011110101110011110110101000101101100101101100100010111110
dim kernel = 97
-----
00001110000000000000000000000000000000000000000000000000000000000000000000000000000000000000000000000001
01010100000000000000000000000000000000000000000000000000000000000000000000000000000000000000000000000010
01101110000000000000000000000000000000000000000000000000000000000000000000000000000000000000000000000100
11001100000000000000000000000000000000000000000000000000000000000000000000000000000000000000000000001000
01010010000000000000000000000000000000000000000000000000000000000000000000000000000000000000000000010000
01101010000000000000000000000000000000000000000000000000000000000000000000000000000000000000000000100000
00011100000000000000000000000000000000000000000000000000000000000000000000000000000000000000000001000000
11100010000000000000000000000000000000000000000000000000000000000000000000000000000000000000000010000000
00100000000000000000000000000000000000000000000000000000000000000000000000000000000000000000000100000000
00100010000000000000000000000000000000000000000000000000000000000000000000000000000000000000001000000000
10000000000000000000000000000000000000000000000000000000000000000000000000000000000000000000010000000000
11011010000000000000000000000000000000000000000000000000000000000000000000000000000000000000100000000000
00010000000000000000000000000000000000000000000000000000000000000000000000000000000000000001000000000000
10001110000000000000000000000000000000000000000000000000000000000000000000000000000000000010000000000000
01101100000000000000000000000000000000000000000000000000000000000000000000000000000000000100000000000000
11011100000000000000000000000000000000000000000000000000000000000000000000000000000000001000000000000000
10100110000000000000000000000000000000000000000000000000000000000000000000000000000000010000000000000000
11110110000000000000000000000000000000000000000000000000000000000000000000000000000000100000000000000000
11101100000000000000000000000000000000000000000000000000000000000000000000000000000001000000000000000000
10001100000000000000000000000000000000000000000000000000000000000000000000000000000010000000000000000000
01000110000000000000000000000000000000000000000000000000000000000000000000000000000100000000000000000000
10010100000000000000000000000000000000000000000000000000000000000000000000000000001000000000000000000000
00101010000000000000000000000000000000000000000000000000000000000000000000000000010000000000000000000000
01001100000000000000000000000000000000000000000000000000000000000000000000000000100000000000000000000000
11000000000000000000000000000000000000000000000000000000000000000000000000000001000000000000000000000000
00110000000000000000000000000000000000000000000000000000000000000000000000000010000000000000000000000000
11111100000000000000000000000000000000000000000000000000000000000000000000000100000000000000000000000000
01110100000000000000000000000000000000000000000000000000000000000000000000001000000000000000000000000000
00100010000000000000000000000000000000000000000000000000000000000000000000010000000000000000000000000000
11100110000000000000000000000000000000000000000000000000000000000000000000100000000000000000000000000000
10011000000000000000000000000000000000000000000000000000000000000000000001000000000000000000000000000000
10101100000000000000000000000000000000000000000000000000000000000000000010000000000000000000000000000000
10000100000000000000000000000000000000000000000000000000000000000000000100000000000000000000000000000000
11001110000000000000000000000000000000000000000000000000000000000000001000000000000000000000000000000000
00111010000000000000000000000000000000000000000000000000000000000000010000000000000000000000000000000000
01000110000000000000000000000000000000000000000000000000000000000000100000000000000000000000000000000000
10110100000000000000000000000000000000000000000000000000000000000001000000000000000000000000000000000000
01101110000000000000000000000000000000000000000000000000000000000010000000000000000000000000000000000000
11101010000000000000000000000000000000000000000000000000000000000100000000000000000000000000000000000000
00000010000000000000000000000000000000000000000000000000000000001000000000000000000000000000000000000000
01110010000000000000000000000000000000000000000000000000000000010000000000000000000000000000000000000000
01001100000000000000000000000000000000000000000000000000000000100000000000000000000000000000000000000000
11111110000000000000000000000000000000000000000000000000000001000000000000000000000000000000000000000000
11101010000000000000000000000000000000000000000000000000000010000000000000000000000000000000000000000000
00011100000000000000000000000000000000000000000000000000000100000000000000000000000000000000000000000000
10001100000000000000000000000000000000000000000000000000001000000000000000000000000000000000000000000000
01110100000000000000000000000000000000000000000000000000010000000000000000000000000000000000000000000000
01001010000000000000000000000000000000000000000000000000100000000000000000000000000000000000000000000000
11111110000000000000000000000000000000000000000000000001000000000000000000000000000000000000000000000000
10000110000000000000000000000000000000000000000000000010000000000000000000000000000000000000000000000000
01010110000000000000000000000000000000000000000000000100000000000000000000000000000000000000000000000000
10000100000000000000000000000000000000000000000000001000000000000000000000000000000000000000000000000000
11010000000000000000000000000000000000000000000000010000000000000000000000000000000000000000000000000000
01011100000000000000000000000000000000000000000000100000000000000000000000000000000000000000000000000000
01011110000000000000000000000000000000000000000001000000000000000000000000000000000000000000000000000000
11100110000000000000000000000000000000000000000010000000000000000000000000000000000000000000000000000000
10010100000000000000000000000000000000000000000100000000000000000000000000000000000000000000000000000000
10110010000000000000000000000000000000000000001000000000000000000000000000000000000000000000000000000000
00100100000000000000000000000000000000000000010000000000000000000000000000000000000000000000000000000000
10111110000000000000000000000000000000000000100000000000000000000000000000000000000000000000000000000000
11011100000000000000000000000000000000000001000000000000000000000000000000000000000000000000000000000000
00110100000000000000000000000000000000000010000000000000000000000000000000000000000000000000000000000000
11111010000000000000000000000000000000000100000000000000000000000000000000000000000000000000000000000000
00101000000000000000000000000000000000001000000000000000000000000000000000000000000000000000000000000000
00101100000000000000000000000000000000010000000000000000000000000000000000000000000000000000000000000000
01000100000000000000000000000000000000100000000000000000000000000000000000000000000000000000000000000000
00110110000000000000000000000000000001000000000000000000000000000000000000000000000000000000000000000000
00111010000000000000000000000000000010000000000000000000000000000000000000000000000000000000000000000000
00100000000000000000000000000000000100000000000000000000000000000000000000000000000000000000000000000000
01010010000000000000000000000000001000000000000000000000000000000000000000000000000000000000000000000000
00101110000000000000000000000000010000000000000000000000000000000000000000000000000000000000000000000000
00000010000000000000000000000000100000000000000000000000000000000000000000000000000000000000000000000000
00001110000000000000000000000001000000000000000000000000000000000000000000000000000000000000000000000000
11010010000000000000000000000010000000000000000000000000000000000000000000000000000000000000000000000000
00101010000000000000000000000100000000000000000000000000000000000000000000000000000000000000000000000000
00000100000000000000000000001000000000000000000000000000000000000000000000000000000000000000000000000000
01100100000000000000000000010000000000000000000000000000000000000000000000000000000000000000000000000000
01001000000000000000000000100000000000000000000000000000000000000000000000000000000000000000000000000000
00011110000000000000000001000000000000000000000000000000000000000000000000000000000000000000000000000000
01010100000000000000000010000000000000000000000000000000000000000000000000000000000000000000000000000000
10111100000000000000000100000000000000000000000000000000000000000000000000000000000000000000000000000000
01000010000000000000001000000000000000000000000000000000000000000000000000000000000000000000000000000000
11111110000000000000010000000000000000000000000000000000000000000000000000000000000000000000000000000000
10011000000000000000100000000000000000000000000000000000000000000000000000000000000000000000000000000000
10111000000000000001000000000000000000000000000000000000000000000000000000000000000000000000000000000000
01100110000000000010000000000000000000000000000000000000000000000000000000000000000000000000000000000000
00001110000000000100000000000000000000000000000000000000000000000000000000000000000000000000000000000000
01010010000000001000000000000000000000000000000000000000000000000000000000000000000000000000000000000000
10010110000000010000000000000000000000000000000000000000000000000000000000000000000000000000000000000000
10100010000000100000000000000000000000000000000000000000000000000000000000000000000000000000000000000000
11011100000001000000000000000000000000000000000000000000000000000000000000000000000000000000000000000000
10011100000010000000000000000000000000000000000000000000000000000000000000000000000000000000000000000000
11001100000100000000000000000000000000000000000000000000000000000000000000000000000000000000000000000000
11010010001000000000000000000000000000000000000000000000000000000000000000000000000000000000000000000000
00111100010000000000000000000000000000000000000000000000000000000000000000000000000000000000000000000000
01111010100000000000000000000000000000000000000000000000000000000000000000000000000000000000000000000000
11010101000000000000000000000000000000000000000000000000000000000000000000000000000000000000000000000000
parity check vector
p[0] = 0x0000000000000001
p[1] = 0x0000e00000000000
