mexp = 2281
filename:sh.resD11n.2281.magi03.070226.97.txt
POS1 = 17
SL1 = 7
SL2 = 3
SR1 = 6
SR2 = 16
MSK1 = ffb99fffffffffff
MSK2 = d3ddfffbeffdfdeb
deg poly = 2281
----
01010011011011010000100001000111100101111011011111110111101100100100001101101011101000100111001110011010
00001000110101001011010101100010101111111001101000010100100101100110010111010101110100011001100111011111
11001101000001011000001100000011010110010010110111011010010101111101000110010111011011100111111100110101
00010000111101010011100111010011001011010001011101000001101001011111101101100010110101000110011011010110
10110100010101001001100101011110111111011001111000110101000010000111011111001111110101101010001010111110
10001101001101010011110101111001100000110010111101110110100011010010011100000000100001011001010110110011
11110011001100001001101111001100110110010101011000001100010100111010010100000011001010000100001000111001
dim kernel = 97
-----
10001100000000000000000000000000000000000000000000000000000000000000000000000000000000000000000000000001
11011110000000000000000000000000000000000000000000000000000000000000000000000000000000000000000000000010
11111000000000000000000000000000000000000000000000000000000000000000000000000000000000000000000000000100
00001110000000000000000000000000000000000000000000000000000000000000000000000000000000000000000000001000
00011000000000000000000000000000000000000000000000000000000000000000000000000000000000000000000000010000
10000000000000000000000000000000000000000000000000000000000000000000000000000000000000000000000000100000
00011110000000000000000000000000000000000000000000000000000000000000000000000000000000000000000001000000
11011110000000000000000000000000000000000000000000000000000000000000000000000000000000000000000010000000
10001110000000000000000000000000000000000000000000000000000000000000000000000000000000000000000100000000
01010010000000000000000000000000000000000000000000000000000000000000000000000000000000000000001000000000
00010110000000000000000000000000000000000000000000000000000000000000000000000000000000000000010000000000
11101010000000000000000000000000000000000000000000000000000000000000000000000000000000000000100000000000
10001110000000000000000000000000000000000000000000000000000000000000000000000000000000000001000000000000
11010110000000000000000000000000000000000000000000000000000000000000000000000000000000000010000000000000
11110110000000000000000000000000000000000000000000000000000000000000000000000000000000000100000000000000
11101110000000000000000000000000000000000000000000000000000000000000000000000000000000001000000000000000
01001010000000000000000000000000000000000000000000000000000000000000000000000000000000010000000000000000
01100000000000000000000000000000000000000000000000000000000000000000000000000000000000100000000000000000
10110010000000000000000000000000000000000000000000000000000000000000000000000000000001000000000000000000
11000110000000000000000000000000000000000000000000000000000000000000000000000000000010000000000000000000
10111010000000000000000000000000000000000000000000000000000000000000000000000000000100000000000000000000
01000000000000000000000000000000000000000000000000000000000000000000000000000000001000000000000000000000
11111000000000000000000000000000000000000000000000000000000000000000000000000000010000000000000000000000
11011110000000000000000000000000000000000000000000000000000000000000000000000000100000000000000000000000
01001100000000000000000000000000000000000000000000000000000000000000000000000001000000000000000000000000
01010010000000000000000000000000000000000000000000000000000000000000000000000010000000000000000000000000
01001110000000000000000000000000000000000000000000000000000000000000000000000100000000000000000000000000
00100010000000000000000000000000000000000000000000000000000000000000000000001000000000000000000000000000
11101010000000000000000000000000000000000000000000000000000000000000000000010000000000000000000000000000
00110000000000000000000000000000000000000000000000000000000000000000000000100000000000000000000000000000
00111100000000000000000000000000000000000000000000000000000000000000000001000000000000000000000000000000
01001110000000000000000000000000000000000000000000000000000000000000000010000000000000000000000000000000
00011000000000000000000000000000000000000000000000000000000000000000000100000000000000000000000000000000
01110110000000000000000000000000000000000000000000000000000000000000001000000000000000000000000000000000
01101010000000000000000000000000000000000000000000000000000000000000010000000000000000000000000000000000
10110110000000000000000000000000000000000000000000000000000000000000100000000000000000000000000000000000
01010000000000000000000000000000000000000000000000000000000000000001000000000000000000000000000000000000
11011100000000000000000000000000000000000000000000000000000000000010000000000000000000000000000000000000
01111110000000000000000000000000000000000000000000000000000000000100000000000000000000000000000000000000
01110000000000000000000000000000000000000000000000000000000000001000000000000000000000000000000000000000
10010010000000000000000000000000000000000000000000000000000000010000000000000000000000000000000000000000
11101000000000000000000000000000000000000000000000000000000000100000000000000000000000000000000000000000
10111110000000000000000000000000000000000000000000000000000001000000000000000000000000000000000000000000
01000110000000000000000000000000000000000000000000000000000010000000000000000000000000000000000000000000
11101000000000000000000000000000000000000000000000000000000100000000000000000000000000000000000000000000
00110000000000000000000000000000000000000000000000000000001000000000000000000000000000000000000000000000
11000110000000000000000000000000000000000000000000000000010000000000000000000000000000000000000000000000
01111010000000000000000000000000000000000000000000000000100000000000000000000000000000000000000000000000
10010100000000000000000000000000000000000000000000000001000000000000000000000000000000000000000000000000
00100110000000000000000000000000000000000000000000000010000000000000000000000000000000000000000000000000
11101100000000000000000000000000000000000000000000000100000000000000000000000000000000000000000000000000
11000110000000000000000000000000000000000000000000001000000000000000000000000000000000000000000000000000
00101010000000000000000000000000000000000000000000010000000000000000000000000000000000000000000000000000
11000000000000000000000000000000000000000000000000100000000000000000000000000000000000000000000000000000
10010000000000000000000000000000000000000000000001000000000000000000000000000000000000000000000000000000
11000100000000000000000000000000000000000000000010000000000000000000000000000000000000000000000000000000
10010000000000000000000000000000000000000000000100000000000000000000000000000000000000000000000000000000
01011010000000000000000000000000000000000000001000000000000000000000000000000000000000000000000000000000
10110000000000000000000000000000000000000000010000000000000000000000000000000000000000000000000000000000
10101100000000000000000000000000000000000000100000000000000000000000000000000000000000000000000000000000
10111000000000000000000000000000000000000001000000000000000000000000000000000000000000000000000000000000
00100110000000000000000000000000000000000010000000000000000000000000000000000000000000000000000000000000
10000100000000000000000000000000000000000100000000000000000000000000000000000000000000000000000000000000
10001010000000000000000000000000000000001000000000000000000000000000000000000000000000000000000000000000
00011000000000000000000000000000000000010000000000000000000000000000000000000000000000000000000000000000
11001100000000000000000000000000000000100000000000000000000000000000000000000000000000000000000000000000
00111100000000000000000000000000000001000000000000000000000000000000000000000000000000000000000000000000
01111100000000000000000000000000000010000000000000000000000000000000000000000000000000000000000000000000
01001100000000000000000000000000000100000000000000000000000000000000000000000000000000000000000000000000
10111010000000000000000000000000001000000000000000000000000000000000000000000000000000000000000000000000
01100010000000000000000000000000010000000000000000000000000000000000000000000000000000000000000000000000
11101100000000000000000000000000100000000000000000000000000000000000000000000000000000000000000000000000
10010000000000000000000000000001000000000000000000000000000000000000000000000000000000000000000000000000
01111110000000000000000000000010000000000000000000000000000000000000000000000000000000000000000000000000
10100110000000000000000000000100000000000000000000000000000000000000000000000000000000000000000000000000
11000010000000000000000000001000000000000000000000000000000000000000000000000000000000000000000000000000
11110000000000000000000000010000000000000000000000000000000000000000000000000000000000000000000000000000
01001010000000000000000000100000000000000000000000000000000000000000000000000000000000000000000000000000
01011010000000000000000001000000000000000000000000000000000000000000000000000000000000000000000000000000
00110010000000000000000010000000000000000000000000000000000000000000000000000000000000000000000000000000
10011110000000000000000100000000000000000000000000000000000000000000000000000000000000000000000000000000
11000110000000000000001000000000000000000000000000000000000000000000000000000000000000000000000000000000
01001010000000000000010000000000000000000000000000000000000000000000000000000000000000000000000000000000
11110010000000000000100000000000000000000000000000000000000000000000000000000000000000000000000000000000
11011100000000000001000000000000000000000000000000000000000000000000000000000000000000000000000000000000
11111100000000000010000000000000000000000000000000000000000000000000000000000000000000000000000000000000
00000000000000000100000000000000000000000000000000000000000000000000000000000000000000000000000000000000
11001010000000001000000000000000000000000000000000000000000000000000000000000000000000000000000000000000
10010000000000010000000000000000000000000000000000000000000000000000000000000000000000000000000000000000
00000000000000100000000000000000000000000000000000000000000000000000000000000000000000000000000000000000
10011100000001000000000000000000000000000000000000000000000000000000000000000000000000000000000000000000
10000110000010000000000000000000000000000000000000000000000000000000000000000000000000000000000000000000
11011100000100000000000000000000000000000000000000000000000000000000000000000000000000000000000000000000
01010110001000000000000000000000000000000000000000000000000000000000000000000000000000000000000000000000
00111100010000000000000000000000000000000000000000000000000000000000000000000000000000000000000000000000
00011110100000000000000000000000000000000000000000000000000000000000000000000000000000000000000000000000
10100011000000000000000000000000000000000000000000000000000000000000000000000000000000000000000000000000
parity check vector
p[0] = 0x0000000000000001
p[1] = 0x0008c00000000000
