mexp = 2281
filename:sh.resD11n.2281.magi03.070226.24.txt
POS1 = 8
SL1 = 44
SL2 = 3
SR1 = 5
SR2 = 16
MSK1 = e7eff7bfffffefff
MSK2 = f7fbfef1f5fffe2b
deg poly = 2281
----
01000011001100101001010001110010011111010110100010010011000101000101011000010010001111001100001011111011
11000101110110110110101111010011001101010000100011111110000111000101000110010010100001101001110101001111
01100110100001010010111000110101010101010111110111110100100001000101111011001001110100001011100100100111
11010110101000101110111011101001110011101110101011001100000001010111000110001110101011111010001100110001
11010100111001001011011100110111111110111101001111000100110100001110111000001100010011000011100001011000
11100101110110111000011001010000110100010110001110001011000010101011101001101000100011111101101100010111
00011000001010110100010101001111110111011000011110011010010101101100011011000100110011000111110100110111
dim kernel = 97
-----
10010010000000000000000000000000000000000000000000000000000000000000000000000000000000000000000000000001
01010000000000000000000000000000000000000000000000000000000000000000000000000000000000000000000000000010
00010100000000000000000000000000000000000000000000000000000000000000000000000000000000000000000000000100
10100010000000000000000000000000000000000000000000000000000000000000000000000000000000000000000000001000
11110000000000000000000000000000000000000000000000000000000000000000000000000000000000000000000000010000
00001010000000000000000000000000000000000000000000000000000000000000000000000000000000000000000000100000
10100010000000000000000000000000000000000000000000000000000000000000000000000000000000000000000001000000
01000100000000000000000000000000000000000000000000000000000000000000000000000000000000000000000010000000
11010110000000000000000000000000000000000000000000000000000000000000000000000000000000000000000100000000
00100010000000000000000000000000000000000000000000000000000000000000000000000000000000000000001000000000
00110100000000000000000000000000000000000000000000000000000000000000000000000000000000000000010000000000
11001110000000000000000000000000000000000000000000000000000000000000000000000000000000000000100000000000
11001110000000000000000000000000000000000000000000000000000000000000000000000000000000000001000000000000
10010100000000000000000000000000000000000000000000000000000000000000000000000000000000000010000000000000
11101000000000000000000000000000000000000000000000000000000000000000000000000000000000000100000000000000
10011010000000000000000000000000000000000000000000000000000000000000000000000000000000001000000000000000
01100110000000000000000000000000000000000000000000000000000000000000000000000000000000010000000000000000
01011010000000000000000000000000000000000000000000000000000000000000000000000000000000100000000000000000
11001100000000000000000000000000000000000000000000000000000000000000000000000000000001000000000000000000
11110000000000000000000000000000000000000000000000000000000000000000000000000000000010000000000000000000
11000000000000000000000000000000000000000000000000000000000000000000000000000000000100000000000000000000
10000110000000000000000000000000000000000000000000000000000000000000000000000000001000000000000000000000
01010110000000000000000000000000000000000000000000000000000000000000000000000000010000000000000000000000
11010110000000000000000000000000000000000000000000000000000000000000000000000000100000000000000000000000
10000100000000000000000000000000000000000000000000000000000000000000000000000001000000000000000000000000
10111010000000000000000000000000000000000000000000000000000000000000000000000010000000000000000000000000
00010000000000000000000000000000000000000000000000000000000000000000000000000100000000000000000000000000
00111000000000000000000000000000000000000000000000000000000000000000000000001000000000000000000000000000
01111000000000000000000000000000000000000000000000000000000000000000000000010000000000000000000000000000
10100100000000000000000000000000000000000000000000000000000000000000000000100000000000000000000000000000
00101000000000000000000000000000000000000000000000000000000000000000000001000000000000000000000000000000
01110010000000000000000000000000000000000000000000000000000000000000000010000000000000000000000000000000
11111110000000000000000000000000000000000000000000000000000000000000000100000000000000000000000000000000
10110110000000000000000000000000000000000000000000000000000000000000001000000000000000000000000000000000
00010010000000000000000000000000000000000000000000000000000000000000010000000000000000000000000000000000
11111010000000000000000000000000000000000000000000000000000000000000100000000000000000000000000000000000
10011010000000000000000000000000000000000000000000000000000000000001000000000000000000000000000000000000
10111100000000000000000000000000000000000000000000000000000000000010000000000000000000000000000000000000
11101100000000000000000000000000000000000000000000000000000000000100000000000000000000000000000000000000
01110110000000000000000000000000000000000000000000000000000000001000000000000000000000000000000000000000
11000010000000000000000000000000000000000000000000000000000000010000000000000000000000000000000000000000
10101100000000000000000000000000000000000000000000000000000000100000000000000000000000000000000000000000
00110110000000000000000000000000000000000000000000000000000001000000000000000000000000000000000000000000
10011000000000000000000000000000000000000000000000000000000010000000000000000000000000000000000000000000
10101010000000000000000000000000000000000000000000000000000100000000000000000000000000000000000000000000
00000000000000000000000000000000000000000000000000000000001000000000000000000000000000000000000000000000
11010010000000000000000000000000000000000000000000000000010000000000000000000000000000000000000000000000
01011110000000000000000000000000000000000000000000000000100000000000000000000000000000000000000000000000
11100000000000000000000000000000000000000000000000000001000000000000000000000000000000000000000000000000
11010100000000000000000000000000000000000000000000000010000000000000000000000000000000000000000000000000
10100000000000000000000000000000000000000000000000000100000000000000000000000000000000000000000000000000
01010010000000000000000000000000000000000000000000001000000000000000000000000000000000000000000000000000
11110100000000000000000000000000000000000000000000010000000000000000000000000000000000000000000000000000
10111000000000000000000000000000000000000000000000100000000000000000000000000000000000000000000000000000
10100000000000000000000000000000000000000000000001000000000000000000000000000000000000000000000000000000
01001000000000000000000000000000000000000000000010000000000000000000000000000000000000000000000000000000
11110010000000000000000000000000000000000000000100000000000000000000000000000000000000000000000000000000
10110100000000000000000000000000000000000000001000000000000000000000000000000000000000000000000000000000
10001100000000000000000000000000000000000000010000000000000000000000000000000000000000000000000000000000
00111110000000000000000000000000000000000000100000000000000000000000000000000000000000000000000000000000
01011110000000000000000000000000000000000001000000000000000000000000000000000000000000000000000000000000
10100110000000000000000000000000000000000010000000000000000000000000000000000000000000000000000000000000
01111100000000000000000000000000000000000100000000000000000000000000000000000000000000000000000000000000
00010000000000000000000000000000000000001000000000000000000000000000000000000000000000000000000000000000
10001010000000000000000000000000000000010000000000000000000000000000000000000000000000000000000000000000
00011000000000000000000000000000000000100000000000000000000000000000000000000000000000000000000000000000
00110110000000000000000000000000000001000000000000000000000000000000000000000000000000000000000000000000
01010100000000000000000000000000000010000000000000000000000000000000000000000000000000000000000000000000
10001010000000000000000000000000000100000000000000000000000000000000000000000000000000000000000000000000
10100010000000000000000000000000001000000000000000000000000000000000000000000000000000000000000000000000
01110100000000000000000000000000010000000000000000000000000000000000000000000000000000000000000000000000
10110100000000000000000000000000100000000000000000000000000000000000000000000000000000000000000000000000
10101000000000000000000000000001000000000000000000000000000000000000000000000000000000000000000000000000
10101010000000000000000000000010000000000000000000000000000000000000000000000000000000000000000000000000
01010110000000000000000000000100000000000000000000000000000000000000000000000000000000000000000000000000
11001010000000000000000000001000000000000000000000000000000000000000000000000000000000000000000000000000
10000010000000000000000000010000000000000000000000000000000000000000000000000000000000000000000000000000
11011000000000000000000000100000000000000000000000000000000000000000000000000000000000000000000000000000
00010110000000000000000001000000000000000000000000000000000000000000000000000000000000000000000000000000
11111110000000000000000010000000000000000000000000000000000000000000000000000000000000000000000000000000
11101110000000000000000100000000000000000000000000000000000000000000000000000000000000000000000000000000
00000100000000000000001000000000000000000000000000000000000000000000000000000000000000000000000000000000
01110100000000000000010000000000000000000000000000000000000000000000000000000000000000000000000000000000
01111010000000000000100000000000000000000000000000000000000000000000000000000000000000000000000000000000
10011110000000000001000000000000000000000000000000000000000000000000000000000000000000000000000000000000
10100000000000000010000000000000000000000000000000000000000000000000000000000000000000000000000000000000
11110110000000000100000000000000000000000000000000000000000000000000000000000000000000000000000000000000
11111000000000001000000000000000000000000000000000000000000000000000000000000000000000000000000000000000
00010100000000010000000000000000000000000000000000000000000000000000000000000000000000000000000000000000
00010110000000100000000000000000000000000000000000000000000000000000000000000000000000000000000000000000
01011110000001000000000000000000000000000000000000000000000000000000000000000000000000000000000000000000
10010000000010000000000000000000000000000000000000000000000000000000000000000000000000000000000000000000
11011100000100000000000000000000000000000000000000000000000000000000000000000000000000000000000000000000
01010100001000000000000000000000000000000000000000000000000000000000000000000000000000000000000000000000
01000010010000000000000000000000000000000000000000000000000000000000000000000000000000000000000000000000
00000100100000000000000000000000000000000000000000000000000000000000000000000000000000000000000000000000
11011101000000000000000000000000000000000000000000000000000000000000000000000000000000000000000000000000
parity check vector
p[0] = 0x0000000000000001
p[1] = 0x0009200000000000
