mexp = 2281
filename:sh.resD11n.2281.magi03.070226.04.txt
POS1 = 18
SL1 = 30
SL2 = 1
SR1 = 5
SR2 = 24
MSK1 = fed7b3ffbf7f9fef
MSK2 = ef7cff7fbff4fffb
deg poly = 2281
----
01010010011101101100111111000111101111101010001010010001110101111010100010110001110111101110101011110001
00101000000011001110011001110011100101111111100111010000000110000111010100100001000101111111111001000111
10111001011100110110110001000111110111011010011101101011110111000001110110101001001100100101011111101001
00000100101100111010111000011000011011100101010000100000010001001110000011010101001011110010111101101011
11100001011000100011010011110000101110001010010101100111010100111111111111101011111011101101110111100011
01101101000010000110001111010100110100000100000111000000110110111010110101110111110011110010110100101010
01010100100010110011111111011010011110110101000101111101001010110110111100101111101011000010111101001111
dim kernel = 97
-----
00100110000000000000000000000000000000000000000000000000000000000000000000000000000000000000000000000001
01011100000000000000000000000000000000000000000000000000000000000000000000000000000000000000000000000010
11001010000000000000000000000000000000000000000000000000000000000000000000000000000000000000000000000100
10101100000000000000000000000000000000000000000000000000000000000000000000000000000000000000000000001000
00000010000000000000000000000000000000000000000000000000000000000000000000000000000000000000000000010000
00111100000000000000000000000000000000000000000000000000000000000000000000000000000000000000000000100000
00100110000000000000000000000000000000000000000000000000000000000000000000000000000000000000000001000000
10000010000000000000000000000000000000000000000000000000000000000000000000000000000000000000000010000000
10000100000000000000000000000000000000000000000000000000000000000000000000000000000000000000000100000000
00001110000000000000000000000000000000000000000000000000000000000000000000000000000000000000001000000000
11110100000000000000000000000000000000000000000000000000000000000000000000000000000000000000010000000000
01011110000000000000000000000000000000000000000000000000000000000000000000000000000000000000100000000000
11110000000000000000000000000000000000000000000000000000000000000000000000000000000000000001000000000000
01110110000000000000000000000000000000000000000000000000000000000000000000000000000000000010000000000000
11110010000000000000000000000000000000000000000000000000000000000000000000000000000000000100000000000000
01011010000000000000000000000000000000000000000000000000000000000000000000000000000000001000000000000000
11001110000000000000000000000000000000000000000000000000000000000000000000000000000000010000000000000000
01001100000000000000000000000000000000000000000000000000000000000000000000000000000000100000000000000000
01011110000000000000000000000000000000000000000000000000000000000000000000000000000001000000000000000000
00101110000000000000000000000000000000000000000000000000000000000000000000000000000010000000000000000000
11011010000000000000000000000000000000000000000000000000000000000000000000000000000100000000000000000000
01010100000000000000000000000000000000000000000000000000000000000000000000000000001000000000000000000000
11111010000000000000000000000000000000000000000000000000000000000000000000000000010000000000000000000000
01000000000000000000000000000000000000000000000000000000000000000000000000000000100000000000000000000000
11110110000000000000000000000000000000000000000000000000000000000000000000000001000000000000000000000000
01000010000000000000000000000000000000000000000000000000000000000000000000000010000000000000000000000000
00000100000000000000000000000000000000000000000000000000000000000000000000000100000000000000000000000000
00111010000000000000000000000000000000000000000000000000000000000000000000001000000000000000000000000000
10111100000000000000000000000000000000000000000000000000000000000000000000010000000000000000000000000000
10011000000000000000000000000000000000000000000000000000000000000000000000100000000000000000000000000000
10010110000000000000000000000000000000000000000000000000000000000000000001000000000000000000000000000000
11101100000000000000000000000000000000000000000000000000000000000000000010000000000000000000000000000000
10011010000000000000000000000000000000000000000000000000000000000000000100000000000000000000000000000000
10010010000000000000000000000000000000000000000000000000000000000000001000000000000000000000000000000000
10011010000000000000000000000000000000000000000000000000000000000000010000000000000000000000000000000000
11101000000000000000000000000000000000000000000000000000000000000000100000000000000000000000000000000000
11110000000000000000000000000000000000000000000000000000000000000001000000000000000000000000000000000000
01011110000000000000000000000000000000000000000000000000000000000010000000000000000000000000000000000000
10001100000000000000000000000000000000000000000000000000000000000100000000000000000000000000000000000000
10010100000000000000000000000000000000000000000000000000000000001000000000000000000000000000000000000000
01000000000000000000000000000000000000000000000000000000000000010000000000000000000000000000000000000000
01000000000000000000000000000000000000000000000000000000000000100000000000000000000000000000000000000000
11000100000000000000000000000000000000000000000000000000000001000000000000000000000000000000000000000000
10110010000000000000000000000000000000000000000000000000000010000000000000000000000000000000000000000000
00100010000000000000000000000000000000000000000000000000000100000000000000000000000000000000000000000000
10111010000000000000000000000000000000000000000000000000001000000000000000000000000000000000000000000000
00111100000000000000000000000000000000000000000000000000010000000000000000000000000000000000000000000000
01111010000000000000000000000000000000000000000000000000100000000000000000000000000000000000000000000000
00111000000000000000000000000000000000000000000000000001000000000000000000000000000000000000000000000000
10000000000000000000000000000000000000000000000000000010000000000000000000000000000000000000000000000000
10010010000000000000000000000000000000000000000000000100000000000000000000000000000000000000000000000000
00010010000000000000000000000000000000000000000000001000000000000000000000000000000000000000000000000000
11001000000000000000000000000000000000000000000000010000000000000000000000000000000000000000000000000000
01010100000000000000000000000000000000000000000000100000000000000000000000000000000000000000000000000000
10011010000000000000000000000000000000000000000001000000000000000000000000000000000000000000000000000000
10100010000000000000000000000000000000000000000010000000000000000000000000000000000000000000000000000000
10011010000000000000000000000000000000000000000100000000000000000000000000000000000000000000000000000000
10101010000000000000000000000000000000000000001000000000000000000000000000000000000000000000000000000000
11101110000000000000000000000000000000000000010000000000000000000000000000000000000000000000000000000000
01110000000000000000000000000000000000000000100000000000000000000000000000000000000000000000000000000000
10100100000000000000000000000000000000000001000000000000000000000000000000000000000000000000000000000000
11110010000000000000000000000000000000000010000000000000000000000000000000000000000000000000000000000000
01110100000000000000000000000000000000000100000000000000000000000000000000000000000000000000000000000000
11110010000000000000000000000000000000001000000000000000000000000000000000000000000000000000000000000000
01100010000000000000000000000000000000010000000000000000000000000000000000000000000000000000000000000000
10100110000000000000000000000000000000100000000000000000000000000000000000000000000000000000000000000000
10110100000000000000000000000000000001000000000000000000000000000000000000000000000000000000000000000000
01010110000000000000000000000000000010000000000000000000000000000000000000000000000000000000000000000000
10011000000000000000000000000000000100000000000000000000000000000000000000000000000000000000000000000000
11111110000000000000000000000000001000000000000000000000000000000000000000000000000000000000000000000000
10101100000000000000000000000000010000000000000000000000000000000000000000000000000000000000000000000000
00100010000000000000000000000000100000000000000000000000000000000000000000000000000000000000000000000000
11011010000000000000000000000001000000000000000000000000000000000000000000000000000000000000000000000000
01100000000000000000000000000010000000000000000000000000000000000000000000000000000000000000000000000000
01111010000000000000000000000100000000000000000000000000000000000000000000000000000000000000000000000000
11010100000000000000000000001000000000000000000000000000000000000000000000000000000000000000000000000000
01011100000000000000000000010000000000000000000000000000000000000000000000000000000000000000000000000000
01011000000000000000000000100000000000000000000000000000000000000000000000000000000000000000000000000000
10011000000000000000000001000000000000000000000000000000000000000000000000000000000000000000000000000000
01000000000000000000000010000000000000000000000000000000000000000000000000000000000000000000000000000000
01101000000000000000000100000000000000000000000000000000000000000000000000000000000000000000000000000000
01110110000000000000001000000000000000000000000000000000000000000000000000000000000000000000000000000000
00100110000000000000010000000000000000000000000000000000000000000000000000000000000000000000000000000000
01111110000000000000100000000000000000000000000000000000000000000000000000000000000000000000000000000000
10010010000000000001000000000000000000000000000000000000000000000000000000000000000000000000000000000000
11110100000000000010000000000000000000000000000000000000000000000000000000000000000000000000000000000000
00001010000000000100000000000000000000000000000000000000000000000000000000000000000000000000000000000000
00011100000000001000000000000000000000000000000000000000000000000000000000000000000000000000000000000000
01111100000000010000000000000000000000000000000000000000000000000000000000000000000000000000000000000000
01010110000000100000000000000000000000000000000000000000000000000000000000000000000000000000000000000000
01110010000001000000000000000000000000000000000000000000000000000000000000000000000000000000000000000000
00011010000010000000000000000000000000000000000000000000000000000000000000000000000000000000000000000000
11000100000100000000000000000000000000000000000000000000000000000000000000000000000000000000000000000000
11101100001000000000000000000000000000000000000000000000000000000000000000000000000000000000000000000000
10000010010000000000000000000000000000000000000000000000000000000000000000000000000000000000000000000000
11010100100000000000000000000000000000000000000000000000000000000000000000000000000000000000000000000000
01010001000000000000000000000000000000000000000000000000000000000000000000000000000000000000000000000000
parity check vector
p[0] = 0x0000000000000001
p[1] = 0x0002600000000000
