mexp = 2281
filename:sh.resD11n.2281.magi03.070226.27.txt
POS1 = 13
SL1 = 32
SL2 = 1
SR1 = 3
SR2 = 24
MSK1 = ff9ffffdffdbbfff
MSK2 = c7f7d7fdb7cefff7
deg poly = 2281
----
11111010001001001101100111001110001011101001101011100000111110010011000000010110010010000111110001111010
00001000101001001110001011100000010111100001010100011100001011001111001011010010001101010011001011101101
11011001011100000101111011111101001101101010000100010010011011001010010100111100011101001010001011010011
10000101011011110010100100111011010001010010011000011010000010011110000100100100111111101110011110001110
10000101000000101001111100011101011010010111001011110111100101101111010010010111001111111010011001011010
11101010111110111010000100110110110010101010101000100001000110010110001010100010010011111010101101011000
01100101000101100110000001101101001001000010001100100111111010011011101100000000011111100001011011010000
dim kernel = 97
-----
00001010000000000000000000000000000000000000000000000000000000000000000000000000000000000000000000000001
11110010000000000000000000000000000000000000000000000000000000000000000000000000000000000000000000000010
01111000010000000000000000000000000000000000000000000000000000000000000000000000000000000000000000000100
10001010000000000000000000000000000000000000000000000000000000000000000000000000000000000000000000001000
10110000010000000000000000000000000000000000000000000000000000000000000000000000000000000000000000010000
00011010000000000000000000000000000000000000000000000000000000000000000000000000000000000000000000100000
11011010010000000000000000000000000000000000000000000000000000000000000000000000000000000000000001000000
00111010010000000000000000000000000000000000000000000000000000000000000000000000000000000000000010000000
01100000010000000000000000000000000000000000000000000000000000000000000000000000000000000000000100000000
10111000000000000000000000000000000000000000000000000000000000000000000000000000000000000000001000000000
10110000000000000000000000000000000000000000000000000000000000000000000000000000000000000000010000000000
00000010000000000000000000000000000000000000000000000000000000000000000000000000000000000000100000000000
00111000000000000000000000000000000000000000000000000000000000000000000000000000000000000001000000000000
11101010000000000000000000000000000000000000000000000000000000000000000000000000000000000010000000000000
01100010010000000000000000000000000000000000000000000000000000000000000000000000000000000100000000000000
11110000000000000000000000000000000000000000000000000000000000000000000000000000000000001000000000000000
11101000010000000000000000000000000000000000000000000000000000000000000000000000000000010000000000000000
10110010000000000000000000000000000000000000000000000000000000000000000000000000000000100000000000000000
10111000000000000000000000000000000000000000000000000000000000000000000000000000000001000000000000000000
11000010000000000000000000000000000000000000000000000000000000000000000000000000000010000000000000000000
11001010000000000000000000000000000000000000000000000000000000000000000000000000000100000000000000000000
11001010000000000000000000000000000000000000000000000000000000000000000000000000001000000000000000000000
01010010010000000000000000000000000000000000000000000000000000000000000000000000010000000000000000000000
00010010010000000000000000000000000000000000000000000000000000000000000000000000100000000000000000000000
11110000010000000000000000000000000000000000000000000000000000000000000000000001000000000000000000000000
10011000010000000000000000000000000000000000000000000000000000000000000000000010000000000000000000000000
11110010000000000000000000000000000000000000000000000000000000000000000000000100000000000000000000000000
01100000000000000000000000000000000000000000000000000000000000000000000000001000000000000000000000000000
10001010010000000000000000000000000000000000000000000000000000000000000000010000000000000000000000000000
00000000010000000000000000000000000000000000000000000000000000000000000000100000000000000000000000000000
01101010000000000000000000000000000000000000000000000000000000000000000001000000000000000000000000000000
11101000010000000000000000000000000000000000000000000000000000000000000010000000000000000000000000000000
01010000010000000000000000000000000000000000000000000000000000000000000100000000000000000000000000000000
00111010000000000000000000000000000000000000000000000000000000000000001000000000000000000000000000000000
10010000010000000000000000000000000000000000000000000000000000000000010000000000000000000000000000000000
00100010000000000000000000000000000000000000000000000000000000000000100000000000000000000000000000000000
11001000010000000000000000000000000000000000000000000000000000000001000000000000000000000000000000000000
11001000000000000000000000000000000000000000000000000000000000000010000000000000000000000000000000000000
11111010000000000000000000000000000000000000000000000000000000000100000000000000000000000000000000000000
11001010000000000000000000000000000000000000000000000000000000001000000000000000000000000000000000000000
00110010010000000000000000000000000000000000000000000000000000010000000000000000000000000000000000000000
11110000010000000000000000000000000000000000000000000000000000100000000000000000000000000000000000000000
11111010010000000000000000000000000000000000000000000000000001000000000000000000000000000000000000000000
00111000010000000000000000000000000000000000000000000000000010000000000000000000000000000000000000000000
11110010010000000000000000000000000000000000000000000000000100000000000000000000000000000000000000000000
01011000000000000000000000000000000000000000000000000000001000000000000000000000000000000000000000000000
00110010000000000000000000000000000000000000000000000000010000000000000000000000000000000000000000000000
10100010010000000000000000000000000000000000000000000000100000000000000000000000000000000000000000000000
10100000010000000000000000000000000000000000000000000001000000000000000000000000000000000000000000000000
10100000000000000000000000000000000000000000000000000010000000000000000000000000000000000000000000000000
10111000010000000000000000000000000000000000000000000100000000000000000000000000000000000000000000000000
01111000010000000000000000000000000000000000000000001000000000000000000000000000000000000000000000000000
11101000000000000000000000000000000000000000000000010000000000000000000000000000000000000000000000000000
11010000010000000000000000000000000000000000000000100000000000000000000000000000000000000000000000000000
10000000010000000000000000000000000000000000000001000000000000000000000000000000000000000000000000000000
10000000010000000000000000000000000000000000000010000000000000000000000000000000000000000000000000000000
00101000000000000000000000000000000000000000000100000000000000000000000000000000000000000000000000000000
11000010000000000000000000000000000000000000001000000000000000000000000000000000000000000000000000000000
01111000010000000000000000000000000000000000010000000000000000000000000000000000000000000000000000000000
00000010000000000000000000000000000000000000100000000000000000000000000000000000000000000000000000000000
11101010010000000000000000000000000000000001000000000000000000000000000000000000000000000000000000000000
11010010000000000000000000000000000000000010000000000000000000000000000000000000000000000000000000000000
11110000010000000000000000000000000000000100000000000000000000000000000000000000000000000000000000000000
01100010000000000000000000000000000000001000000000000000000000000000000000000000000000000000000000000000
11100010000000000000000000000000000000010000000000000000000000000000000000000000000000000000000000000000
00001000000000000000000000000000000000100000000000000000000000000000000000000000000000000000000000000000
01001010010000000000000000000000000001000000000000000000000000000000000000000000000000000000000000000000
10011000010000000000000000000000000010000000000000000000000000000000000000000000000000000000000000000000
00001010000000000000000000000000000100000000000000000000000000000000000000000000000000000000000000000000
11000010010000000000000000000000001000000000000000000000000000000000000000000000000000000000000000000000
11111010000000000000000000000000010000000000000000000000000000000000000000000000000000000000000000000000
01110010000000000000000000000000100000000000000000000000000000000000000000000000000000000000000000000000
10100000000000000000000000000001000000000000000000000000000000000000000000000000000000000000000000000000
00010000010000000000000000000010000000000000000000000000000000000000000000000000000000000000000000000000
10110000010000000000000000000100000000000000000000000000000000000000000000000000000000000000000000000000
11010000000000000000000000001000000000000000000000000000000000000000000000000000000000000000000000000000
11110000000000000000000000010000000000000000000000000000000000000000000000000000000000000000000000000000
01001000010000000000000000100000000000000000000000000000000000000000000000000000000000000000000000000000
01011000000000000000000001000000000000000000000000000000000000000000000000000000000000000000000000000000
01111010000000000000000010000000000000000000000000000000000000000000000000000000000000000000000000000000
11100000000000000000000100000000000000000000000000000000000000000000000000000000000000000000000000000000
11111010010000000000001000000000000000000000000000000000000000000000000000000000000000000000000000000000
10010000010000000000010000000000000000000000000000000000000000000000000000000000000000000000000000000000
11110010000000000000100000000000000000000000000000000000000000000000000000000000000000000000000000000000
11100000010000000001000000000000000000000000000000000000000000000000000000000000000000000000000000000000
00101000010000000010000000000000000000000000000000000000000000000000000000000000000000000000000000000000
01011000000000000100000000000000000000000000000000000000000000000000000000000000000000000000000000000000
10011000010000001000000000000000000000000000000000000000000000000000000000000000000000000000000000000000
01100000010000010000000000000000000000000000000000000000000000000000000000000000000000000000000000000000
10110010000000100000000000000000000000000000000000000000000000000000000000000000000000000000000000000000
00101010010001000000000000000000000000000000000000000000000000000000000000000000000000000000000000000000
01100000010010000000000000000000000000000000000000000000000000000000000000000000000000000000000000000000
00110000000100000000000000000000000000000000000000000000000000000000000000000000000000000000000000000000
00011010011000000000000000000000000000000000000000000000000000000000000000000000000000000000000000000000
00011000100000000000000000000000000000000000000000000000000000000000000000000000000000000000000000000000
10100001000000000000000000000000000000000000000000000000000000000000000000000000000000000000000000000000
11000100000000000000000000000000000000000000000000000000000000000000000000000000000000000000000000000000
parity check vector
p[0] = 0x0000000000000001
p[1] = 0x0000a00000000000
