mexp = 2281
filename:sh.resD11n.2281.magi03.070226.72.txt
POS1 = 4
SL1 = 12
SL2 = 5
SR1 = 7
SR2 = 8
MSK1 = bffbffb7f3ff7fff
MSK2 = f7fffffffef7ff5e
deg poly = 2281
----
00010110111011011011000101011101110110110111011101011000100101011100000001011101111001010011110111101010
11010111011100011111000011110011010010001101010000010110101101001000011110110111000000010110101100001010
11011110110101011111111010010101101110101001001110000101000000101101010111000110111111000110010001110110
10111010001000110001101011101011011010011101110100101010110010110001010111100100110100000101001111011011
01110010011000010101010010101000010111011000000110110000101011111000110010110010100001001101000100101000
10110101101100101001101101010001011101111100000101101000010001011111000001101011000010111101101100110010
11100000001000000010000011111001011100011101010000010000001110101010001100100101110010100100110001111110
dim kernel = 97
-----
11000100010000000000000000000000000000000000000000000000000000000000000000000000000000000000000000000001
00100000010000000000000000000000000000000000000000000000000000000000000000000000000000000000000000000010
00101100010000000000000000000000000000000000000000000000000000000000000000000000000000000000000000000100
11101000010000000000000000000000000000000000000000000000000000000000000000000000000000000000000000001000
00111100000000000000000000000000000000000000000000000000000000000000000000000000000000000000000000010000
10001000010000000000000000000000000000000000000000000000000000000000000000000000000000000000000000100000
01001000010000000000000000000000000000000000000000000000000000000000000000000000000000000000000001000000
01100100000000000000000000000000000000000000000000000000000000000000000000000000000000000000000010000000
11011100010000000000000000000000000000000000000000000000000000000000000000000000000000000000000100000000
10101100010000000000000000000000000000000000000000000000000000000000000000000000000000000000001000000000
10001100000000000000000000000000000000000000000000000000000000000000000000000000000000000000010000000000
00101000010000000000000000000000000000000000000000000000000000000000000000000000000000000000100000000000
01100000010000000000000000000000000000000000000000000000000000000000000000000000000000000001000000000000
11010000000000000000000000000000000000000000000000000000000000000000000000000000000000000010000000000000
01010000010000000000000000000000000000000000000000000000000000000000000000000000000000000100000000000000
00000100010000000000000000000000000000000000000000000000000000000000000000000000000000001000000000000000
11001000010000000000000000000000000000000000000000000000000000000000000000000000000000010000000000000000
00110100000000000000000000000000000000000000000000000000000000000000000000000000000000100000000000000000
10111100010000000000000000000000000000000000000000000000000000000000000000000000000001000000000000000000
11111000010000000000000000000000000000000000000000000000000000000000000000000000000010000000000000000000
00001000000000000000000000000000000000000000000000000000000000000000000000000000000100000000000000000000
01101100000000000000000000000000000000000000000000000000000000000000000000000000001000000000000000000000
01001000010000000000000000000000000000000000000000000000000000000000000000000000010000000000000000000000
10011000000000000000000000000000000000000000000000000000000000000000000000000000100000000000000000000000
00101000010000000000000000000000000000000000000000000000000000000000000000000001000000000000000000000000
01110100000000000000000000000000000000000000000000000000000000000000000000000010000000000000000000000000
11110100010000000000000000000000000000000000000000000000000000000000000000000100000000000000000000000000
01110100010000000000000000000000000000000000000000000000000000000000000000001000000000000000000000000000
11001100000000000000000000000000000000000000000000000000000000000000000000010000000000000000000000000000
10011100000000000000000000000000000000000000000000000000000000000000000000100000000000000000000000000000
01111100010000000000000000000000000000000000000000000000000000000000000001000000000000000000000000000000
01100100010000000000000000000000000000000000000000000000000000000000000010000000000000000000000000000000
01010100000000000000000000000000000000000000000000000000000000000000000100000000000000000000000000000000
01011100000000000000000000000000000000000000000000000000000000000000001000000000000000000000000000000000
01100100010000000000000000000000000000000000000000000000000000000000010000000000000000000000000000000000
11010000010000000000000000000000000000000000000000000000000000000000100000000000000000000000000000000000
11011100000000000000000000000000000000000000000000000000000000000001000000000000000000000000000000000000
00110100000000000000000000000000000000000000000000000000000000000010000000000000000000000000000000000000
10111000000000000000000000000000000000000000000000000000000000000100000000000000000000000000000000000000
00110100010000000000000000000000000000000000000000000000000000001000000000000000000000000000000000000000
01100000010000000000000000000000000000000000000000000000000000010000000000000000000000000000000000000000
00111000010000000000000000000000000000000000000000000000000000100000000000000000000000000000000000000000
00011000000000000000000000000000000000000000000000000000000001000000000000000000000000000000000000000000
11110100000000000000000000000000000000000000000000000000000010000000000000000000000000000000000000000000
11111100010000000000000000000000000000000000000000000000000100000000000000000000000000000000000000000000
10001100010000000000000000000000000000000000000000000000001000000000000000000000000000000000000000000000
00010000010000000000000000000000000000000000000000000000010000000000000000000000000000000000000000000000
00001000010000000000000000000000000000000000000000000000100000000000000000000000000000000000000000000000
11001100010000000000000000000000000000000000000000000001000000000000000000000000000000000000000000000000
01111000010000000000000000000000000000000000000000000010000000000000000000000000000000000000000000000000
01110000010000000000000000000000000000000000000000000100000000000000000000000000000000000000000000000000
10110000000000000000000000000000000000000000000000001000000000000000000000000000000000000000000000000000
00101100000000000000000000000000000000000000000000010000000000000000000000000000000000000000000000000000
11000000000000000000000000000000000000000000000000100000000000000000000000000000000000000000000000000000
01110100010000000000000000000000000000000000000001000000000000000000000000000000000000000000000000000000
00011100000000000000000000000000000000000000000010000000000000000000000000000000000000000000000000000000
10101100000000000000000000000000000000000000000100000000000000000000000000000000000000000000000000000000
01101100000000000000000000000000000000000000001000000000000000000000000000000000000000000000000000000000
00111000000000000000000000000000000000000000010000000000000000000000000000000000000000000000000000000000
11000100010000000000000000000000000000000000100000000000000000000000000000000000000000000000000000000000
11110100010000000000000000000000000000000001000000000000000000000000000000000000000000000000000000000000
10100000010000000000000000000000000000000010000000000000000000000000000000000000000000000000000000000000
11101100000000000000000000000000000000000100000000000000000000000000000000000000000000000000000000000000
01010000010000000000000000000000000000001000000000000000000000000000000000000000000000000000000000000000
10000000010000000000000000000000000000010000000000000000000000000000000000000000000000000000000000000000
10111000000000000000000000000000000000100000000000000000000000000000000000000000000000000000000000000000
00000100010000000000000000000000000001000000000000000000000000000000000000000000000000000000000000000000
11000100000000000000000000000000000010000000000000000000000000000000000000000000000000000000000000000000
10001000010000000000000000000000000100000000000000000000000000000000000000000000000000000000000000000000
00111100000000000000000000000000001000000000000000000000000000000000000000000000000000000000000000000000
00111100010000000000000000000000010000000000000000000000000000000000000000000000000000000000000000000000
01101100000000000000000000000000100000000000000000000000000000000000000000000000000000000000000000000000
00100000010000000000000000000001000000000000000000000000000000000000000000000000000000000000000000000000
01111000010000000000000000000010000000000000000000000000000000000000000000000000000000000000000000000000
01101100000000000000000000000100000000000000000000000000000000000000000000000000000000000000000000000000
01010100010000000000000000001000000000000000000000000000000000000000000000000000000000000000000000000000
11100100000000000000000000010000000000000000000000000000000000000000000000000000000000000000000000000000
01001000000000000000000000100000000000000000000000000000000000000000000000000000000000000000000000000000
11101100000000000000000001000000000000000000000000000000000000000000000000000000000000000000000000000000
10000100010000000000000010000000000000000000000000000000000000000000000000000000000000000000000000000000
01110100010000000000000100000000000000000000000000000000000000000000000000000000000000000000000000000000
11011100000000000000001000000000000000000000000000000000000000000000000000000000000000000000000000000000
00011100000000000000010000000000000000000000000000000000000000000000000000000000000000000000000000000000
11011100000000000000100000000000000000000000000000000000000000000000000000000000000000000000000000000000
00010000000000000001000000000000000000000000000000000000000000000000000000000000000000000000000000000000
00110000000000000010000000000000000000000000000000000000000000000000000000000000000000000000000000000000
10100000000000000100000000000000000000000000000000000000000000000000000000000000000000000000000000000000
00000100000000001000000000000000000000000000000000000000000000000000000000000000000000000000000000000000
11000100000000010000000000000000000000000000000000000000000000000000000000000000000000000000000000000000
00010000010000100000000000000000000000000000000000000000000000000000000000000000000000000000000000000000
01101100000001000000000000000000000000000000000000000000000000000000000000000000000000000000000000000000
10100000010010000000000000000000000000000000000000000000000000000000000000000000000000000000000000000000
10100100010100000000000000000000000000000000000000000000000000000000000000000000000000000000000000000000
00111100011000000000000000000000000000000000000000000000000000000000000000000000000000000000000000000000
10111000100000000000000000000000000000000000000000000000000000000000000000000000000000000000000000000000
01101001000000000000000000000000000000000000000000000000000000000000000000000000000000000000000000000000
11000110000000000000000000000000000000000000000000000000000000000000000000000000000000000000000000000000
parity check vector
p[0] = 0x0000000000000001
p[1] = 0x000c440000000000
