mexp = 2281
filename:sh.resD11n.2281.magi03.070226.53.txt
POS1 = 7
SL1 = 41
SL2 = 3
SR1 = 3
SR2 = 16
MSK1 = 7bf2bbfb7fbddfb7
MSK2 = fffdffbffcfffff7
deg poly = 2281
----
00100000111111101011010111000000000001100110100000011011000001000010111110101001100011000111001111010000
00000101110000011110111001111010101111000010010110110001110001000100111111000100010011100000110000111110
11111111000001001101101101011011101011100001110111111111111110001000000000001001100110011011001011110000
00101010110001001101111001011111010011000101101100000000101010001111010011011100110000010001100100011110
11101000100100101100010110111100111010100010100110011101110111011111001110110101010001010000011001001100
10001000011010010100010101011010011111101001011000001011101111001010110100001100111100110010011011010001
01100010001111010010000001010000101110010110101001011000111010011111111100111010011100111010011001110100
dim kernel = 97
-----
01011010000000000000000000000000000000000000000000000000000000000000000000000000000000000000000000000001
10011100000000000000000000000000000000000000000000000000000000000000000000000000000000000000000000000010
11001100000000000000000000000000000000000000000000000000000000000000000000000000000000000000000000000100
01010110000000000000000000000000000000000000000000000000000000000000000000000000000000000000000000001000
10100100000000000000000000000000000000000000000000000000000000000000000000000000000000000000000000010000
10011110000000000000000000000000000000000000000000000000000000000000000000000000000000000000000000100000
11110010000000000000000000000000000000000000000000000000000000000000000000000000000000000000000001000000
10100010000000000000000000000000000000000000000000000000000000000000000000000000000000000000000010000000
01100000000000000000000000000000000000000000000000000000000000000000000000000000000000000000000100000000
11110010000000000000000000000000000000000000000000000000000000000000000000000000000000000000001000000000
00011110000000000000000000000000000000000000000000000000000000000000000000000000000000000000010000000000
10011100000000000000000000000000000000000000000000000000000000000000000000000000000000000000100000000000
01110000000000000000000000000000000000000000000000000000000000000000000000000000000000000001000000000000
00111000000000000000000000000000000000000000000000000000000000000000000000000000000000000010000000000000
11101000000000000000000000000000000000000000000000000000000000000000000000000000000000000100000000000000
10001010000000000000000000000000000000000000000000000000000000000000000000000000000000001000000000000000
10010010000000000000000000000000000000000000000000000000000000000000000000000000000000010000000000000000
11010100000000000000000000000000000000000000000000000000000000000000000000000000000000100000000000000000
00110110000000000000000000000000000000000000000000000000000000000000000000000000000001000000000000000000
11101100000000000000000000000000000000000000000000000000000000000000000000000000000010000000000000000000
11010000000000000000000000000000000000000000000000000000000000000000000000000000000100000000000000000000
11000000000000000000000000000000000000000000000000000000000000000000000000000000001000000000000000000000
10010110000000000000000000000000000000000000000000000000000000000000000000000000010000000000000000000000
00101010000000000000000000000000000000000000000000000000000000000000000000000000100000000000000000000000
00110010000000000000000000000000000000000000000000000000000000000000000000000001000000000000000000000000
10011010000000000000000000000000000000000000000000000000000000000000000000000010000000000000000000000000
00001100000000000000000000000000000000000000000000000000000000000000000000000100000000000000000000000000
10110000000000000000000000000000000000000000000000000000000000000000000000001000000000000000000000000000
11011000000000000000000000000000000000000000000000000000000000000000000000010000000000000000000000000000
10111000000000000000000000000000000000000000000000000000000000000000000000100000000000000000000000000000
10011100000000000000000000000000000000000000000000000000000000000000000001000000000000000000000000000000
10111110000000000000000000000000000000000000000000000000000000000000000010000000000000000000000000000000
11110110000000000000000000000000000000000000000000000000000000000000000100000000000000000000000000000000
10101100000000000000000000000000000000000000000000000000000000000000001000000000000000000000000000000000
10110100000000000000000000000000000000000000000000000000000000000000010000000000000000000000000000000000
00111100000000000000000000000000000000000000000000000000000000000000100000000000000000000000000000000000
11011000000000000000000000000000000000000000000000000000000000000001000000000000000000000000000000000000
01101010000000000000000000000000000000000000000000000000000000000010000000000000000000000000000000000000
11001100000000000000000000000000000000000000000000000000000000000100000000000000000000000000000000000000
10010010000000000000000000000000000000000000000000000000000000001000000000000000000000000000000000000000
01010000000000000000000000000000000000000000000000000000000000010000000000000000000000000000000000000000
00000000000000000000000000000000000000000000000000000000000000100000000000000000000000000000000000000000
01101100000000000000000000000000000000000000000000000000000001000000000000000000000000000000000000000000
10010010000000000000000000000000000000000000000000000000000010000000000000000000000000000000000000000000
10000000000000000000000000000000000000000000000000000000000100000000000000000000000000000000000000000000
01011000000000000000000000000000000000000000000000000000001000000000000000000000000000000000000000000000
01010100000000000000000000000000000000000000000000000000010000000000000000000000000000000000000000000000
10000110000000000000000000000000000000000000000000000000100000000000000000000000000000000000000000000000
01111100000000000000000000000000000000000000000000000001000000000000000000000000000000000000000000000000
10100010000000000000000000000000000000000000000000000010000000000000000000000000000000000000000000000000
11011010000000000000000000000000000000000000000000000100000000000000000000000000000000000000000000000000
11110010000000000000000000000000000000000000000000001000000000000000000000000000000000000000000000000000
10111100000000000000000000000000000000000000000000010000000000000000000000000000000000000000000000000000
00000100000000000000000000000000000000000000000000100000000000000000000000000000000000000000000000000000
10001010000000000000000000000000000000000000000001000000000000000000000000000000000000000000000000000000
11001110000000000000000000000000000000000000000010000000000000000000000000000000000000000000000000000000
01000110000000000000000000000000000000000000000100000000000000000000000000000000000000000000000000000000
01001000000000000000000000000000000000000000001000000000000000000000000000000000000000000000000000000000
01011110000000000000000000000000000000000000010000000000000000000000000000000000000000000000000000000000
00100000000000000000000000000000000000000000100000000000000000000000000000000000000000000000000000000000
11000010000000000000000000000000000000000001000000000000000000000000000000000000000000000000000000000000
10101100000000000000000000000000000000000010000000000000000000000000000000000000000000000000000000000000
11111010000000000000000000000000000000000100000000000000000000000000000000000000000000000000000000000000
01011010000000000000000000000000000000001000000000000000000000000000000000000000000000000000000000000000
10011010000000000000000000000000000000010000000000000000000000000000000000000000000000000000000000000000
01101000000000000000000000000000000000100000000000000000000000000000000000000000000000000000000000000000
00111110000000000000000000000000000001000000000000000000000000000000000000000000000000000000000000000000
10000110000000000000000000000000000010000000000000000000000000000000000000000000000000000000000000000000
11010100000000000000000000000000000100000000000000000000000000000000000000000000000000000000000000000000
00001110000000000000000000000000001000000000000000000000000000000000000000000000000000000000000000000000
00011000000000000000000000000000010000000000000000000000000000000000000000000000000000000000000000000000
01010100000000000000000000000000100000000000000000000000000000000000000000000000000000000000000000000000
10011000000000000000000000000001000000000000000000000000000000000000000000000000000000000000000000000000
11010110000000000000000000000010000000000000000000000000000000000000000000000000000000000000000000000000
01000010000000000000000000000100000000000000000000000000000000000000000000000000000000000000000000000000
00011100000000000000000000001000000000000000000000000000000000000000000000000000000000000000000000000000
10000110000000000000000000010000000000000000000000000000000000000000000000000000000000000000000000000000
11011110000000000000000000100000000000000000000000000000000000000000000000000000000000000000000000000000
10100100000000000000000001000000000000000000000000000000000000000000000000000000000000000000000000000000
00100010000000000000000010000000000000000000000000000000000000000000000000000000000000000000000000000000
01101000000000000000000100000000000000000000000000000000000000000000000000000000000000000000000000000000
10001100000000000000001000000000000000000000000000000000000000000000000000000000000000000000000000000000
11100100000000000000010000000000000000000000000000000000000000000000000000000000000000000000000000000000
10001100000000000000100000000000000000000000000000000000000000000000000000000000000000000000000000000000
01110000000000000001000000000000000000000000000000000000000000000000000000000000000000000000000000000000
01100110000000000010000000000000000000000000000000000000000000000000000000000000000000000000000000000000
00011100000000000100000000000000000000000000000000000000000000000000000000000000000000000000000000000000
10101110000000001000000000000000000000000000000000000000000000000000000000000000000000000000000000000000
11010100000000010000000000000000000000000000000000000000000000000000000000000000000000000000000000000000
00100010000000100000000000000000000000000000000000000000000000000000000000000000000000000000000000000000
11101010000001000000000000000000000000000000000000000000000000000000000000000000000000000000000000000000
00101000000010000000000000000000000000000000000000000000000000000000000000000000000000000000000000000000
10111000000100000000000000000000000000000000000000000000000000000000000000000000000000000000000000000000
00101000001000000000000000000000000000000000000000000000000000000000000000000000000000000000000000000000
00101110010000000000000000000000000000000000000000000000000000000000000000000000000000000000000000000000
10111110100000000000000000000000000000000000000000000000000000000000000000000000000000000000000000000000
00000101000000000000000000000000000000000000000000000000000000000000000000000000000000000000000000000000
parity check vector
p[0] = 0x0000000000000001
p[1] = 0x0005a00000000000
