succ = 1
deg = 19937
POS1 = 106
SL1 = 19
SL2 = 1
SR1 = 9
SR2 = 1
MSK1 = ffeeffdf
MSK2 = ffffdfff
MSK3 = bd6ff9ff
MSK4 = fdafebff
11101010111110011101100100100010
10100101001110010100101000101001
10010000101001001110101100000101
00011000111011011110111110111110
00010001011000111110111101000010
11100101001010000010100011101011
01111000111100100110000010100111
10110000101011110001100010111110
01000010000100110110110100110100
11010000101000111110000000000001
11011011111000101011110011101110
00101000111010100111110101000001
00101010010001100011111110111111
10111101100001001100011010011011
11101111110111011110011111110011
00010000101011111000000010111100
01100001010000111101000000000111
01110101011100101011100010111011
10110111000110100101101001101011
00011101111110011101101010111011
11000001110100000010000010111100
11111111100100101111100001101010
00000001000001110100010010010100
00000011001111000111010101011100
01010110111100000100110101101001
01111111001011110011001111000110
01111101110011101000111101110000
00000101000101110010000100100001
11110011000000111000101110011010
11011011011001001111110000101110
11010000110000010011111101001100
10011100010111000000000000011000
00001100101001101101010000111000
00100110001000000110101011001010
11001011011101010010000000100100
00101011111011110100001111011010
01111110011100011011000011111000
00111100100110001001011101111000
01000101010000001100011100000001
10110001111001111110111000000001
11111000000111101111001001111011
01100000001001101101011100001010
01000001101111111111110001110001
10010110101001101000010011100111
00000011100000110010100100111000
11001001001100001000011001001101
01101111001011001011110111111101
11110110110101101111011101000111
11000000110111000010100000011101
11111111100010000101110100111011
00111000100110000000111011111110
10001010101010101110100100100110
00010000110101100101110010001101
11001010001001101110000101000111
01111111110111001001000011001110
11100110011011101111000101101001
11101101110110001001111110011001
00110100101011101001101010011010
10011111101110000011001111010101
11010100000101101111100011010011
11101101110111010010101010110100
01000110010111111100101100111100
10101011001001110110001000101001
00111101101000100000011011101001
11111101000110100011010100111000
00000110110101000111011101000000
11001011101100100101101100001010
10011001111111110001100000011001
00100011010001100000110100111000
01011001100110111110101100110110
00011000101101110100111001111101
10100110110100110011000010001100
11000111001000101010011111000110
11010000100110101111011010110111
01100101001101101110010010101010
10110010000010010010100001010011
10101010111100110110001110000011
01110001010101001011001111101110
10011111101001010010101101011010
10100001001011110000000100111110
11010100000101001100000110010000
01111000000001010111110001000001
00101000011110111111111100101011
11000100001001000010110000000101
00000011111000100001000001001000
11100111010011110111101001110101
00110110000110010000100011111011
11010110111001000011100100111011
01100000011101100001101110011001
01110000111101011010001000000001
01001100111011100111101110000001
11011000100100111101100001010001
01000110011101000111110010010011
11001010100010011100100001011000
10101101011110000000010111101000
00101100111111011111101011111100
10001110101111000110111100011110
11011111110100101101111101111000
11111001110101010010100100100010
01100111111111010001101010110111
01100111011011001100110000111011
01011110011111001001110101111011
11110011000001110110100000000100
00100011010010111110011000010100
01100011100101101101110001100101
01100001110010001011101111000010
01110101111110001111100001000000
11100110010000000010101010101001
11110111111101001100011111111010
10111000010111111010111011110101
10001011001010011101110101001100
00111001100100010001111101010111
10111000110000001110100011110000
11000001101000110101011111001011
00100001001001000011110010110000
00000001000100101111101001100000
11011111001010101000001001101000
11101100011100110000000100111011
11101111101000111111111000101110
01101110011100011011011001110110
10111000100110011000100101001000
00100100001101101000011010010010
01111011001101010101101101111001
00110101011111010000010011001010
11010110000101100000011100101110
00111111110101000010101111110111
10011101111101000110111010110111
01001100111110110111000010000010
10001110000100001110001101000100
00010010000101101110011010000010
11100111001111011010001110001000
10110101100001011110111111111111
10110111001110100111000010100000
11100101111000110011010010100000
01011011100110110000010010010001
01010101011010100110100010100011
01111100010110001000000111011110
01111010001010001111010100011001
11101001110000110011110001111101
00000001101011100001100000010110
10001101101001011111001101110010
00010100111010110111011011110111
00011111111011000100100110110101
11001110100001100100101001011101
10010000110011010010101110001001
11011101010011100011000100010101
00110001001011001111111011000010
01011010001000110001001100100011
11111100010011001010101100000010
10110001110000001011011010011101
00010110110001110000100010111010
01110010101110010111001100100001
00011000001111001010101000000100
11010100000110000001010111100100
10100111110001110011001101001001
10001001111011000000000100000001
00001110010001000100001111000001
00000111111100100000010001111000
00111111011101101011011111011111
00111011000110110001010011000100
00100001100010100101100111110011
01100100101010011110011100100010
00010011100011101001110001101001
10100001110111110010110001010000
00100101110111110001001111100110
01000110110000000001010100110111
10010010001101100101111100111010
10001100010101110000010110000011
01001101011001111011000011110101
00000000001011110111010011100100
11000010011000110111011000111010
00010000100011110001110010110000
01110110101100011001100101111111
10101100100100001101000101110011
00011101001011111100001101101010
00111100100010010000100111110011
11110111011010100010001000011100
00010001101111110000110100110000
00100000110010101110001000101001
11010001010010001111111110000001
11010101111101111100111110000101
01001000100111101101100111111010
11011010010101011110000111111010
11111010011111100000101001010100
01110001010010100000110110110001
01100010001100110011000001000110
10110100111001110110010111001110
01001101010011001110011010011011
11111001000100101101111100000110
01001010100001001001100001001010
01010000100110101011101111100011
01010110010100100011001100000000
01001101101101100000011001010110
11000010000011001100100100010100
01000111101010001011100111110000
01101001000011001110000000100101
00111010100100101011101111101001
10101110001010000111110001100111
11101010101100110111101111101100
10110001000010011110011110001011
10100111100000001011011000010110
11110111111100100111111101111011
11101001110100000101100111001111
01001111110000110011101000010100
01101111110101001011001010010101
11110100110010110010111100110111
01100010001111001101011000001000
11100100011000111101001011111100
00010101001100111111011011010011
01110011000011111110101010001010
11001001100101010110011111110010
11010101010011001111010011111100
10110110110010101010011100001011
00100001010111111111010101100011
10010011111000110001110011111001
11001010100000000110010001101000
00010111110011110111101000111011
10101000001011001000110101010111
11111010111001010101000101101111
00100001011100101111000110000111
10011010010110101111011111010110
00011001010110001110101000111010
00010110100100100100100010100110
00001100000001011111001011101100
01111100101011101100110001000010
11110000101001000001111101111000
11111100111101111000011101111011
10010100001110001110000110111111
00010010110100101110110110101000
10011010110010111101010011101000
00101110001110000001100010101111
11011110001110011110101111010100
11010111110110001010101111011001
00100101001100110111000011111100
10110000100011110011101111001101
01100010101011010101110011111111
00000110100110100100011001000100
11100000101101101101001100111100
01101110111011001010111110000010
01010111001100011110111000000001
10010011011010011100111010001011
10010100011000001101100010101111
01100110000111111111111010001001
01010010110001100111100111110011
00001100000001010001111101100001
01101111001001101101001101010101
10000111111010000000101101000010
10000100110100001000110000100101
01110000100001001110000000101110
01111110011110010000101001111010
11110010110001110010110011000101
11111000100100101100010000110100
11111000111110100010001100111100
11101100101000100100101100000101
11000110011111110011110010011011
11010000111101010010000100010000
11100111011011100001101000010011
01001110111000010000111011000100
11001011001110011011101111110111
00011001001001110100010101100000
10001001101001010110011000010101
00011011011001110000101000011000
01000110110111000010100010111001
11110011100000110110010110100011
10000011100101110100001000010111
11101010001110000100100000010000
11000011011101101110111010101000
11001001001000011110101100101000
10010101110001100000000101000000
11001001111110101010101111011111
01000000011000110001111000111111
01010000110101010010010111010010
11000001010111110110001000001110
00101110011001010010110011111110
01110110000011011110111001000100
11111110110100111010000101101001
10010101111100000100001101111001
10011011110000100011101011010010
10010010000000101001101011010000
11101111011011111000001010001010
11111011011101111001010111101100
00100100110000101010111101101101
11101110110000101010101011001100
01001111100110000101000001000011
01101110110101110111010100001011
11111100101011101111111101100011
00101011001001001111010010111000
00100111010110011010101111111111
00100011001101110000111001101000
11000101111010000110100000000100
00100011010010111011010000010101
11001010000111000001000110011111
10011101011011110110010101011100
01110011001101110000101101110100
01101111001100001111000011010101
11001011110001001110101010110111
01011010011111110001110110111110
11000101011111011010000011101110
10101011111001011010001011101010
11110110101000000011011100101010
11011101101111110001011011011000
00011010101011111010111001100000
10011001001100110110000110110011
11011110011000110111110110101011
01000111000100100000111011001101
01010001011010000001101110010111
11111101111100000011100100111000
01111110100011110100101010100111
11011001001110110101100011110100
01010011110100100110011101111010
11000100111011101001101101111000
01111010010010011011001000100101
10001110001000110100011100110111
11101110011101011000011010000100
11111100111000001000100101000000
11011011011011101010010010101101
00000110001010001010100100101000
00100000100110111011011100011111
00011110011001010000010000010011
00110011110000000001011100000001
01101011100110111011001001111011
01010110100011001110011000001010
01010011010000111011101011000110
00001111101010000010110100011000
01000001010111110010110110110101
01011000110100010010000111110100
11011001011000111011000111011011
00110101001000011000101001101011
01011100010100011010010101010110
11101000000000101011110001110010
10100111110100011000000011010000
01111011010100001110100010010011
11110010000111111000001111110001
01110000101011001110001101110001
01010101111000101000000011000100
11000101001110011101001100010000
01000000110101111101000010111101
10011100101111111011110111001110
01001100110000110000111101101110
11110101100101111001010101101011
10111010100000011101110101000010
11101110010100110100001111100001
10101101101110100101000100000001
10010110110010010011010010110011
10110000110101000111100111101000
10101101111011110110010001100101
00110100101110011001100101111111
01111010100100100111011000110110
11111000101100100010100001001110
10110010111101111101000010100101
00000011010011101010011010100000
00111100101001111111000101011111
00001000011001110010111011111010
11001001110011110100011001101100
10110111100011111111110010010101
11000011001100000001010011011111
01101001110001101111011101101000
00101111010010111111110011011000
01100000100011111101110010110000
11100100110001011000111010101110
11101000100001000101000001111101
00000100100111001100101011110111
00111100110110110011101100111011
11100001001101000101001101111101
00110011111111010110001011010010
00010110101011100100000000100010
01001001011011010000100011111000
11111011110111111110011100011011
01000101010110011010110010011000
11011111000101111111000100001111
10011010001101000100110111100101
10001000001100000110101111001100
00101110010010101100011110110111
01101001011100110011010100111011
00111010001001001001010001001010
11111101001111100101110001010010
10100001010110000110110101111111
00010100111000111100000000101011
00010101101100010100011111111100
10011100111011011111000001100010
10001010011001010100001101001000
11011001000100100010110111011110
10000101111110010101110011101000
00100000011011000101010100110111
01100011111111011011010110110010
01111010111011000001011110100010
10110101011110100100110010111110
00000001011000100010010110001110
10001010111110111011111110101001
00010110101011001000101110010011
10100100001111110011110101010110
10000011100001111100001101000101
01001100110010100011101111110011
11101110110010110010000101001101
10001011110100011101000001001010
10111111000011010110001011101100
10110011000011111100110101101000
01111000100101110011100101001110
11110001001011110100000001001000
10001011101110000011011100011010
11101010110100101001110011001001
01001011111010001010101110010110
01110110010111110100010110001110
10001010000110110001111111110100
00000011100011011000001000101101
01110110100011011010110101110111
11000100110111101000110011110111
00001111111001111001010101101111
10011100111110110100011001001010
00110101110000011110010100000011
00010011010010010010011010001110
11111111010101000011000010001100
00111011000010110011100010101011
10010110000000000001010110101101
10001010101110111010001001111011
00110100001001011110101000010011
00111101111010011010011101110101
00000011010100000001110011110101
11011111101101101101110000111101
10111000010011111011010100000010
00111100100110010100000101000010
01001110001101010001101101110010
01111111000000100110110001001011
11110100110111001011100010000110
10111110111110010011000010011101
00011001110100111110000111000111
00000011100111010110111000000011
10111101011100001001010100100001
01100010010010010110110001010111
11010000000111101010010100101101
11001100001001111011110110111111
00000011001001111000010001100001
10010101110001101001100001000000
10010010110100000111111010001000
00010111100010001110011101110001
01111100101000011001111111010101
01100111001000001000000010001110
11100101011110100011110011000110
01110111111000111001000111100100
01101011001010100111010110000001
01000110000101101000001111110110
01011100010111010001101010000100
11000101100010001001100101001100
00000001111111110010001110110101
01111101011101011000110100100110
00001101000111000110010110101100
11100110000100101111111001011101
01000011011000101000111010110010
10111100000101100110000011100101
00000100110010100010001010000001
00010101110101101001010011100010
01110100100011001111010010011000
10111101111011000110001001000000
10111100000001010111100110101111
10011000110010000110001001111000
01010011110011001010011100000000
10111001001000001010001001001101
01011010010110001001111001011000
00010011000000001010111001101110
11011101101110001000011110001110
11000001100100011100111001100000
11111010001100011101100111100110
11000101110101001010001010110001
00010011100100110000011011101110
00001000110111100010110110000111
01011011101010010100100111010101
10011110100001101010111000110111
10001010111111111010001100011111
11110001010011111001001000101101
00100001000000101110010000101000
00101011100000000000000010100111
10000110111000001110110101000011
00010100101101110001101101001101
11101000101001011110000011110101
01001100010110101101110011100110
01101111111010000110111111000100
10001110001100100001011101011110
01000000010111101011111011001111
11101110100010010100010011010111
11101011101001001010100101000000
11011001001000101001100001001011
01010000000110100110011011001101
00111010001101000110010011000001
10110001110011100011001000100010
10111100111110011100110000101110
11000110100111111011011101100000
00100100111011100110100010000101
00011001111001111000101111100100
00000101000001001011001001010101
01111010001110001011011010111011
10110101010111111101101001101010
11100000001111010110101001101001
00010010001000111011011101111110
00100010000001111011111010011000
01010011011000001110000110010100
11000000100001100011010001100101
11011010000000001010110001001100
00110110110001111101010100001010
01001101001000001001011010101100
11101111011100010000100000001111
11011011100110011000001100010001
10101011010011100110010000000100
00100010101000111111110101100001
00101000111011001111111011110010
11110001111111001100110001001010
11001011010011000000011011010010
00010101001101000111101100111011
10000101111010011110111011111011
10111000010110010111010011100011
01110110100011100101110001000101
11110010000000110011010110110101
10101001011111011111111110000110
10010001001001000100100001010000
11011011001110011000011100111010
00110011010101111001100100001010
01100010111111101111110011111001
00000110010101101100101000001100
00000011111011111101101111101100
00010110010000011010101010101011
10000011110011111001111011001000
01000101000100001000011101100001
00100000111111111000010000101001
01011101110100101101111101111000
00000111010000000011011100010011
11101000011001001000111010011011
01010001011110001011101111100100
10100101011101001010001000010111
10110110110011000011001010000100
00110101000111011100111111111101
00101010101011111111110011111100
11011011011101001100111010001010
01000000011010011110000101100010
10111101100001010101011110110010
11011101110011110000100000010110
01011001100001110100010100000101
11011010101001110000001011000101
11110010100100011001011010100101
01111010010100011011110110010100
10111110010101100100101110111110
10001101010110000110110110100011
10100100101110011110011000010011
00110000000111100010111110101100
01010001000010100101001111100010
01111110011010110011001110101010
11000001111011110101100101001111
00010011010111111010000010100111
00111110111000100100010111011101
00100110010010111111110101101001
00100110110000001010111010000001
11101111111110011000000111101001
00000000010001111000100001000111
11100111100000100001011111110101
11000100100100110100100011011101
01110100101000101100111111110101
11111110101000111110010100000101
01000110010010011100011001001001
01010000001011001000110001010110
11010100010101110110011001100111
10111001111100111110001110101111
11010010011011100001001101000000
10110111000010111101111100110010
10010101000100011000000111101110
00011000100000101011100001110000
11101110110010011001100111100000
10100101001100011111101000101000
01111110000101111100110001010000
11001001000001100111001100110111
11001001101010010101001011010100
01101101010100100001100001011001
10111111010100001111011111100001
11010111011000001101011110000100
01001111111111111101010010010001
00100101000110010010100101010001
10001100100010001010110010010101
01100110100011111110100111011011
01101101011111111010010000110110
10111001010010101110001111111011
10010011110011011111010000011001
00000111111100010110011010010000
11101011100010010001111111010111
00000110110011001101110100111011
11101101011100011010111100110011
00110110001000000010000010000101
01100010010010100110000011001110
00000111100011101101000100000111
01111110001100100100001011111000
11100010010000110111110001110010
11111111000001101000010101011110
00010001110000100111100001010100
10001101010110000011000010110000
11001101101111011101011010011010
10010010111011000100100011100000
01000100010110011000011100001001
00110101110110001010001010101101
00111000010111000101100000100010
00000111100100010000101001101110
00111001111101000001101101001010
11001100110111001100100111101100
01011001111001100001010111011111
10001000100111110011001101111011
01100000101101010100010000010111
01010101101110110110110101001110
10101110011111101111011001010001
01111100100011101111100101101110
10111001111111011100001101101001
10001010100101011110001100010100
01000001011011011001111001011111
00101001111011000011001110011010
11000001011001010100100111110100
10110010101011111101100100110110
01101001011110110110100100011110
11110011001101111111011011101100
00111001011000111110111001100011
00111100011111100100001010110110
11111101000011100101101110000011
10010100101101000101010101001011
10111110010000111010010100000010
01110110010000001101111110111111
01011000101111010001111010001001
11000000101010011000101100000110
11011101001000111001110100111100
10010111010110010100110110010001
01000100010101001110010100111000
11deg=19937
count = 32524
MEXP = 19937
seed = 1154670298
search limit degree = 32
now search 1 times
count = 10000
count = 20000
count = 30000
count = 40000
count = 50000
count = 60000
count = 70000
count = 80000
count = 90000
count = 100000
count = 110000
----------
