succ = 1
deg = 19937
POS1 = 133
SL1 = 6
SL2 = 3
SR1 = 19
SR2 = 1
MSK1 = bfffeffe
MSK2 = adffeefe
MSK3 = f7f77e3d
MSK4 = ffbffebf
10100011011101110010001101000001
11001110110000101100100100001001
00110111000101010000110000100101
00001100101000001100011111000101
10110011111000010110100000001110
11010011101000011110101011000010
01011101101011000100011100001011
00101011010011111111001011111101
11010010110010100110000110011011
11111000111111100000000111010011
10000011010001000100111111000011
00001011100100000111011011001110
01110010100011001011001001100101
10100111100110101100101110111000
00011110110001111111110011101010
00101101110111010011101011101110
10101100000110011000010100000100
10001010000111001010000000010111
01000101010111001101010010011110
10100000111010010101001110100010
11011100000100110010010011010101
00010001001110001010110010100010
10000000111000110011101010101111
00101011010010010100110100100011
01000100110111010001111001110111
01111101011100011000000000000110
11010001100001000000110101000000
01111110010011011111101101111111
01101010111100110111111000111001
00001111000101001110011000110100
11011100110011100101111100100110
11011001010111001010110011001000
00010010101011110001110110010100
00000110111111101110111111001101
01010110000111111110110000101010
00110011001010010010001000110100
00100001010011010110011010011011
00101000101111010101101011110001
01010111000100111011101100000010
11000011001111000000100001001011
01010001110111001010100000111001
01001011111111010011100101011111
10100111010111011001001010101000
11001000110011100000110001001001
10011111011110010010011101011010
11010111101000001001011010100011
10101000111111110011111010011111
11111100100001101110001100111000
00011011100111100000001010111101
00101011001000000101010101101101
10111111101010111101100100011111
11000100110110101001100101101001
11011101001011111001001000100100
11110101001111110100110000101011
10011010011111111000000100101100
00101100011010111101010000101100
01000101010010001110100110110011
11101000010110000010100110011101
10010000000010010000100000110101
00011000111010000100011001100000
01001100000110110010000101111000
11110110000010001111011011000010
11100001110011110010001000101110
00110110010001110111110100110000
11101000100011001000100111110101
11111110001010000000110011010010
01110010110000010011100010011000
01010000000110101100110110111101
00100000110001101110000110010011
10010100011100100100000001000011
11000001100001110100010001110100
01101000011100100111000000100111
11111101001000010111000011100000
11001110011011001010000011101111
01100000101010111100011101000011
11000101000000110010100001010101
01101010101101110000101101010100
01110111111010000110100000011110
00001000111011101010010000010101
11101110010010110100100001011100
10001010011010100010110101101011
11001101110000010111011011001010
01010110101101010000110101100111
11011111010010010000100111111111
11000111000010100111111000000001
01110010010101000110100110011100
00100100111001110000111001010000
10101101110111110100010001110111
00010101011100101001101001110001
00110111100001011101101011100010
11011110110001010001100100010000
01000010111101001011010000111101
11100001111101010001010011100110
10111110010001101000000100011010
01000110101100001110100110011001
10111111101101110001100111000011
00001010010100000111101011111010
01011110000110111010110000001111
11111100001110110100010101100111
01110101110001000101110100101110
11111111011110011110111001011110
10101110101111001100100111110100
10010111000011100101000100111111
00111001001000010100000000001111
11000111101100011010101000010110
10001001111000000111001001001101
11010101111011000110111101011011
11000101010001100110000111001001
00111101101011100100111011011011
10011000001110100101111011000110
11010000110100101100110100100111
01101101111100111110110010110100
01101111111001101001010000101000
11010111110010000110101011000000
00010100111011101101000011100010
10111011101001111000100001011000
10111101100011010001001100110110
01011111001011100010101001011111
11110100101100010010010111111100
01011001101000101100101011010001
00111000101000110001000011001001
00101100100100100010100110011111
00101001011110100110101111100110
01101010010010011110110001000011
11100110111101011101011001010001
01110001111001000100100000000001
01000000100110111001100000110110
01100100011000111101111000000001
01011111101101101100010110000011
11010100000011110100101110110010
01010110100110100001101010111101
00010110100011000101110110011001
11110001111111011011000110000000
01000100101010000101010111000100
00110010010110000101010001111110
00101111010001001100101110001001
00011101001001011011001000001101
10110111110000101000111101000110
11010111111100001101101001011010
11100101011101011100110101001111
00110110001001100010111011011111
10010000011001010010010011100110
11010001101101100001100000110000
01001001100100001000011000011111
01000110100100111010010001011000
11010100111111101001111011101101
01101111010100001110001011111111
00001100010111000101001110100110
11110100101010100101110111010101
00001011001111101111110010101010
11111011100000010011111101011011
10111110111010100100111001110011
10110010001000110100010110100110
11011001001110001100011010110111
00011110000100100010101110111110
00100001101011000111110111100110
10000010011101101010000110010000
00011000110010110110110011001111
00010110110111010000111000001011
11100111001001111010100100001011
11011110100000011110011001010010
01000010000010010000000101000000
00000011000011001000100000001110
11110011010001111110000101111011
01000100101110011010111100100110
10011000111100011010001100111000
10101011101010010010011100001101
10111001100010001011110111000110
01011010111100101000101010110110
10001110011110100000011010110010
10100000111101110000101010001001
10000100110110010010111001100101
00010101100010011000111011010001
00100011110110000001110000010110
00110111111001100000001011010100
11001100110111101000110001000100
11100001010110011010011011011101
01000000101000101001100100001101
11110110011001011001100010001110
10111100011111001110000000111101
00010010001001001001000011110111
10100010000110011011011101101101
10011001100011011000000111100111
01101111000001110010110000111110
11111101101001110000111000100010
11010111101110010001100100101001
10100111101000101001011010110101
10110000101000110010101011100000
10111100101101000010010011101001
01110110100111011000001000011010
11110110111100110100110000110101
01110100110001101001101100110100
01001010010001001000111100010101
10100010110110100011100111101011
11000000111010101100110001000111
11000011101100100101010100101000
01011111010110101011101110010000
01101110111011100101011000011110
01001110110110111111101011000010
10101110010010111001100000110000
11011000001001110011001011000110
00011101011111001100100110011100
00000100001000111100010000010100
00000001010011011111101001101001
10011101101101000000001010001000
10101010101110010111000110010010
00100010000101111001000100100110
10001101101101100100101000100110
01110000011101100000111011111010
11110000111000010001000010011101
11010111110011111001110101100000
00110100010011110101110101101100
01100101100101000100100110101001
00010100011010011001001011000100
11011100101011111010011010111001
00101101010101011111110101000010
11011010010011111011011000000100
11011111001010010110000011010010
10100000100010001000001111101010
11111010000100011101000111100001
00010101101000110011111011000110
01101110011001101010101100001100
11010011100010111110110011111111
11111001111100110111010001111110
00100100111000001011111101011010
10101011111111001011000010100111
10001000000010001101001011101111
10011000110101100110000001011101
11100011101000101000110001010011
00100110111110100000001111111000
11001110011000001101011001011110
10000101000100111101101011010010
11011101001101001011111011000001
11000000011010101111100101101111
00100111011001011000000000001100
00111010011010100011010100101110
10110000011111110100110101110101
00010000010001010011111000001111
01100110110010001001000101010001
01011110001101011101111011000010
10111110100001000110010010101110
01001111011000110101011101011000
11101001101011010111001111001001
01100110110000010110111101001111
01100001010011000111011000000101
00100110000110001001000010100011
11000010010101110010110110010100
00100011010100011001101111001001
11010011111111100101111010111111
01000111111011111110000110011101
10010100111010011001111010111011
00011011100110001100111110010001
11110001001001101111111110011010
00001001000111010001001101101110
01101101000001000101111111001111
01000111111101010110111100010100
00011001010001000001011010001100
10011010110010110010000000100011
01011000111000000111010001011000
01000010101001111001100001011010
00010011100101010100110101011111
00011001000100100001101000101101
11100011100101000010110001010111
00011100011110010110011111110111
01011100100000010011000001011101
11101101110101101100111010000000
10111010111111110010000010100011
00000110110001110000100110100000
11011111101110100001111101101011
11111101011010001010110100010100
01001011001011100000110101011101
00001111000011011101111100000100
00100001110011011101000111011000
10000001100111111000110010100010
01100100100011000010010010101101
10100100101000011100001100100011
01010000010101011101010011011100
11001010011010101001111101011110
11000110110111110010110111000001
11101110000100110111000010010000
11011110000100101111100101001001
11101100001110101110100101110110
01011101100101111010010110001111
10001100100011110010110000110100
11000010010011010111111000111101
00001111000001001011001000111011
10111101011101100010100000111011
00101001001111110110100000001001
11111010011010000001100011110110
10101010111011100011001010101100
01111001000000001101010011110001
10101111000010111111000000010011
10110100011001011111011111001101
10000101011101010111111111011101
10111110100111011011111001100010
10101010011000101001110111011001
11001000100011101011000011011110
10100001110111101011100110000010
10111110110010001100110001001101
00010100000000011101000010011010
00101111111100010101101011010001
00001000011010001101111000110011
11111001001011111101010100111000
00110111000110000000011111100101
01110000111000011010100000100011
01001101100001111110100000101001
11011000010010010000000111110011
10000010000011000111100000010110
00111101111110001110000110000011
01110010101101100110011011101001
01011011111110101100011101000010
01100110011000000110001101010011
00010101011111001101001110000011
01101001010001101010110111110100
11010011010010111110101111101010
11000110111001111001001101000100
10010011000011111111001001100110
11110001100001100100110101011111
10110010000110010100110000001010
10001011010000011110100111101010
00101100100001101111011010101110
00110101001101011010101100100101
11100111010010100011101111100101
00011000100111011101000001001000
11011110101010011100011000010000
11011110100101111010101101110110
00010011010010010011111011011111
01001110101011111010110111100010
11101100010000100000101111101100
00110111101010100101110101010010
00101111110111010011000001111011
00000011010110001000100000000010
01111010111111000001100011000000
11011001110010101010100010110101
00100100011011110000000011100111
00001010001001100101001111011010
11101101100011001000110000100111
00001101101100010111000111111010
01100111101001001010110001000110
10010110110111111111110110010110
00010011010110100010101010100000
11010111111110011001101100100101
11111010110000000111001000100100
10010101111101000010001011010110
00000001100001011010100111100010
01010100111111001111100110110001
01001001000110010011011001011100
11000100101101100010000101011011
00001110111001011101010101001011
11000101100001010001011111000111
11001101111000111100100000010111
11010010011100100100101000111101
11101001001011111100101010001010
11000111010101110110111001001111
00100111011111111100011101001110
01101110000100000111001110001010
01000000111001011010101110000100
00111110011100111001001010011011
11010110001010001001101001100011
10000111000001110111111110101000
10100111010011110001101100001101
11000110001100101000001110111000
01111000000100001010111010111100
11010001100100101110001011100000
11110001111001011000111110101000
11111101111011101101000111110111
00100110000010010001000000101111
01101100011100010100100010110101
00111110000011000011000001110000
11101111110010100100111010001111
01001001010000001010111111011000
11001111000001010110000000101001
00100001100000100111100000000100
00111000110101101110011011100000
01111010000001110001011000100101
01011010101001101101011101011000
10001000011001110100000101110010
00000111100000000011001110110110
01100000110100111100000111001001
11111000001111010110100010110001
01011111001101100101000100010011
00110111010111011111010101010110
01010100001001101011010101111111
11101011110100100000011001101000
10101001101101111001000010001001
01011011001101100110001011011100
11001101000111110011000000111011
10010001101111110110001000010011
10001110011101100101111100111100
10100111010000010110111010101000
00001101000101100011110110110100
00000110101101111001111111110110
10111000110010110110100110110100
10011000100101000100111011101001
01001111110111001010000011000101
11110101001010100000010010000100
00011010110100100110100001110111
00011101100110000000011101000011
01010000011100000111001110101000
10100010011111011110100101101100
00111100101111011001110100010111
10100000001110000000010010100100
00101010001101010110100011000010
00001100011101001010010111000000
10100000001000100110110111011010
11001000100010001100001100010111
00000010011000111111100111100010
00000110111100011111101110110101
00110100000010101101100101100000
11111000111000110000001011001110
11100001011001000111001101100001
01001100110101101110111001010111
11000111101010001001001111101011
10111111110110100011010110010111
11000001011101000101100111111100
10101010110101101111011011100111
00100111110111001001100011110000
01010011111010111001010000010111
01101011011100000101011001100110
01001100111011100010010001111110
00100001100111000000111011001100
11101101010000001101001110010101
11101000101010010100111110100110
11001100101101111001101110110001
11001001011010111110100111000100
10000111101110000001110111001000
01101000111000011101000011011010
11001001011100110000110011000100
11000111011000110101011010000110
11010001000101100000101000111111
00000010011110010011010110110010
00000010010011111010000011110011
01011000000010001001101000000100
10010110101111101000101100111110
11111000001111100110000111001011
10100110011101000000010110111111
01001100101101001100000001000000
10010110110001000111000110111111
00010010010100011010010010001010
10001011010111110111011000110001
00010000010010101101000011000001
10000011001101011101100000110001
10001111011111100101111000110101
01100110101100100100010011010101
11010011110101100000000100011010
10100111100101100110000010011101
10110100001100111110001001111001
00110101101011010101011101001111
11011001011000001001100010110000
10000111001000010110010111000000
01000111100100011100011110111110
00000100001001011001101010100000
10010001101100110101011001111101
10001100001010111100000011101100
00000001100001101010000001000111
11011111001010010110001010010010
10011001001010010011101111100100
10000000101100000111011101001010
10001110001111001011111110000001
01010000111001010000010001001011
00001000010000111010011010000001
00000110001100110111101001001001
10100111010100110110101010110100
00011100101100000011001111100100
01110101101011001110101110010011
00000000101001100101100000001101
10001011001011000110110000001110
00100101000100010011101100101010
10100101011001011001110011100100
11011110000011110110000100101010
10000111000101010101101010011100
00110010100010001110111111001010
10101010001100011011110001101011
11100010111101100101010001110110
11100101111111111011010001100101
11101111101000010011101101101010
00110111110101011010100011010101
01011110010001011010100101000111
10011100011011000011010100010010
01001101111001110010111001100110
10101101000001000001101010010001
11000001010100100110110001100001
10011111101100110000111100010101
11100101110001110010111001101011
00111110011101010110001111010001
10011000011001110100001110110011
11101110010000101100101100000011
10110001000000011010011111110001
10010001000010000100011110111010
01010100110010000111010101011111
11001111100010010000000111000001
10000011110101110001111110110100
11100000101111110111010111110001
00101111100001011000000111000010
11011110101100000101111011010101
01100110010101111000000111001001
01100000101010101011101011100101
11111010011111001101110001010010
11101101100100011111101100100111
11000000001000111111000001111101
10000111011110111100101100100001
00001111110111101000101011000110
11110101011100110000000100111000
11100111011010010001110010010101
00011101111000000101000011010011
11111100110101101001101011000011
10001111101100011101111001100110
10000111011000010100100100101001
11011111001000011111010111011000
00111010111100110011101100110110
10111101000110110011000110101010
10100010000110000000010101110000
11100110011001110010011000110010
10111110100110101110001101110010
00010011000011111100100011010100
11010011100001001100111000011010
11101010110011110000101110010010
01000100111110110111101111011100
01111101010011111000101111011101
11001011010011100111111110101101
01110001010101000001110010110101
01000100100011011001111011101010
10101101101111010010100010111111
11110110110010101111010111100100
00111100101000110011011100011100
00000000000000001110101100100011
10001100101101011010010110100000
00111111111101011011010000101000
01100100111100101000010100000111
11100011000011010101001010111000
01111111001110110111010111110111
11011111100011100001111011011111
01111101110001101001110001111100
10000010011111101100000110110000
11100111000101110001110011010011
00010111101001001100001010011110
00100000111010111110110001000000
10110001001010101000101010110110
10111010000010010111100000101010
00100011101000011001111110001111
00101111110001010101101101001010
01101001111111101001111100000100
00010110001000011001101111010100
11100001000011111100000110011010
00000000111111011100000100110101
01000100111100111110011111010111
00001101101001000111011111010000
01100011001001100001111100101000
11100110010111001110001110011001
01010111001110011000000001000001
01110110001100011101001111110101
00000000000101100000011000011010
10100101010100111011111101001001
00111111111101111100001111011010
00111100001010001110011011000000
00010011101001111110011110011111
01100001010110111111010010100101
11001010011100111110101011101001
01111010001001010010010010100010
01100100110110100111111101101111
00100111100001100111101100010101
01001000100101111111011110100010
10110111110110010111010010010001
10100001100100001111110101000100
00110100011101100100110101010011
00011010100001101110011110111110
00111110111100001001011100101011
11110101111101010110100011110110
10100000101101011100101001100001
10000101101011100000010000101010
11010101011011111110000100101001
11000110010000101011101101110110
11010100001101001101110011100000
11011110101100100000010001100100
10001000111111011010110111101111
01011111111000101101101100101100
10011100010010000110110011010001
11010000011111100000101001011101
10000100011100011100100010100101
00001111110111011100110100010001
11100010100011011101110111010010
01010001100000011111001101001110
01000111100010100110000110000111
11110101110001001011001011000000
11111100100100100001111110011011
11010110111000100110100100001100
10010000011100110111110111011110
11000110001000010111001010011111
10010110011101100011000001011010
00010111101011110011000100000100
00001110101010111100111010010111
10001001010000011000110011001100
11100000101001000111110110010001
00101111000001000010011100100110
01001001011111110010011001000100
10101011011010000101010111000001
00011011100101100010011010110001
10110010100010001000111000010010
00001110010110011110111010011101
01111100001000010100010001100110
10101101011011011101011110111101
00001000101110011100010100000011
10011000110010111010001100001110
11011000011100010111001100101101
11010011001111011101101010100010
10101110001001100110010011101101
11010101110000111000110101000100
00100011010010001101001000011010
10101110000111111111100110101000
10001111100100011001110110100001
10111001100111001000011101111010
11111101010010000110100010101001
11110010100001000000100110001110
01101010010011101100010100100110
01101110010111000010101010100011
01111100000100100001011001101011
00110110011100100110000100111001
11010100001111100110011000000110
10000100000111101000010111000011
00111010101111001101010101001001
10000010010100111111101110101110
10101010101001100000000010111101
00001001110101001111011011010001
01deg=19937
count = 124232
MEXP = 19937
seed = 1154215695
search limit degree = 32
now search 1 times
count = 10000
count = 20000
count = 30000
----------
