succ = 1
deg = 19937
POS1 = 97
SL1 = 14
SL2 = 1
SR1 = 11
SR2 = 1
MSK1 = efdfceff
MSK2 = eddffdff
MSK3 = efdfef7f
MSK4 = ffb7ffdf
10110010001001100110111101011111
10110000110100111000100100011101
11011011111000111100101010100000
10001111001100101101111000001011
00101011011011001001101111010101
11100001100010011111110001101011
10101000101001101001000010011101
01000000100000011110111100100100
01001111100001101100010110100100
00010000011101111111111111011110
01101010010111100101010101111111
01011001001101111101111001001100
01010111100110000110101100111011
11010011011100001011010001111111
10110000000101111100011100011000
00010001111110010001001000010010
00010010000110000001011000110010
01001001100011100100111111100110
00000010001001011110001100100101
00010111001001010001100001101010
01011111101101111000101111111100
01011010000101100000111001100000
11111111011000001100011001100101
10110101101000110000111110101011
00111101111000100101001011101010
10111000001001100100011011010100
10111011110111110000100110000111
00000110101000111111000100110011
10101100101011110000101101100010
01110101010101111001000010100111
00010110100110111101011111001010
01111111110000011000011000010110
11001111010001000101111000011101
00000111011111100010100111001100
01100110100000011001101110110001
10111110000101101110010010101011
01010001110110010010000111000011
00111001001111100111101001001100
11011100000101110000111010001100
01001111110001011001000101011000
00011101010011110111001111011011
00100010110111111001111110101101
11101001111011101000011010010011
00100100101000101100010001100111
01011110000100100001010110110000
00011001111011000010011101101100
11000011101110100111000000000110
01010100100011010101011111111000
11110101111000111101000101000100
10111010001110110110001010110010
00101110010100100100000010100011
11001011001110100101011000010001
00001010111100011110111001001100
01001100000000010111111001010110
00010010001100001010101010001010
01010111110010010011001101111100
00000111010101001010110101101010
00101101100011100011001000111011
11011100000010110111100100111010
11100100000000001001111100000100
01101010001100011111001010111110
00000011100100100001101101110100
11000111001000000101100111010000
00111101011001100111111011111001
00111110111001111011101010110000
11110111111010000010101000110001
00010100100011001000100001110100
01110010101000110001001010100110
11001010010101011001001110100110
01010111101000101001110001011000
01010010110100101000011101010100
10011011011100101001001100001000
11001111010111011100101010000011
11000010000010001101110110101001
01101011111100110010101111011101
10011111011010001111101010001100
11010011000011000001010001111011
10110101011110110011101100010011
01010000110110001010101011111110
11111010100000011111100111001010
00110101110101010101101000000000
01110110100011101001010000100100
00011110100111111011010111101111
01101000011010111101001101010110
00111000011111001101010110000100
01000101000010111100001011000110
00111010000111111011111011101011
11101100001011001110100011000011
10100101011100000001101101011000
10010110011000000111000000001001
11010001001010010101111100011001
00110110100001011100000010101110
11011101100110101110011110101111
01100100010100001000110011100000
10001101110010000101100001100011
11011101001101000001001110110011
00110111111001111111110011110011
10101110101011100100000100011000
10110100111000000000010111000110
00011010110011101011101111111110
01001100100001011011001001010001
01001101010011110001001010010110
10011111111001101001001000011010
11001000110111111011001011110000
10111101011000010110111010011101
11011011010001011100100111100110
10000001001110100011010000100011
01101001100001101001110000000011
01101110011001110100011100110011
10011100101100110100100101010010
11011111100011110110100111110110
00101111011000001111100100000111
01100100100110011101101101011000
01011011011001101000010110100001
11010111101001111011011111011001
10001011001111101010001000011000
11001110011001010110111000111110
00111110011110100100100111110011
01010101011100001100011011110011
01011101110001110000111110011111
10110111100011001101000100100000
01110000000001010110000110010001
01101011101110101000100010111001
10010001100001110001011110010011
01001111111010100001111101101000
10011010110111010001001100001101
11100000001010000010111001101111
00101111001010110100000100010111
01100011111100000101010100101001
00111110001110101001000110101101
10111110001111110000110110100110
11001001101000110010010111010111
10101000001111111011010001101010
00010111111100001010011100101001
10011011100000101010111000100000
01001110011110010111111000000010
00100101111011001001000010100110
11101101111000110111010001010110
01010010001000110101100101000111
11010001111110000101110001100100
01000000000111111100011011010010
00000111010011101111110110001111
11101111101000111011101111010111
00011001111010011111101111011111
01111110110010100011001010100100
00010101111011101000101101010010
01000011001001000011101111001001
11101001100101010010001011011110
00011010100110000100110111011000
10101000011001100001100100111111
01100000100010010101001111101010
00010111111110001001110110001111
01110011000110010010100101111100
10101001111110110101100010001101
10010110001010011010100000010100
11111000011110110000000100111001
00001111111001110000110100011011
01001001001111010010101111000100
11010110100000101001001010010000
01010101010000110100110000010000
01101001100000111000111000101010
00110000001010001011010111011101
10111010111101000011010000101011
11001101001011100011001010010100
00000001100111001100110000100110
00010001100101111011100011001111
10110100100010000000110000011011
10100101011100111111011100110110
11110101010011101111000110100010
11100010000010011010110000110110
10100101011000100101100000110001
10110110000011011000111000110110
10010111000011101000010110110111
11000000110010011100100011000111
01100011101010011000110010110100
00111101010000100001101111101001
11010011001000110001000011110011
01100011101101110000111111000110
01001111010111111101011101111011
10010010110011111110011101001101
01100111001100000000011001011011
01001100000111001001000000011010
10010001110101101011000010001010
11010001011100001011110011010010
11101101010101101000100111101100
01110110100001011010110110001011
01110111111000010110001111011000
11010100001111100011101011001011
10011110011010010100001100101100
11011010111101011101001110000100
01001111011001110001101011010011
10000011110100110010010111100100
01011110111111101000001011001001
11110011001001110001010001010001
10101101001100001001110111111100
01100010101110110110100011111101
10001100000001100001100011001110
01110100100001011011000111000011
10001001100101010010111001000000
00000110101101100001110010100001
10111001010110011110110100011001
11010010100101110111110011001011
00110111010101111011001110110000
10011101110110101110111011011110
11000101010001011100001101011000
10010111110011001111001111010011
00111000011110101101110111001111
10100110111011011001100011111110
10111010111110110100010101010011
01011011000001100111110000111100
01011011010110110011011011011000
11110110101111110000001110100010
01110110001011001000001110101110
00001011011111001100010011110000
00011111011111000100100110001101
10110010100100011110101010001000
11110010111111001010001111100001
00101010001011000111110101100010
10001100010011101100011100100000
10000011101001011000101110011010
01010010111001101001000110001001
00000011100001110100001010110110
10010100011111111111110100101010
10000000111011110011001101111000
11110111100010010010001110011101
00100100110110100000011101001011
11101111110011001000111001100110
10100100111111110010101100101100
01101101001101110001000111000011
11101000011100010110110000110001
10111001111101011101111010100110
00111000110101000000111111001110
00000011001010001101011001110101
01001100000000101000100000011001
10100101111001101010000100001100
00111001110101110000111001000000
10001011110000100101010110101111
01011001101010110011110001100110
11001111110101101001111111100110
00001001011010111011100010010101
01110011001000001100111011110111
11111001110000000110110100100101
10001001010101010110010110000110
00111101110011001001111110101010
01000110100101011010111001000110
11100010011111000010000111001011
01011011100111011110001000100100
00000101111010111011110010111011
00100000011111101011110011010100
11111110001100110101100011001110
00010001000110101101110111101101
00011111001001001100010000101111
11100000101101101001100111110011
01001110011010111100101110101010
11100101011011010000010110011100
10010111100001101101001010001011
10110010100011111111111000000001
10011011100100001011110000000011
01100010100101011000101111110100
10011111010101010101111101101100
11100010100100101010101101000000
10000101101111110101010110001100
11101110111000010100111101010111
01110010111101111010011000000000
00111101000001101000110001101011
01101011011110101111000000011010
01110101110000011111110100111111
00110000011011011000000100110010
00110000101011101000011011111110
11100110111111110100001100101000
11111100011011001100101100100001
11010010111111111111111111001110
11100110011000110010000101111100
00110110010111010110100000101000
00110101010100011010011111101111
11011100011010111111111110010101
11110111011111001001101000000111
00111001001011001001000001100011
10111111101100000101000011110010
01011000111111010110111111000001
11110101100101100011100010001101
01100001111111100111101100010101
00011110010110010111111111000001
11111100111011111001000100011011
10001010000100011000010001101100
10011100000100001100100001110111
11110010100000000111001100010100
00010011100011101110000100101100
00110011011001011100101110111011
00011011000011101101101110011111
00010000111111011100110110010000
01101000101010111100100111000100
10110100000100000010001010001000
00000010001111011101110001100100
00111011100010101101100111001100
11001010101001101000111011110010
01000101000010101110111011011110
11011001010001001001011011011000
10110101100110000011101111000110
01001100001100001110001101111011
11111111000100100110111000010101
00110011011110001001111111000001
00111101101001010011111000110101
01100011010010111111101100000111
01110010011100101011101100111010
10001110110101011100101111011011
10011111011010001001101011001100
11000000011001101011110011000101
10110101010011010101001011110110
01101101010111101011111000101000
11010001000000100101001101110000
01111001000001011101101101001101
11101011000010001001000100111101
01011110100100100101110000010111
01001010100011110000101111110100
11011000010100011000110100010001
00000010001101011001111100100011
11011000000000011111000111011110
11010000001100100111110001001010
10110010001011000101010001001100
00001101011010100011011101100100
11011001001101110111000100010010
10011010111110010011100100001010
01111001111001101110001001100010
00000111101100010010011000100010
00001000001111000100001101010001
00110011101000000011000000101011
11000001001101010100110000010101
11111111011110111111111111111110
11110001100011000111000110001101
11110101100101010010111110100110
11101111001000010100100101000011
10100100010101110011100011010010
00101111011110011001011101001010
00110110000010011101011101000001
10100100010010011010100111011110
10000100000001111100110010001110
11011100101110010010111000111101
10011111111001100011011011111010
00101001101010010000001100110110
01101000110101001100000100111110
00110011000001110001010011111111
10101111100110010011001100001001
00110111010100101000011001000100
00110000000000000000011111010000
01111011011000010000111000101110
11001010111000010010001101111001
10100100011011111101011001111111
11000101010111111010110011011000
00000001100000001110110010100011
10000110101001110000001101010001
11010100110011000000010011101001
00100101100101011000101110001000
10011010110010101010111101110111
10010111101010010111101100011010
01010011000111010111111010000110
01011101100110001110011001000011
11111101001000111111110011000101
01100101110010000010001111111000
01100011100100011000010011111111
11100011011001111010011100001110
10111101100101010000111111011010
11110010001110010011010111110100
11111000000010011001110000011100
01001100101011000010000000001011
11001010100110100111100111010001
01101010101010101011100011100111
01011000010010100110101100001100
00010011001100001100011100001001
10101110100000011000010110100010
11010000001100000111100010010001
11110010011001101110001101011000
11110010100101001101001100010000
11101011101010101100101000010110
11110101000100010111001110010000
01001110101000110000000111011101
11110011100100100010001011011011
10101010100110101010010111100011
00010001010110111100111001000010
01001010010100001010010001111101
10110111100011011000001111100000
11000111101010001100101011100000
00010001001010111001000001111010
00000010000011110100000010101000
01101110110100001010110111110011
10100011111110000000010101000101
00001110101011111000000011101110
01110000001011000010111111101100
11101010000111100010101101110011
01010011100010010001101101111011
00001101101101001101111111001101
01000010011010101000001010010101
10000111101001101110111111101010
11101111100100110101100111001010
00110111010000110101100101000111
10001110100000011010010010100011
10111011011001110111000110110011
00100001010010011001110101101111
11100110000011000011010000111101
00001110110011000011011010101111
01100111001101111101110001111011
01000111000000110110111110111001
01000101011011010000010110010110
11100111011001111111011110000111
00111011110000010011111111100010
01011010100010000011101101101101
11001110000000110001110001100100
10001010101001101100001110000100
11101000100000111110001010110110
01010111111101011000001100010110
10101010001111001001110101010110
10110001011100110000101101010110
01101011111100110100001101000100
01010100001001110111011000011101
01110000000110100101010011110110
00111101110011000111110110001110
10011010100111100010011110010110
11011000101110100101100111111001
01000101010100110110011000100001
10111100110010010110101001001000
01110111101100001010001010010100
11100011000101100011110101011001
00010101000010111111011111110010
01110000000100100010100001110110
11101100011101101000001000101111
01010110010101001010111001000101
01100101001011111000000001010000
10100010111000001010000100000111
10001110101100010110111101011111
01111111000111000100110111111111
10011101011010001101010101000110
01011110110100100100101010111101
11110100101011101110010010010010
11011010000011100101101010100111
11001110011010010110101000100001
00000000011010111000110010001111
10111111100111001001101000111010
10111000001011100101111011001010
00011100000000100010111101100010
10111100001011100000010000011111
11101100100100010010010011100101
00110010100111100011011101110101
11111101010000001101000111001111
11010011000100101011000110111101
00000001110011011000110110111001
01001110001001001010010011111100
11110100110110111010010101011100
10101010101011001110001110111000
10100010101010001011111000111111
11101011110110011101100000001011
01010011110110110000111011001111
11111001101101011001000010110110
00011010111101010010000001010111
10110000100101100101010110010011
10101011110011010110001111110000
00101100011011110110100110001001
10100011100011111000111001011000
01001110001101001110000100111111
11001011010101010001000101100111
00101110100100011100010110011110
00011111101010110111001011111011
00110111001011110000101011110110
00110111110010001011011100101001
10111100110000100001010000110011
00011100100100011101101111111111
10001100000001010111000101001000
10011111101000011001011100111101
11101111101000100100010000111101
00100101110010100110001110000001
10010010001111111100011010101100
01001111110101011001110110101110
00010100100011000101100100101100
10100111111101011111110011111010
00101011000010011000101101111110
10110111101100100101010011110110
10000010001100110000001100001011
10111011111101001101101101100011
00101110111110000101101111010001
00111011100011011111000011010110
00000111011001110011111000010001
10001101110010010011110000010101
11001011111000011110101001111011
11000010101001011111010101111010
10100001001111001001100101001001
11011110111001000100011010110000
00110011111101000100100001101010
00100100000000010111101010100000
00111001110001010001001100010100
01111100111101111110101101010101
10100010010111110001100001110011
10111011011101001110000011100110
10100010100110011001110001100001
10010011101011010101001011001001
01101110011110110100001001011001
10001100101110110101100000000110
01010001100011001011100011100011
10001011100111100001011100001101
00101110011010111011000011110010
01101101100001010010111000100000
10001110100111100001000111101110
00010011101000100011010011100000
01101100111000011001111101010010
00000111010010111001101010111100
01111010101001100001001011011001
00101110001000010110000100001111
10001001000101001001000000100001
00111110101100010100001101010100
11101100100010001001001110111010
00010100011011010110111000001001
00011101100111110001000001000100
10001111011000110111100010001010
01110101101110001100101000110000
10001011100101001011001110101011
10101111010011111100000100111110
00111110001101001001000101011100
11000000000011110001100001000110
11101110111101110101000011101100
00101100111011101001110001100111
10101011101010000001110110001111
01101100011111111000011101101000
00011010000000111011001000110101
10110100101011011101011100111001
10101100000011000100001011000001
11111111010001000001010011101010
00011001110001111100111010100100
01100101011110010011010010100010
01011001101100011111001100010110
11111000011010100111101100010111
11011101100010111001100010111001
10000100010101000100011101010011
00111000011010100000110110011010
01111100110100000001011110100100
11000000000110100101110010110110
11100000101100000011111000001101
01110101000110100000000111111110
00111100101000100111010000010111
01100000110011010000000111100100
11110001000100011110011100000111
11110100111111100001111111110110
00100111110010000110001001011011
01100101001000110110001100101010
10001000111011100000000101100111
11010111000001010100100010100011
11101010010001010111010111111101
10011110111010101110110010011110
00110000111101010001101100000001
11001001010010101111100000010011
01000000011110011000010110110111
01111011011010010100010101001101
10110011010110110101100111001110
00110000011000001100001111101110
10011011000100010011111011111000
00011100111100011110011010011111
10100101001101100111011101101000
01111001000000001101100000100000
11111110001001111101101001110001
11101011111110100011101111010110
11010000110111111000001010010101
11011001101000011111010101011110
10010001100000000010111001000110
00101000010010111001011111110101
00101000011111000110010100000110
11001100110100100000011010111110
01011000011100010110111111001111
11100100010111101100100101010101
10110011110011111000100011101110
00011011001011110011111011110100
00111010000001000000110101010000
00001111010000000000011100010011
00000011001111101000000011011110
00110000001111111000110010100100
10001111100100011011110010111101
10111110010011011010010000100110
11110101000011011001011101110100
00000111011110010000101001000101
10001100110010100000101111110001
00100110011111110101101011001110
00010001000000100100000101011110
01001100101100011001101100011001
10101011011010110101001111001111
10100000010000010010010011001111
10101110100100011101010011111110
00110000011111010100100101100110
00011000001001111011111001101011
10111000001010100100010000000110
01010001110110101100001010110111
11110011010010000011001111010001
11100100111111110010100111011001
11101000011100000101100101110010
01000010010011100011110111000001
01101101010011011110000111111111
01110010010010101101111101100001
10001010011111001100111111111111
01000001010001111010111100000101
01010110010101001010111111100111
10001110001100110001011100010100
10100110111001111110000000111010
00101000110010111000010111101000
01100001101000111101100000111000
10000100100101000111000001000110
01101110100001110110110011111111
11000110101000001101110101110100
11000000000000100111000000011000
00111001010111101000001110000010
01010100111010001100101110101000
11011011001010101010011000100110
00010000101011010101000000000101
11100111000001110101010111010000
00111010100101010001100010111000
01000111111000101100100011010111
11001100011010110001011000101111
00101111010101111001001011101101
10101010110110110100100110110111
01110000011000100101111111110101
11001101001000111110001110111101
10111001110011000001101101001001
01001111010110000001110111000010
10001111100010010101011101100100
01001000010111010110011010100000
01011111000001111010010101001110
00100010101010011101011111111011
01111101100010110011001000011000
00000111110001101000101001110000
01deg=19937
count = 30521
MEXP = 19937
seed = 1154253371
search limit degree = 32
now search 1 times
count = 10000
count = 20000
count = 30000
count = 40000
count = 50000
count = 60000
count = 70000
----------
